1 1 14 0.0060 0.4373 0 0 -5.913 31.928 -6.676
1 2 18 0.0421 0.1488 0 0 -4.759 28.930 -4.751
1 3 7 0.2409 -0.451 0 0 -4.531 29.674 -1.062
1 4 20 0.5361 -0.258 0 0 -2.465 27.513 1.336
1 5 13 0.6746 0.0183 0 0 -3.586 27.580 4.978
1 6 12 0.9036 0.0755 0 0 -0.458 26.983 7.005
1 7 22 0.9518 -0.628 0 0 -0.267 26.691 10.787
1 8 22 0.9879 0.2249 0 0 2.893 27.179 12.917
1 9 22 0.9698 -0.182 0 0 2.792 25.223 16.192
1 10 9 0.9277 0.0000 0 0 5.273 24.275 18.922
1 11 0 0.7891 -0.505 0 0 6.166 24.956 22.526
1 12 9 0.6265 0.0000 0 0 6.551 28.372 24.135
1 13 9 0.6084 0.0000 0 0 9.624 30.363 23.104
1 14 22 0.8132 0.6360 0 0 10.881 28.162 20.206
1 15 9 0.8554 0.0000 0 0 10.639 31.015 17.671
1 16 13 0.9457 0.0693 0 0 7.318 30.376 15.875
1 17 17 0.8433 -0.646 0 0 6.697 34.143 15.565
1 18 0 0.7530 -0.301 0 0 10.247 35.073 14.687
1 19 12 0.8975 0.7374 0 0 10.150 32.495 11.853
1 20 18 0.8855 0.3560 0 0 6.887 33.834 10.462
1 21 11 0.6385 -0.431 0 0 7.922 37.512 10.662
1 22 6 0.5963 -0.404 0 0 11.239 36.693 8.992
1 23 12 0.6927 0.5334 0 0 9.217 35.245 6.174
1 24 11 0.4939 0.3288 0 0 6.596 38.028 5.955
1 25 6 0.3012 -0.006 0 0 8.438 41.139 7.139
1 26 2 0.2650 -0.649 0 0 12.042 40.179 6.520
1 27 10 0.2048 -0.213 0 0 13.460 41.032 9.975
1 28 15 0.3373 0.1146 0 0 14.471 39.237 13.181
1 29 22 0.3132 0.5944 0 0 12.302 40.029 16.258
1 30 3 0.1325 -0.529 0 0 14.256 39.878 19.432
1 31 7 0.0662 -0.263 0 0 11.888 40.784 22.228
1 32 20 0.0903 -0.152 0 0 9.503 39.093 24.633
1 33 3 0.1987 0.0193 0 0 6.083 39.040 23.030
1 34 16 0.3493 -0.858 0 0 3.902 35.962 23.705
1 35 18 0.4759 0.8689 0 0 1.386 35.209 20.991
1 36 11 0.3554 -0.987 0 0 -2.313 34.684 21.550
1 37 7 0.5 -0.048 0 0 -3.199 34.070 17.823
1 38 3 0.5240 -0.246 0 0 -2.019 36.112 14.782
1 39 17 0.5301 -0.523 0 0 -2.840 35.794 11.045
1 40 20 0.5180 0.3170 0 0 -0.625 36.801 8.189
1 41 1 0.3795 -0.540 0 0 -1.718 36.760 4.530
1 42 13 0.3192 -0.042 0 0 0.789 37.278 1.692
1 43 6 0.1024 -0.936 0 0 0.625 36.928 -2.057
1 44 22 0.1445 0.9904 0 0 3.708 34.991 -3.286
1 45 22 0.0542 -0.978 0 0 4.898 33.082 -6.309
1 46 11 0.1686 0.9762 0 0 6.185 29.612 -5.575
1 47 3 0.0361 0.6792 0 0 7.657 27.490 -8.431
1 48 9 0.0 0.0000 0 0 5.859 29.644 -10.900
1 49 7 0.0120 0.5319 0 0 2.414 29.374 -9.213
1 50 18 0.0180 -0.764 0 0 0.855 32.596 -7.963
1 51 5 0.1144 0.7515 0 0 -0.598 31.825 -4.556
1 52 12 0.2530 -0.303 0 0 -1.673 33.157 -1.199
1 53 12 0.5542 0.4262 0 0 -0.024 32.083 2.028
1 54 3 0.5783 -0.467 0 0 -2.529 32.341 4.883
1 55 11 0.8253 0.4656 0 0 -0.358 31.696 7.944
1 56 12 0.8313 -0.470 0 0 -1.606 31.232 11.492
1 57 3 0.8734 -0.033 0 0 0.878 31.980 14.223
1 58 18 0.8373 0.5661 0 0 -0.144 30.265 17.432
1 59 0 0.6807 -0.916 0 0 0.389 30.456 21.188
1 60 9 0.7048 0.0000 0 0 2.859 28.068 22.758
1 61 6 0.4156 -0.722 0 0 0.832 27.982 26.057
1 62 7 0.2349 -0.976 0 0 -1.679 25.377 27.386
1 63 7 0.0602 0.0384 0 0 -4.781 27.454 28.100
1 64 20 0.0722 -0.331 0 0 -7.481 25.839 26.030
1 65 17 0.2289 0.1436 0 0 -5.586 22.830 24.521
1 66 0 0.1084 -0.992 0 0 -8.995 22.027 22.965
1 67 14 0.1867 -0.349 0 0 -9.043 25.587 21.327
1 68 1 0.4819 0.3686 0 0 -6.117 24.205 19.291
1 69 3 0.3433 -0.696 0 0 -8.705 21.757 17.742
1 70 6 0.2831 -0.533 0 0 -10.351 24.538 15.891
1 71 20 0.5602 0.6549 0 0 -7.204 25.774 14.136
1 72 14 0.6445 0.3333 0 0 -5.948 22.252 13.666
1 73 1 0.3855 -0.862 0 0 -9.167 21.226 11.828
1 74 18 0.4216 -0.351 0 0 -8.861 24.077 9.301
1 75 9 0.7168 0.0000 0 0 -5.104 23.986 8.661
1 76 7 0.6626 -0.607 0 0 -3.884 22.283 5.501
1 77 9 0.8674 0.0000 0 0 -0.235 21.951 6.564
1 78 15 0.9638 -0.707 0 0 1.717 22.401 9.803
1 79 12 0.9939 0.4252 0 0 5.228 23.546 10.668
1 80 5 0.9819 -0.722 0 0 6.047 21.690 13.913
1 81 22 0.9759 0.4596 0 0 8.766 23.778 15.499
1 82 15 0.8915 -0.335 0 0 11.180 23.024 18.324
1 83 0 0.7469 -0.405 0 0 14.417 24.796 19.338
1 84 11 0.5120 -0.172 0 0 17.724 22.889 19.092
1 85 2 0.3253 0.1360 0 0 18.828 24.237 22.487
1 86 2 0.3674 0.1619 0 0 15.705 23.079 24.320
1 87 18 0.2891 -0.895 0 0 15.174 19.349 24.797
1 88 13 0.3313 -0.427 0 0 11.725 19.690 26.384
1 89 17 0.6144 0.4238 0 0 10.514 21.475 23.243
1 90 15 0.6204 -0.272 0 0 11.730 18.546 21.107
1 91 7 0.4277 -0.892 0 0 9.861 16.101 23.376
1 92 3 0.5662 -0.184 0 0 6.684 18.196 23.182
1 93 11 0.7951 0.6334 0 0 6.578 17.666 19.368
1 94 10 0.5481 -0.419 0 0 5.034 14.237 19.830
1 95 6 0.5060 -0.771 0 0 2.025 15.819 21.631
1 96 20 0.7771 0.4216 0 0 1.327 18.330 18.832
1 97 1 0.7409 -0.122 0 0 1.573 15.634 16.095
1 98 7 0.4337 -0.562 0 0 -0.799 13.298 17.959
1 99 6 0.4518 0.0598 0 0 -3.293 16.103 18.504
1 100 11 0.6325 0.9770 0 0 -3.158 17.046 14.795
1 101 13 0.4036 -0.083 0 0 -3.687 13.414 13.712
1 102 1 0.1626 -0.176 0 0 -6.596 13.074 16.106
1 103 22 0.2168 0.6587 0 0 -8.533 16.136 14.956
1 104 13 0.2771 0.7914 0 0 -7.846 15.609 11.221
1 105 3 0.0481 -0.703 0 0 -8.690 11.880 11.333
1 106 17 0.1385 0.5045 0 0 -5.462 11.204 9.472
1 107 3 0.1807 -0.927 0 0 -2.136 9.420 9.776
1 108 3 0.3614 -0.750 0 0 -0.560 11.568 7.077
1 109 22 0.5843 0.3126 0 0 -1.115 15.270 7.308
1 110 16 0.7710 -0.598 0 0 1.228 17.702 5.404
1 111 14 0.9096 0.0229 0 0 3.835 18.571 8.040
1 112 22 0.9397 0.0671 0 0 7.484 19.658 8.325
1 113 12 0.9337 -0.674 0 0 9.584 19.156 11.428
1 114 22 0.9578 0.7010 0 0 11.581 22.343 12.013
1 115 9 0.8614 0.0000 0 0 14.578 22.585 14.305
1 116 2 0.8493 0.2975 0 0 14.953 26.294 14.912
1 117 13 0.6024 0.1045 0 0 17.696 28.504 16.423
1 118 5 0.4457 0.2734 0 0 20.377 26.565 14.564
1 119 3 0.2228 0.3301 0 0 22.643 29.641 14.898
1 120 12 0.1265 0.4005 0 0 23.071 28.933 18.632
1 121 0 0.0301 -0.928 0 0 26.031 26.874 19.696
1 122 0 0.0240 0.0000 0 0 24.629 25.506 22.993
1 123 1 0.0843 0.5185 0 0 22.920 22.649 21.106
1 124 18 0.0783 0.0508 0 0 21.127 20.039 23.249
1 125 22 0.2469 0.8950 0 0 19.117 18.186 20.530
1 126 7 0.1204 -0.670 0 0 21.355 16.341 17.991
1 127 17 0.2951 -0.065 0 0 20.310 16.597 14.292
1 128 1 0.0963 -0.966 0 0 20.500 12.815 13.961
1 129 6 0.1506 -0.147 0 0 17.914 12.449 16.781
1 130 0 0.4698 0.6272 0 0 15.549 14.848 14.990
1 131 6 0.3975 -0.102 0 0 16.108 13.295 11.575
1 132 3 0.1746 -0.859 0 0 15.292 9.862 13.035
1 133 12 0.4096 0.5661 0 0 12.078 11.280 14.533
1 134 0 0.5722 0.3911 0 0 11.146 12.955 11.257
1 135 1 0.3072 -0.801 0 0 11.827 9.720 9.341
1 136 17 0.1927 0.1883 0 0 9.530 7.736 11.679
1 137 20 0.4397 0.5521 0 0 6.799 10.326 10.949
1 138 9 0.3734 0.0000 0 0 7.601 10.175 7.268
1 139 11 0.6566 0.7258 0 0 7.993 13.967 7.056
1 140 16 0.7228 0.2284 0 0 10.900 16.341 6.180
1 141 20 0.7831 -0.118 0 0 13.214 17.739 8.855
1 142 11 0.8072 0.2344 0 0 14.587 21.239 8.199
1 143 7 0.7650 -0.701 0 0 16.860 23.286 10.433
1 144 18 0.8012 0.9677 0 0 16.259 27.028 10.507
1 145 17 0.6506 -0.975 0 0 17.480 30.218 12.004
1 146 0 0.6867 0.4736 0 0 15.077 33.147 12.220
1 147 13 0.3915 -0.773 0 0 18.114 35.188 13.274
1 148 18 0.2590 -0.132 0 0 20.181 34.643 10.071
1 149 1 0.4638 -0.018 0 0 17.171 33.679 7.848
1 150 6 0.4578 -0.398 0 0 18.882 30.321 7.198
1 151 9 0.6686 0.0000 0 0 16.337 27.766 6.047
1 152 22 0.8192 -0.029 0 0 13.172 29.929 6.614
1 153 7 0.6987 -0.904 0 0 11.936 29.982 2.957
1 154 3 0.7289 -0.430 0 0 12.930 26.381 2.630
1 155 0 0.9216 0.7045 0 0 10.819 25.364 5.620
1 156 15 0.9156 0.5147 0 0 7.723 27.181 4.388
1 157 20 0.7349 -0.506 0 0 8.007 26.321 0.697
1 158 18 0.7590 0.0615 0 0 8.752 22.660 1.449
1 159 12 0.8795 0.7815 0 0 5.506 22.633 3.471
1 160 22 0.7108 -0.336 0 0 3.622 24.164 0.512
1 161 1 0.4879 -0.105 0 0 5.079 21.428 -1.780
1 162 7 0.5903 0.3029 0 0 3.951 18.742 0.732
1 163 11 0.5421 0.5688 0 0 0.404 20.135 0.490
1 164 1 0.2710 0.0774 0 0 0.711 20.050 -3.346
1 165 6 0.1566 -0.034 0 0 1.520 16.308 -3.145
1 166 10 0.2108 0.2547 0 0 -1.217 15.280 -0.638
