1 1 14 0.0292 -0.239 0 0 130.624 13.884 -14.049
1 2 18 0.0818 0.2460 0 0 131.334 10.134 -14.195
1 3 7 0.2748 -0.082 0 0 130.214 7.339 -11.878
1 4 20 0.5906 -0.267 0 0 132.773 5.295 -9.955
1 5 13 0.6666 -0.828 0 0 130.858 2.336 -8.524
1 6 12 0.8830 0.6636 0 0 133.115 1.836 -5.512
1 7 22 0.9532 -0.239 0 0 132.901 -1.082 -3.095
1 8 22 0.9824 0.1110 0 0 134.332 -1.458 0.427
1 9 22 0.9649 0.2709 0 0 135.929 -4.715 1.637
1 10 9 0.9064 0.2444 0 0 137.886 -6.123 4.604
1 11 0 0.7777 -0.469 0 0 136.723 -6.852 8.182
1 12 9 0.6959 -0.155 0 0 134.001 -4.791 9.845
1 13 9 0.5263 -0.074 0 0 136.189 -4.634 12.967
1 14 22 0.7543 0.6658 0 0 138.472 -2.200 11.110
1 15 9 0.8304 -0.441 0 0 135.999 0.586 10.222
1 16 13 0.9181 -0.029 0 0 134.575 -0.306 6.802
1 17 17 0.8479 -0.804 0 0 131.616 2.091 7.099
1 18 0 0.7602 -0.402 0 0 133.220 5.052 8.950
1 19 12 0.8947 0.5587 0 0 135.611 5.367 5.972
1 20 18 0.9005 0.2116 0 0 132.835 5.212 3.350
1 21 11 0.6842 -0.329 0 0 130.364 7.251 5.442
1 22 6 0.6374 -0.260 0 0 132.983 10.004 5.996
1 23 12 0.7426 0.6618 0 0 133.982 10.331 2.367
1 24 11 0.5672 0.3380 0 0 130.227 10.641 1.607
1 25 6 0.3333 -0.067 0 0 128.092 11.745 4.592
1 26 2 0.3040 -0.495 0 0 131.161 13.897 5.349
1 27 10 0.1637 -0.926 0 0 130.437 13.260 9.040
1 28 15 0.2514 0.3805 0 0 131.324 10.561 11.593
1 29 22 0.1520 0.4412 0 0 128.673 8.197 12.995
1 30 3 0.2046 -0.705 0 0 130.726 5.531 14.819
1 31 7 0.0994 -0.427 0 0 127.386 3.748 15.048
1 32 20 0.3157 0.4522 0 0 127.252 1.620 11.862
1 33 3 0.2105 -0.997 0 0 127.084 -2.035 12.950
1 34 16 0.3625 -0.584 0 0 128.688 -4.990 11.151
1 35 18 0.1929 -0.856 0 0 125.318 -5.973 9.617
1 36 11 0.2163 -0.368 0 0 123.656 -2.895 8.063
1 37 7 0.4152 0.0713 0 0 124.103 -2.431 4.297
1 38 3 0.4444 -0.736 0 0 123.639 0.549 1.942
1 39 17 0.5614 -0.536 0 0 125.411 2.376 -0.912
1 40 20 0.5730 0.3655 0 0 126.646 5.971 -0.520
1 41 1 0.4093 -0.533 0 0 125.948 7.874 -3.763
1 42 13 0.3099 -0.283 0 0 127.642 11.293 -4.043
1 43 6 0.2807 -0.884 0 0 130.278 12.902 -6.280
1 44 22 0.3859 0.9948 0 0 133.597 13.870 -4.705
1 45 22 0.2456 -0.333 0 0 136.754 15.715 -5.667
1 46 11 0.3684 0.4901 0 0 139.508 13.568 -7.100
1 47 3 0.1578 -0.296 0 0 142.988 15.028 -7.731
1 48 9 0.0526 0.5974 0 0 141.595 18.570 -7.466
1 49 7 0.0584 0.4522 0 0 138.810 17.450 -9.835
1 50 18 0.1286 -0.544 0 0 135.602 15.471 -9.134
1 51 5 0.2397 0.3651 0 0 133.751 12.291 -10.182
1 52 12 0.2690 -0.392 0 0 130.366 10.891 -9.218
1 53 12 0.5964 0.7917 0 0 131.173 7.927 -6.956
1 54 3 0.6725 -0.574 0 0 129.132 5.304 -5.037
1 55 11 0.8713 0.6052 0 0 130.882 3.372 -2.243
1 56 12 0.8538 -0.626 0 0 128.981 0.293 -1.017
1 57 3 0.8654 -0.933 0 0 129.382 -0.356 2.747
1 58 18 0.7894 0.9375 0 0 129.291 -4.178 2.742
1 59 0 0.5555 -0.807 0 0 128.206 -6.006 5.925
1 60 9 0.4385 0.4233 0 0 129.649 -8.968 7.844
1 61 6 0.0935 -0.457 0 0 127.757 -11.538 9.910
1 62 7 0.1052 0.0130 0 0 128.856 -13.944 7.154
1 63 7 0.1871 -0.817 0 0 132.443 -14.675 6.030
1 64 20 0.4970 -0.789 0 0 133.698 -12.709 3.009
1 65 17 0.5321 0.0930 0 0 131.890 -11.551 -0.178
1 66 0 0.2573 -0.538 0 0 128.643 -12.963 1.287
1 67 14 0.4678 0.2431 0 0 127.999 -9.497 2.722
1 68 1 0.6198 0.6356 0 0 128.607 -7.254 -0.289
1 69 3 0.3801 -0.571 0 0 127.703 -9.911 -2.894
1 70 6 0.2222 -0.745 0 0 124.743 -8.015 -4.405
1 71 20 0.4736 0.7934 0 0 126.838 -5.325 -6.148
1 72 14 0.5380 0.3120 0 0 130.095 -7.107 -7.079
1 73 1 0.2280 -0.776 0 0 128.713 -7.380 -10.645
1 74 18 0.4035 -0.105 0 0 129.572 -3.678 -11.044
1 75 9 0.7017 -0.391 0 0 132.331 -3.475 -8.377
1 76 7 0.7134 -0.657 0 0 134.206 -0.605 -10.032
1 77 9 0.8888 -0.670 0 0 136.845 -0.385 -7.270
1 78 15 0.9707 -0.876 0 0 137.431 -2.062 -3.882
1 79 12 0.9941 0.4141 0 0 138.872 -0.175 -0.893
1 80 5 0.9883 -0.588 0 0 140.395 -2.384 1.845
1 81 22 0.9766 -0.142 0 0 139.570 -0.721 5.189
1 82 15 0.8771 0.0486 0 0 141.891 -2.834 7.330
1 83 0 0.7192 -0.364 0 0 143.196 -1.286 10.531
1 84 11 0.5029 0.1179 0 0 146.903 -1.358 11.344
1 85 2 0.2631 0.3939 0 0 145.700 -2.121 14.876
1 86 2 0.3450 0.7534 0 0 143.912 -5.323 13.792
1 87 18 0.3274 -0.905 0 0 146.060 -7.638 11.674
1 88 13 0.3216 -0.371 0 0 142.892 -9.779 11.753
1 89 17 0.6549 0.4662 0 0 141.099 -7.888 8.936
1 90 15 0.6140 0.0465 0 0 144.570 -7.679 7.431
1 91 7 0.4210 -0.900 0 0 144.622 -11.475 6.926
1 92 3 0.5847 0.2152 0 0 141.049 -10.949 5.735
1 93 11 0.8187 0.4549 0 0 142.149 -8.501 2.969
1 94 10 0.5789 -0.845 0 0 144.171 -11.007 0.913
1 95 6 0.5087 -0.730 0 0 141.063 -13.215 1.088
1 96 20 0.7719 0.4402 0 0 138.798 -10.268 0.208
1 97 1 0.7836 -0.419 0 0 140.429 -9.146 -3.059
1 98 7 0.4853 -0.602 0 0 140.655 -12.899 -3.760
1 99 6 0.4619 -0.370 0 0 136.859 -13.272 -3.936
1 100 11 0.6491 0.9961 0 0 136.654 -9.904 -5.720
1 101 13 0.4502 -0.546 0 0 138.768 -10.776 -8.790
1 102 1 0.1754 -0.665 0 0 136.495 -13.860 -8.945
1 103 22 0.2339 0.7238 0 0 133.098 -12.088 -9.126
1 104 13 0.3508 0.6422 0 0 134.367 -9.097 -11.123
1 105 3 0.1111 -0.203 0 0 136.225 -10.645 -14.046
1 106 17 0.1228 -0.357 0 0 140.004 -10.852 -13.567
1 107 3 0.2865 -0.248 0 0 142.578 -10.276 -10.810
1 108 3 0.3918 -0.752 0 0 143.631 -6.715 -11.701
1 109 22 0.6315 0.4725 0 0 140.856 -4.452 -10.423
1 110 16 0.8128 -0.352 0 0 141.475 -0.945 -9.038
1 111 14 0.9415 0.0071 0 0 141.759 -1.306 -5.230
1 112 22 0.9590 0.3331 0 0 144.018 0.002 -2.478
1 113 12 0.9356 -0.414 0 0 145.061 -1.261 0.978
1 114 22 0.9298 0.6718 0 0 144.553 1.225 3.844
1 115 9 0.8245 0.0315 0 0 145.368 1.122 7.528
1 116 2 0.8362 0.7704 0 0 142.492 2.961 9.156
1 117 13 0.5204 -0.035 0 0 142.964 4.430 12.706
1 118 5 0.3976 0.5474 0 0 146.683 5.017 12.148
1 119 3 0.1403 0.4126 0 0 146.552 8.251 14.196
1 120 12 0.0409 -0.243 0 0 147.549 6.790 17.589
1 121 0 0.0233 -0.999 0 0 150.576 4.471 17.700
1 122 0 0.0350 0.0784 0 0 149.932 0.738 18.268
1 123 1 0.0877 -0.190 0 0 149.916 -1.458 15.112
1 124 18 0.0701 0.1622 0 0 149.093 -5.166 15.493
1 125 22 0.1812 0.9880 0 0 149.775 -5.483 11.755
1 126 7 0.0760 -0.813 0 0 153.449 -4.908 10.948
1 127 17 0.1345 -0.657 0 0 153.783 -1.625 9.034
1 128 1 0.0643 -0.769 0 0 156.241 -3.355 6.694
1 129 6 0.1461 -0.001 0 0 153.631 -6.074 6.181
1 130 0 0.4912 0.0203 0 0 150.999 -3.429 5.347
1 131 6 0.4269 -0.872 0 0 152.884 -2.057 2.330
1 132 3 0.1988 -0.795 0 0 154.179 -5.526 1.465
1 133 12 0.4561 0.6281 0 0 150.707 -7.013 0.891
1 134 0 0.6257 0.2205 0 0 149.786 -3.805 -0.979
1 135 1 0.3391 -0.764 0 0 152.556 -4.651 -3.464
1 136 17 0.2982 -0.069 0 0 151.097 -8.171 -3.755
1 137 20 0.5438 0.4334 0 0 147.749 -6.898 -5.041
1 138 9 0.4795 -0.480 0 0 149.660 -4.135 -6.865
1 139 11 0.7309 0.6991 0 0 147.856 -1.525 -4.753
1 140 16 0.6900 0.2722 0 0 149.382 1.145 -2.493
1 141 20 0.7660 -0.298 0 0 149.055 1.124 1.319
1 142 11 0.7953 0.5841 0 0 147.565 4.458 2.498
1 143 7 0.6783 -0.746 0 0 147.315 4.920 6.278
1 144 18 0.7251 0.8222 0 0 144.333 7.119 7.197
1 145 17 0.6432 -0.995 0 0 141.697 7.327 9.935
1 146 0 0.7076 0.5622 0 0 137.939 7.586 9.308
1 147 13 0.3742 -0.925 0 0 137.912 9.797 12.432
1 148 18 0.2923 -0.098 0 0 140.547 12.260 11.159
1 149 1 0.5146 -0.705 0 0 139.244 12.139 7.556
1 150 6 0.4327 -0.630 0 0 142.853 13.111 6.782
1 151 9 0.6608 -0.583 0 0 143.970 10.060 4.791
1 152 22 0.8596 -0.548 0 0 140.449 8.826 4.043
1 153 7 0.7368 -0.889 0 0 140.523 11.227 1.072
1 154 3 0.7485 -0.865 0 0 143.783 9.835 -0.321
1 155 0 0.9239 0.2331 0 0 142.407 6.359 0.473
1 156 15 0.9473 0.5803 0 0 139.363 6.693 -1.759
1 157 20 0.8070 -0.450 0 0 141.251 8.968 -4.175
1 158 18 0.8421 0.3648 0 0 144.049 6.432 -4.658
1 159 12 0.9122 0.7683 0 0 141.636 3.594 -5.460
1 160 22 0.8011 -0.120 0 0 139.938 5.831 -8.024
1 161 1 0.6023 -0.292 0 0 143.375 7.027 -9.090
1 162 7 0.6081 0.5492 0 0 143.577 3.484 -10.464
1 163 11 0.5497 0.7170 0 0 140.125 3.752 -12.059
1 164 1 0.3567 -0.616 0 0 139.883 7.420 -13.140
1 165 6 0.1695 0.2527 0 0 143.422 6.974 -14.591
1 166 10 0.1169 0.4138 0 0 142.578 4.047 -16.916
1 167 13 0.0467 -0.327 0 0 139.960 6.086 -18.803
1 168 12 0.0175 -0.340 0 0 142.946 8.120 -20.113
1 169 1 0.0116 0.8325 0 0 146.056 5.864 -20.116
1 170 13 0.0058 -0.080 0 0 143.893 3.750 -22.516
1 171 12 0.0 -0.070 0 0 145.910 4.793 -25.596
