1 1 14 0.0060 0.1073 0 0 21.123 0.013 -6.575
1 2 18 0.0421 -0.204 0 0 18.512 1.843 -4.656
1 3 7 0.2289 -0.589 0 0 18.800 1.173 -1.011
1 4 20 0.5301 -0.237 0 0 15.992 2.063 1.450
1 5 13 0.6807 -0.961 0 0 16.877 2.502 5.078
1 6 12 0.8975 -0.100 0 0 13.651 1.528 6.840
1 7 22 0.9518 -0.603 0 0 13.530 1.906 10.681
1 8 22 0.9879 -0.123 0 0 11.052 -0.184 12.758
1 9 22 0.9698 0.1762 0 0 10.264 1.807 15.980
1 10 9 0.9277 -0.030 0 0 7.763 0.901 18.723
1 11 0 0.7891 0.3443 0 0 7.192 0.124 22.350
1 12 3 0.6265 -0.898 0 0 8.516 -2.941 24.017
1 13 9 0.6024 0.5190 0 0 6.700 -6.130 23.041
1 14 22 0.8253 0.5286 0 0 4.557 -4.872 20.142
1 15 9 0.8493 -0.159 0 0 6.165 -7.367 17.630
1 16 13 0.9397 -0.047 0 0 8.836 -5.400 15.737
1 17 17 0.8433 -0.441 0 0 11.339 -8.203 15.477
1 18 0 0.7831 0.2145 0 0 8.523 -10.508 14.585
1 19 12 0.9036 0.6990 0 0 7.519 -8.323 11.586
1 20 18 0.8795 0.6152 0 0 11.148 -8.024 10.469
1 21 11 0.6385 -0.269 0 0 11.836 -11.828 10.894
1 22 6 0.5903 -0.403 0 0 8.641 -12.827 8.937
1 23 12 0.6686 0.7275 0 0 9.686 -10.558 6.099
1 24 11 0.5 0.4666 0 0 13.362 -11.488 6.195
1 25 6 0.2891 0.0212 0 0 13.198 -15.187 7.114
1 26 2 0.2349 0.1114 0 0 9.591 -16.294 6.552
1 27 10 0.1626 -0.335 0 0 9.210 -17.773 10.045
1 28 15 0.3433 0.0729 0 0 7.103 -16.382 12.937
1 29 22 0.3253 0.8333 0 0 9.098 -15.981 16.198
1 30 3 0.1204 -0.940 0 0 7.221 -17.184 19.267
1 31 7 0.0783 -0.281 0 0 10.007 -16.345 21.752
1 32 20 0.2048 0.3308 0 0 10.705 -12.989 23.282
1 33 3 0.1746 -0.472 0 0 14.355 -11.884 23.142
1 34 16 0.3554 -0.845 0 0 14.565 -8.133 23.656
1 35 18 0.4759 0.8152 0 0 16.481 -6.301 20.855
1 36 11 0.3734 -0.980 0 0 19.176 -3.655 21.468
1 37 7 0.5120 0.1364 0 0 19.550 -2.893 17.724
1 38 3 0.5421 -0.185 0 0 19.578 -5.259 14.731
1 39 17 0.5240 -0.562 0 0 20.276 -4.629 11.014
1 40 20 0.5180 0.3922 0 0 18.937 -6.717 8.147
1 41 1 0.3795 -0.544 0 0 19.826 -6.120 4.447
1 42 13 0.3192 0.1180 0 0 17.851 -7.940 1.691
1 43 6 0.1024 -0.856 0 0 17.874 -7.392 -2.100
1 44 22 0.1506 0.9623 0 0 14.237 -7.368 -3.155
1 45 22 0.0542 -0.826 0 0 12.314 -6.418 -6.356
1 46 11 0.1686 0.9232 0 0 9.440 -4.071 -5.405
1 47 3 0.0361 0.7448 0 0 7.190 -2.941 -8.324
1 48 9 0.0 0.8109 0 0 9.749 -4.169 -10.756
1 49 7 0.0301 0.5813 0 0 12.455 -2.123 -9.088
1 50 18 0.0240 -0.987 0 0 15.458 -4.169 -7.856
1 51 5 0.0903 0.5634 0 0 16.506 -2.620 -4.582
1 52 12 0.2409 -0.349 0 0 17.943 -3.277 -1.224
1 53 12 0.5481 0.3286 0 0 16.056 -3.062 1.876
1 54 3 0.5662 -0.418 0 0 18.366 -2.095 4.713
1 55 11 0.8192 0.2805 0 0 16.267 -2.623 7.907
1 56 12 0.8373 -0.296 0 0 17.064 -1.568 11.445
1 57 3 0.8674 -0.137 0 0 15.308 -3.398 14.254
1 58 18 0.8313 0.7719 0 0 15.446 -1.223 17.315
1 59 0 0.6867 -0.345 0 0 14.746 -1.333 20.972
1 60 9 0.6927 0.0523 0 0 11.476 -0.736 22.853
1 61 6 0.3915 -0.264 0 0 13.202 -0.613 26.244
1 62 7 0.2228 0.2009 0 0 13.556 2.930 27.607
1 63 7 0.0602 -0.427 0 0 17.113 2.084 28.855
1 64 20 0.2108 -0.131 0 0 18.186 2.267 25.272
1 65 17 0.3132 -0.811 0 0 16.322 5.533 24.562
1 66 0 0.0963 -0.340 0 0 19.583 7.450 24.061
1 67 14 0.2710 0.0077 0 0 20.405 5.727 20.734
1 68 1 0.4819 0.3151 0 0 17.076 6.947 19.259
1 69 3 0.3313 -0.577 0 0 18.565 10.188 17.919
1 70 6 0.2590 -0.529 0 0 21.334 8.403 15.946
1 71 20 0.5542 0.6115 0 0 19.072 6.034 13.987
1 72 14 0.6204 0.2821 0 0 16.316 8.564 13.395
1 73 1 0.3614 -0.775 0 0 18.848 10.764 11.724
1 74 18 0.4216 -0.174 0 0 19.849 8.110 9.232
1 75 9 0.7228 -0.433 0 0 16.474 6.377 8.589
1 76 7 0.6626 -0.535 0 0 14.541 7.408 5.450
1 77 9 0.8734 -0.260 0 0 11.169 5.749 6.377
1 78 15 0.9638 -0.763 0 0 9.763 4.522 9.736
1 79 12 0.9939 0.4917 0 0 7.316 1.757 10.520
1 80 5 0.9819 -0.448 0 0 5.618 2.992 13.705
1 81 22 0.9759 0.6875 0 0 4.292 -0.110 15.457
1 82 15 0.8915 -0.196 0 0 1.708 -0.690 18.256
1 83 0 0.7469 -0.016 0 0 -0.096 -3.837 19.392
1 84 11 0.5060 0.0336 0 0 -3.900 -3.923 19.076
1 85 2 0.3012 0.1738 0 0 -4.250 -5.457 22.544
1 86 2 0.3674 0.2304 0 0 -2.097 -2.708 24.192
1 87 18 0.3072 -0.925 0 0 -3.436 0.784 24.457
1 88 13 0.3373 -0.180 0 0 -0.218 2.122 26.058
1 89 17 0.6445 0.0706 0 0 1.765 1.094 22.915
1 90 15 0.6325 -0.378 0 0 -0.760 2.898 20.863
1 91 7 0.4337 -0.817 0 0 -0.317 6.047 22.988
1 92 3 0.5843 -0.253 0 0 3.450 5.664 22.827
1 93 11 0.8012 0.5603 0 0 3.403 5.858 19.096
1 94 10 0.5602 -0.940 0 0 3.133 9.719 19.497
1 95 6 0.4939 -0.287 0 0 6.433 9.844 21.518
1 96 20 0.7771 0.4385 0 0 8.217 8.318 18.493
1 97 1 0.7349 -0.083 0 0 6.510 10.440 15.858
1 98 7 0.4277 -0.466 0 0 7.483 13.623 17.690
1 99 6 0.4457 0.0906 0 0 10.971 12.541 18.249
1 100 11 0.6144 0.9835 0 0 11.490 11.470 14.616
1 101 13 0.4156 -0.352 0 0 10.069 14.714 13.364
1 102 1 0.1385 0.0438 0 0 12.365 16.698 15.593
1 103 22 0.1987 0.7922 0 0 15.716 15.073 14.711
1 104 13 0.2469 0.7518 0 0 14.798 15.100 10.977
1 105 3 0.0481 -0.550 0 0 13.671 18.701 11.260
1 106 17 0.1084 0.6699 0 0 10.496 18.092 9.201
1 107 3 0.1867 -0.925 0 0 6.858 17.387 9.690
1 108 3 0.3493 -0.706 0 0 6.392 15.105 6.603
1 109 22 0.5783 0.2127 0 0 8.617 12.092 7.315
1 110 16 0.7590 -0.521 0 0 7.817 8.831 5.287
1 111 14 0.9096 -0.159 0 0 6.098 6.673 7.925
1 112 22 0.9457 0.1942 0 0 3.483 3.972 8.261
1 113 12 0.9337 -0.824 0 0 1.394 3.363 11.504
1 114 22 0.9578 0.9418 0 0 1.144 -0.428 12.009
1 115 9 0.8614 0.4259 0 0 -1.249 -2.053 14.382
1 116 2 0.8554 0.2951 0 0 0.343 -5.433 14.885
1 117 13 0.6084 0.1377 0 0 -0.893 -8.722 16.373
1 118 5 0.4518 0.5141 0 0 -4.176 -8.344 14.519
1 119 3 0.2168 0.4764 0 0 -4.667 -12.137 15.065
1 120 12 0.1144 0.3836 0 0 -5.725 -11.502 18.630
1 121 0 0.0120 -0.199 0 0 -9.428 -11.856 19.421
1 122 0 0.0180 0.0338 0 0 -9.084 -9.567 22.513
1 123 1 0.0722 0.5822 0 0 -8.435 -6.208 20.992
1 124 18 0.0662 0.4440 0 0 -8.239 -2.988 23.090
1 125 22 0.2530 0.8744 0 0 -7.365 -0.504 20.264
1 126 7 0.1265 -0.798 0 0 -10.147 -0.271 17.564
1 127 17 0.2831 -0.178 0 0 -9.296 0.281 13.857
1 128 1 0.0843 -0.660 0 0 -11.285 3.435 13.926
1 129 6 0.1445 -0.180 0 0 -9.134 5.248 16.474
1 130 0 0.4698 -0.249 0 0 -5.889 4.145 14.793
1 131 6 0.3975 -0.456 0 0 -7.249 5.204 11.346
1 132 3 0.1566 -0.722 0 0 -8.255 8.617 12.786
1 133 12 0.4096 0.5160 0 0 -4.754 8.840 14.216
1 134 0 0.5722 0.0492 0 0 -3.087 7.825 10.934
1 135 1 0.2951 -0.781 0 0 -5.531 10.244 9.214
1 136 17 0.1807 0.3298 0 0 -4.427 13.024 11.532
1 137 20 0.4397 0.5225 0 0 -0.727 12.200 10.799
1 138 9 0.3855 0.2542 0 0 -1.296 11.939 7.052
1 139 11 0.6566 0.6036 0 0 0.266 8.451 6.766
1 140 16 0.7108 0.2041 0 0 -1.312 5.010 5.796
1 141 20 0.7710 -0.175 0 0 -2.649 2.712 8.518
1 142 11 0.8072 0.3927 0 0 -1.937 -1.034 8.070
1 143 7 0.7530 -0.766 0 0 -3.043 -3.838 10.419
1 144 18 0.7951 0.9606 0 0 -0.610 -6.733 10.594
1 145 17 0.6506 -0.940 0 0 -0.063 -10.060 12.227
1 146 0 0.7048 0.5647 0 0 3.478 -11.249 12.488
1 147 13 0.4036 -0.642 0 0 2.024 -14.691 13.378
1 148 18 0.2650 0.1151 0 0 -0.293 -15.155 10.352
1 149 1 0.4578 0.0836 0 0 1.973 -12.951 8.113
1 150 6 0.4638 -0.377 0 0 -1.064 -10.866 7.432
1 151 9 0.6746 -0.805 0 0 -0.283 -7.413 6.167
1 152 22 0.8132 -0.311 0 0 3.476 -7.810 6.582
1 153 7 0.7168 -0.873 0 0 4.819 -7.351 2.958
1 154 3 0.7289 -0.392 0 0 2.113 -4.694 2.580
1 155 0 0.9156 -0.031 0 0 3.418 -2.589 5.448
1 156 15 0.9216 0.5239 0 0 7.037 -2.603 4.454
1 157 20 0.7409 -0.433 0 0 6.149 -2.170 0.744
1 158 18 0.7650 0.0910 0 0 3.754 0.728 1.413
1 159 12 0.8855 0.8710 0 0 6.641 2.244 3.419
1 160 22 0.6987 -0.041 0 0 8.835 1.898 0.300
1 161 1 0.4879 -0.092 0 0 6.158 3.735 -1.647
1 162 7 0.5963 0.4133 0 0 5.980 6.540 0.846
1 163 11 0.5361 0.6997 0 0 9.814 7.060 0.521
1 164 1 0.2771 0.1131 0 0 9.586 6.941 -3.283
1 165 6 0.1325 0.4156 0 0 6.926 9.707 -3.535
1 166 10 0.1927 0.3231 0 0 8.615 11.976 -0.935
