1 1 14 0.0120 0.4303 0 0 98.937 27.403 65.030
1 2 18 0.1144 0.1515 0 0 97.106 29.743 67.401
1 3 7 0.3313 -0.081 0 0 93.431 30.458 66.764
1 4 20 0.5722 -0.183 0 0 91.979 33.840 67.752
1 5 13 0.6867 -0.774 0 0 88.224 34.145 68.140
1 6 12 0.9036 0.2140 0 0 87.229 37.661 67.144
1 7 22 0.9518 -0.739 0 0 83.765 39.192 67.507
1 8 22 0.9879 0.5106 0 0 82.466 42.337 65.837
1 9 22 0.9578 -0.251 0 0 79.851 44.465 67.602
1 10 9 0.9096 0.0000 0 0 78.182 47.723 66.607
1 11 0 0.7530 -0.554 0 0 74.976 49.384 65.422
1 12 9 0.6445 0.0000 0 0 73.279 47.991 62.344
1 13 9 0.4578 0.0000 0 0 72.127 49.944 59.315
1 14 22 0.5783 0.3167 0 0 75.474 51.663 58.778
1 15 9 0.6927 0.0000 0 0 77.356 48.880 57.020
1 16 13 0.8975 0.2267 0 0 79.594 47.375 59.703
1 17 17 0.8554 -0.986 0 0 79.814 44.189 57.618
1 18 0 0.8192 -0.392 0 0 82.225 45.946 55.264
1 19 12 0.9457 0.8907 0 0 84.928 45.547 57.915
1 20 18 0.9156 0.2729 0 0 85.145 41.758 58.101
1 21 11 0.7650 -0.451 0 0 84.319 41.389 54.391
1 22 6 0.7108 0.0833 0 0 87.110 43.660 53.172
1 23 12 0.8012 0.5115 0 0 89.601 41.773 55.348
1 24 11 0.6024 0.2712 0 0 88.594 38.439 53.841
1 25 6 0.3855 0.1192 0 0 89.026 39.513 50.205
1 26 2 0.1566 -0.278 0 0 91.898 39.954 47.775
1 27 10 0.0361 0.0960 0 0 92.668 42.560 45.102
1 28 15 0.0 -0.633 0 0 90.018 42.365 42.327
1 29 22 0.0301 0.1901 0 0 88.128 39.823 44.467
1 30 3 0.0843 -0.210 0 0 84.736 41.437 45.089
1 31 7 0.0481 -0.779 0 0 82.953 38.058 45.305
1 32 20 0.1867 0.9462 0 0 81.591 36.866 48.649
1 33 3 0.1024 -0.816 0 0 79.794 33.705 49.748
1 34 16 0.2771 -0.225 0 0 78.869 33.978 53.457
1 35 18 0.0903 -0.821 0 0 78.467 30.210 53.692
1 36 11 0.0602 -0.402 0 0 81.969 28.860 53.106
1 37 7 0.1626 -0.543 0 0 84.385 28.484 56.046
1 38 3 0.2409 -0.753 0 0 86.745 30.764 54.078
1 39 17 0.4397 -0.211 0 0 84.249 33.609 54.548
1 40 20 0.6265 -0.571 0 0 84.943 34.042 58.271
1 41 1 0.5120 -0.509 0 0 88.261 32.217 58.846
1 42 13 0.4819 0.2554 0 0 91.513 33.580 57.474
1 43 6 0.2951 -0.990 0 0 95.108 32.684 58.297
1 44 22 0.3554 0.9772 0 0 97.476 35.641 58.523
1 45 22 0.1807 -0.929 0 0 101.063 36.457 59.468
1 46 11 0.2891 0.9669 0 0 101.233 39.021 62.282
1 47 3 0.0963 0.5557 0 0 104.623 40.200 63.603
1 48 9 0.0060 0.0000 0 0 106.295 37.123 62.140
1 49 7 0.0240 0.1331 0 0 103.999 34.836 64.146
1 50 18 0.0662 -0.692 0 0 101.495 33.115 61.844
1 51 5 0.2469 0.7795 0 0 97.950 32.458 63.119
1 52 12 0.3795 -0.333 0 0 94.265 31.879 62.380
1 53 12 0.6566 0.5338 0 0 91.555 34.540 62.627
1 54 3 0.6746 -0.561 0 0 87.991 33.370 63.349
1 55 11 0.8614 0.5051 0 0 85.650 36.343 62.883
1 56 12 0.8373 -0.535 0 0 82.018 36.461 64.112
1 57 3 0.8915 0.3847 0 0 79.990 39.248 62.546
1 58 18 0.7590 -0.112 0 0 76.294 38.670 63.213
1 59 0 0.7409 0.3853 0 0 75.270 41.655 61.037
1 60 9 0.4759 0.0000 0 0 71.568 41.713 60.213
1 61 6 0.4156 0.0355 0 0 70.643 40.074 63.525
1 62 7 0.4698 0.6816 0 0 70.557 43.251 65.675
1 63 7 0.1506 -0.690 0 0 66.881 42.823 66.628
1 64 20 0.1445 -0.329 0 0 67.801 39.613 68.375
1 65 17 0.2289 -0.727 0 0 68.954 41.775 71.281
1 66 0 0.0722 -0.980 0 0 68.601 39.023 73.902
1 67 14 0.2349 -0.282 0 0 71.020 36.948 71.823
1 68 1 0.4879 0.1804 0 0 73.974 39.343 72.191
1 69 3 0.3614 -0.607 0 0 75.369 37.879 75.430
1 70 6 0.2650 -0.469 0 0 75.408 34.426 73.849
1 71 20 0.5301 -0.072 0 0 77.241 35.606 70.733
1 72 14 0.6626 0.2646 0 0 79.640 37.843 72.698
1 73 1 0.4518 -0.932 0 0 80.599 35.007 74.995
1 74 18 0.5060 0.2273 0 0 82.168 33.117 72.113
1 75 9 0.7048 0.0000 0 0 85.018 35.581 71.588
1 76 7 0.6506 -0.376 0 0 88.314 36.489 73.231
1 77 9 0.8493 0.0000 0 0 88.750 39.835 71.482
1 78 15 0.9638 -0.729 0 0 86.318 42.491 70.254
1 79 12 0.9939 0.7265 0 0 85.955 45.133 67.540
1 80 5 0.9819 -0.785 0 0 83.502 47.847 68.609
1 81 22 0.9759 0.6028 0 0 82.484 49.380 65.313
1 82 15 0.8674 -0.322 0 0 80.682 52.649 64.647
1 83 0 0.7349 -0.477 0 0 80.090 54.705 61.525
1 84 11 0.5542 0.0959 0 0 81.992 57.979 61.252
1 85 2 0.3433 0.2285 0 0 78.918 59.503 59.580
1 86 2 0.3734 0.0936 0 0 76.324 58.249 62.101
1 87 18 0.2710 -0.857 0 0 76.629 59.834 65.572
1 88 13 0.3012 -0.284 0 0 74.087 57.467 67.128
1 89 17 0.5903 0.4549 0 0 76.232 54.479 66.143
1 90 15 0.5843 -0.187 0 0 79.027 56.252 68.010
1 91 7 0.3915 -0.858 0 0 77.028 56.997 71.159
1 92 3 0.5240 -0.172 0 0 75.940 53.329 71.179
1 93 11 0.7168 0.7080 0 0 79.524 52.213 71.793
1 94 10 0.5 -0.877 0 0 79.508 52.851 75.515
1 95 6 0.4457 -0.702 0 0 76.679 50.389 76.136
1 96 20 0.6807 0.3705 0 0 78.180 47.670 73.923
1 97 1 0.6686 -0.174 0 0 81.433 47.859 75.890
1 98 7 0.4096 -0.689 0 0 79.577 47.596 79.219
1 99 6 0.4638 0.1010 0 0 77.953 44.485 77.793
1 100 11 0.6204 0.9775 0 0 81.188 42.886 76.643
1 101 13 0.4216 -0.151 0 0 82.764 43.596 80.074
1 102 1 0.2048 -0.491 0 0 79.800 42.022 81.828
1 103 22 0.2530 0.7649 0 0 79.722 38.788 79.789
1 104 13 0.3192 0.7245 0 0 83.427 38.096 80.007
1 105 3 0.0783 -0.993 0 0 83.338 39.172 83.697
1 106 17 0.1325 0.4464 0 0 86.383 41.454 83.406
1 107 3 0.1746 -0.817 0 0 87.239 45.165 83.300
1 108 3 0.3373 -0.654 0 0 90.017 44.666 80.771
1 109 22 0.5662 0.2765 0 0 88.974 42.596 77.769
1 110 16 0.7289 -0.552 0 0 91.043 42.758 74.587
1 111 14 0.8855 -0.180 0 0 89.065 45.147 72.415
1 112 22 0.9397 0.3847 0 0 89.605 47.905 69.904
1 113 12 0.9277 -0.725 0 0 87.386 50.819 68.781
1 114 22 0.9698 0.7644 0 0 87.014 50.935 64.974
1 115 9 0.8734 0.0000 0 0 85.506 53.890 63.121
1 116 2 0.8313 0.1232 0 0 84.379 52.973 59.617
1 117 13 0.5963 -0.838 0 0 84.015 55.536 56.822
1 118 5 0.4337 -0.269 0 0 81.594 55.610 53.880
1 119 3 0.1385 -0.558 0 0 82.576 58.050 51.100
1 120 12 0.0421 0.1107 0 0 78.909 58.847 50.423
1 121 0 0.0542 0.4290 0 0 77.968 60.896 53.522
1 122 0 0.0180 -0.870 0 0 79.553 63.570 55.744
1 123 1 0.1265 0.4647 0 0 81.646 62.939 58.840
1 124 18 0.1084 0.0697 0 0 79.765 63.716 62.064
1 125 22 0.2590 0.8583 0 0 82.221 62.124 64.503
1 126 7 0.1686 -0.898 0 0 85.613 63.824 64.449
1 127 17 0.3072 -0.504 0 0 88.758 61.775 64.952
1 128 1 0.1204 -0.744 0 0 89.511 63.620 68.214
1 129 6 0.1927 -0.152 0 0 86.230 62.682 69.930
1 130 0 0.4939 0.6215 0 0 86.708 59.032 68.963
1 131 6 0.3975 -0.123 0 0 90.341 59.334 69.991
1 132 3 0.2108 -0.863 0 0 89.318 60.730 73.420
1 133 12 0.4036 0.5270 0 0 86.739 57.986 73.909
1 134 0 0.5602 0.4516 0 0 89.303 55.312 73.114
1 135 1 0.2831 -0.618 0 0 91.711 56.731 75.663
1 136 17 0.1987 0.1582 0 0 89.040 56.821 78.367
1 137 20 0.4277 0.4354 0 0 88.601 53.049 77.823
1 138 9 0.3674 0.0000 0 0 92.328 52.467 77.524
1 139 11 0.6385 0.6914 0 0 92.033 50.841 74.109
1 140 16 0.6987 0.1791 0 0 93.319 51.681 70.593
1 141 20 0.7951 -0.107 0 0 91.298 53.611 68.003
1 142 11 0.8253 0.4495 0 0 91.504 52.699 64.317
1 143 7 0.7771 -0.748 0 0 89.831 54.510 61.436
1 144 18 0.8132 0.9688 0 0 89.084 52.565 58.270
1 145 17 0.6144 -0.981 0 0 87.654 53.175 54.798
1 146 0 0.6325 0.1330 0 0 84.968 50.908 53.307
1 147 13 0.3493 -0.885 0 0 85.799 52.149 49.797
1 148 18 0.3253 -0.259 0 0 89.616 51.857 49.766
1 149 1 0.5421 0.1451 0 0 90.332 49.083 52.290
1 150 6 0.5180 -0.808 0 0 92.648 51.565 54.077
1 151 9 0.7228 0.0000 0 0 92.960 50.680 57.761
1 152 22 0.8433 -0.018 0 0 91.192 47.296 57.643
1 153 7 0.7891 -0.899 0 0 94.264 45.150 58.368
1 154 3 0.7710 -0.433 0 0 95.585 47.535 61.017
1 155 0 0.9216 0.6554 0 0 92.214 47.226 62.765
1 156 15 0.9337 0.5903 0 0 92.297 43.427 62.992
1 157 20 0.7831 -0.498 0 0 96.046 42.994 63.514
1 158 18 0.8072 0.0869 0 0 95.880 45.570 66.335
1 159 12 0.8795 0.6953 0 0 93.205 43.521 68.119
1 160 22 0.7469 -0.281 0 0 95.358 40.399 67.829
1 161 1 0.5361 -0.044 0 0 98.286 42.249 69.409
1 162 7 0.6084 0.2771 0 0 95.972 43.358 72.239
1 163 11 0.5481 0.5866 0 0 95.199 39.689 72.912
1 164 1 0.3132 0.1230 0 0 98.835 38.543 72.846
1 165 6 0.2168 0.1836 0 0 99.972 41.360 75.141
1 166 10 0.2228 0.3672 0 0 97.269 40.321 77.595
