1 1 14 0.0 0.3432 0 0 -5.602 32.374 -6.691
1 2 18 0.0500 0.2190 0 0 -4.510 29.307 -4.777
1 3 7 0.25 -0.451 0 0 -4.380 29.981 -1.053
1 4 20 0.525 -0.201 0 0 -2.327 27.895 1.372
1 5 13 0.6687 -0.625 0 0 -3.469 27.858 4.999
1 6 12 0.9 0.1172 0 0 -0.322 27.299 7.050
1 7 22 0.9375 -0.600 0 0 -0.194 27.010 10.852
1 8 22 0.9812 0.1809 0 0 2.975 27.553 12.911
1 9 22 0.9625 -0.123 0 0 2.956 25.567 16.192
1 10 9 0.9125 0.0000 0 0 5.408 24.803 18.989
1 11 0 0.7375 -0.473 0 0 6.338 25.374 22.643
1 12 16 0.575 -0.571 0 0 6.624 28.873 24.175
1 13 9 0.5625 0.0000 0 0 9.566 30.939 22.950
1 14 22 0.7875 0.6064 0 0 10.843 28.566 20.244
1 15 9 0.8437 0.0000 0 0 10.610 31.322 17.626
1 16 13 0.9312 -0.034 0 0 7.218 30.810 15.967
1 17 17 0.8062 -0.661 0 0 6.764 34.571 15.530
1 18 0 0.7062 -0.234 0 0 10.373 35.358 14.640
1 19 12 0.8812 0.7262 0 0 10.185 32.873 11.750
1 20 18 0.8562 0.2625 0 0 6.903 34.324 10.482
1 21 11 0.5937 -0.494 0 0 8.068 37.947 10.782
1 22 6 0.5562 -0.331 0 0 11.320 37.186 8.964
1 23 12 0.6625 0.6255 0 0 9.303 35.684 6.103
1 24 11 0.4687 0.3361 0 0 6.706 38.462 5.892
1 25 6 0.2437 -0.008 0 0 8.556 41.629 6.966
1 26 2 0.2187 -0.293 0 0 12.217 40.742 6.406
1 27 10 0.1562 -0.188 0 0 13.479 41.510 9.911
1 28 15 0.3062 0.1375 0 0 14.405 39.710 13.135
1 29 22 0.2375 0.5527 0 0 12.468 40.516 16.294
1 30 3 0.0999 -0.730 0 0 14.774 40.413 19.326
1 31 7 0.0937 -0.553 0 0 11.695 40.621 21.549
0 32 20 0 0 0 0 11.695 40.621 21.549
0 33 3 0 0 0 0 11.695 40.621 21.549
0 34 16 0 0 0 0 11.695 40.621 21.549
0 35 18 0 0 0 0 11.695 40.621 21.549
0 36 11 0 0 0 0 11.695 40.621 21.549
0 37 7 0 0 0 0 11.695 40.621 21.549
1 38 3 0.475 -0.252 0 0 -1.790 36.584 14.785
1 39 17 0.5062 -0.672 0 0 -2.521 35.815 11.138
1 40 20 0.4875 0.2873 0 0 -0.576 37.121 8.144
1 41 1 0.35 -0.508 0 0 -1.599 37.222 4.484
1 42 13 0.3000 0.1215 0 0 0.949 37.728 1.723
1 43 6 0.1125 -0.922 0 0 0.928 37.275 -2.052
1 44 22 0.1500 0.9933 0 0 4.036 35.413 -3.192
1 45 22 0.0687 -0.983 0 0 5.272 33.467 -6.211
1 46 11 0.1937 0.9767 0 0 6.592 29.982 -5.401
1 47 3 0.0437 0.6721 0 0 8.054 27.932 -8.275
1 48 9 0.0062 0.0000 0 0 6.238 30.127 -10.743
1 49 7 0.0312 0.5563 0 0 2.856 29.736 -9.075
1 50 18 0.0250 -0.806 0 0 1.192 32.934 -7.922
1 51 5 0.125 0.7776 0 0 -0.382 32.205 -4.551
1 52 12 0.2812 -0.275 0 0 -1.410 33.578 -1.183
1 53 12 0.5437 0.5103 0 0 0.198 32.431 2.064
1 54 3 0.5687 -0.528 0 0 -2.353 32.688 4.883
1 55 11 0.8187 0.4928 0 0 -0.275 31.994 7.974
1 56 12 0.8312 -0.420 0 0 -1.487 31.539 11.533
1 57 3 0.8687 -0.145 0 0 1.170 32.308 14.115
1 58 18 0.8125 0.5893 0 0 -0.234 30.549 17.191
1 59 0 0.6 -0.924 0 0 0.079 31.462 20.879
1 60 9 0.6187 0.0000 0 0 2.668 29.534 22.877
1 61 6 0.3687 -0.593 0 0 0.332 28.742 25.757
1 62 7 0.2624 0.5650 0 0 -3.327 27.823 25.428
1 63 7 0.0374 0.0000 0 0 -4.943 26.037 28.346
1 64 20 0.0812 0.0000 0 0 -7.124 24.779 25.528
1 65 17 0.1812 -0.592 0 0 -6.396 21.870 23.219
1 66 0 0.0562 -0.995 0 0 -9.997 22.616 22.279
1 67 14 0.1374 -0.820 0 0 -8.779 26.141 21.612
1 68 1 0.4312 0.3415 0 0 -6.221 24.483 19.319
1 69 3 0.3312 -0.587 0 0 -8.765 22.161 17.675
1 70 6 0.2312 -0.545 0 0 -10.330 25.131 15.920
1 71 20 0.5125 0.6212 0 0 -7.219 26.259 14.043
1 72 14 0.6437 0.3319 0 0 -5.802 22.770 13.463
1 73 1 0.375 -0.855 0 0 -9.080 21.862 11.761
1 74 18 0.3937 -0.322 0 0 -8.729 24.517 9.057
1 75 9 0.6937 0.0000 0 0 -4.952 24.465 8.564
1 76 7 0.675 -0.617 0 0 -3.688 22.620 5.483
1 77 9 0.8875 0.0000 0 0 -0.063 22.297 6.542
1 78 15 0.9687 -0.776 0 0 1.824 22.762 9.789
1 79 12 0.9937 0.5663 0 0 5.248 24.051 10.745
1 80 5 0.9875 -0.701 0 0 6.119 22.177 13.925
1 81 22 0.975 0.3522 0 0 8.839 24.262 15.517
1 82 15 0.875 -0.273 0 0 11.252 23.457 18.327
1 83 0 0.7125 -0.401 0 0 14.441 25.205 19.445
1 84 11 0.5 -0.117 0 0 17.765 23.334 19.261
1 85 2 0.2937 0.1182 0 0 18.822 24.720 22.648
1 86 2 0.3562 0.3093 0 0 15.586 23.570 24.303
1 87 18 0.2875 -0.888 0 0 15.165 19.832 24.920
1 88 13 0.3249 0.1177 0 0 11.656 20.218 26.376
1 89 17 0.6062 0.3724 0 0 10.461 21.940 23.184
1 90 15 0.625 -0.286 0 0 11.780 19.011 21.100
1 91 7 0.4125 -0.928 0 0 10.071 16.434 23.297
1 92 3 0.5375 -0.288 0 0 6.807 18.401 23.089
1 93 11 0.7687 0.6839 0 0 6.725 17.933 19.294
1 94 10 0.5312 -0.875 0 0 5.067 14.545 19.788
1 95 6 0.4812 -0.543 0 0 2.079 16.019 21.652
1 96 20 0.7562 0.3846 0 0 1.503 18.609 18.894
1 97 1 0.7312 -0.054 0 0 1.713 16.022 16.094
1 98 7 0.4250 -0.519 0 0 -0.686 13.615 17.816
1 99 6 0.4499 0.0940 0 0 -3.206 16.448 18.347
1 100 11 0.65 0.9887 0 0 -2.975 17.476 14.686
1 101 13 0.4187 -0.027 0 0 -3.554 13.875 13.587
1 102 1 0.1624 -0.098 0 0 -6.455 13.536 16.034
1 103 22 0.2249 0.7060 0 0 -8.322 16.614 14.752
1 104 13 0.3187 0.7518 0 0 -7.585 16.068 11.036
1 105 3 0.0625 -0.729 0 0 -8.497 12.366 11.199
1 106 17 0.1437 0.2504 0 0 -5.300 11.498 9.345
1 107 3 0.1750 -0.940 0 0 -2.001 9.736 9.820
1 108 3 0.3812 -0.707 0 0 -0.636 11.863 6.956
1 109 22 0.6125 0.2588 0 0 -0.942 15.652 7.194
1 110 16 0.775 -0.611 0 0 1.414 18.060 5.386
1 111 14 0.9187 -0.025 0 0 3.981 18.975 8.016
1 112 22 0.95 0.1020 0 0 7.605 20.089 8.339
1 113 12 0.9437 -0.681 0 0 9.775 19.617 11.444
1 114 22 0.9562 0.7008 0 0 11.765 22.790 12.085
1 115 9 0.8625 0.0000 0 0 14.746 23.030 14.396
1 116 2 0.85 0.2367 0 0 15.046 26.766 15.028
1 117 13 0.5812 0.0823 0 0 17.799 28.943 16.580
1 118 5 0.4375 0.3126 0 0 20.543 27.047 14.735
1 119 3 0.1875 0.3216 0 0 22.790 30.109 15.074
1 120 12 0.1062 0.4238 0 0 23.315 29.255 18.754
1 121 0 0.0124 -0.911 0 0 26.409 27.258 19.796
1 122 0 0.0187 -0.283 0 0 24.853 25.938 22.992
1 123 1 0.0875 0.4367 0 0 22.678 23.286 21.362
1 124 18 0.0749 0.1122 0 0 21.060 20.510 23.378
1 125 22 0.2687 0.8644 0 0 19.195 18.671 20.611
1 126 7 0.1312 -0.958 0 0 21.461 17.009 18.029
1 127 17 0.3125 -0.106 0 0 20.624 17.247 14.336
1 128 1 0.1187 -0.909 0 0 20.751 13.443 14.012
1 129 6 0.1687 -0.159 0 0 18.208 13.169 16.846
1 130 0 0.4937 0.6466 0 0 15.706 15.426 15.106
1 131 6 0.4 -0.144 0 0 16.523 13.900 11.720
1 132 3 0.1999 -0.822 0 0 15.611 10.406 12.882
1 133 12 0.4062 0.5318 0 0 12.367 11.593 14.494
1 134 0 0.5875 0.4903 0 0 11.362 13.301 11.246
1 135 1 0.3437 -0.928 0 0 12.203 10.060 9.401
1 136 17 0.2125 0.1567 0 0 9.873 8.099 11.673
1 137 20 0.4437 0.5188 0 0 7.069 10.580 10.964
1 138 9 0.3874 0.0000 0 0 7.914 10.525 7.280
1 139 11 0.6812 0.6900 0 0 8.243 14.305 7.175
1 140 16 0.7437 0.2380 0 0 11.109 16.663 6.187
1 141 20 0.8 -0.108 0 0 13.455 18.164 8.787
1 142 11 0.8375 0.2766 0 0 14.839 21.676 8.214
1 143 7 0.7625 -0.719 0 0 17.020 23.738 10.557
1 144 18 0.7937 0.9705 0 0 16.399 27.470 10.649
1 145 17 0.6312 -0.987 0 0 17.577 30.686 12.188
1 146 0 0.6562 0.4297 0 0 15.116 33.562 12.298
1 147 13 0.3625 -0.748 0 0 18.171 35.615 13.304
1 148 18 0.2562 -0.071 0 0 20.313 34.989 10.206
1 149 1 0.4562 0.0261 0 0 17.364 34.030 7.953
1 150 6 0.4625 -0.296 0 0 19.004 30.669 7.183
1 151 9 0.6875 0.0000 0 0 16.432 28.110 6.122
1 152 22 0.825 -0.177 0 0 13.402 30.389 6.615
1 153 7 0.7 -0.896 0 0 12.094 30.425 3.013
1 154 3 0.725 -0.440 0 0 13.189 26.807 2.744
1 155 0 0.925 0.6540 0 0 10.923 25.773 5.633
1 156 15 0.9062 0.4506 0 0 7.799 27.573 4.418
1 157 20 0.75 -0.548 0 0 8.286 26.712 0.729
1 158 18 0.7812 0.1228 0 0 8.937 23.043 1.517
1 159 12 0.8937 0.7689 0 0 5.642 23.018 3.441
1 160 22 0.7187 -0.364 0 0 3.811 24.501 0.453
1 161 1 0.5187 -0.100 0 0 5.318 21.785 -1.745
1 162 7 0.6375 0.2945 0 0 4.157 19.111 0.713
1 163 11 0.55 0.5389 0 0 0.591 20.422 0.458
1 164 1 0.3375 0.0617 0 0 0.878 20.481 -3.358
1 165 6 0.2062 -0.278 0 0 1.858 16.792 -3.184
1 166 10 0.275 0.2204 0 0 -0.787 15.611 -0.713
