1 1 14 0.0120 0.0616 0 0 65.193 51.721 32.992
1 2 18 0.0662 0.1545 0 0 62.931 54.548 31.745
1 3 7 0.2891 -0.346 0 0 63.879 58.143 32.656
1 4 20 0.5361 -0.365 0 0 61.689 61.277 32.882
1 5 13 0.7590 -0.635 0 0 62.690 64.883 33.699
1 6 12 0.9216 0.0396 0 0 60.938 66.957 36.406
1 7 22 0.9397 -0.688 0 0 61.296 70.634 35.419
1 8 22 0.9819 0.3011 0 0 60.681 72.196 38.867
1 9 22 0.9698 -0.506 0 0 59.744 75.906 38.959
1 10 9 0.9457 0.4575 0 0 58.097 78.277 41.471
1 11 0 0.8132 -0.209 0 0 59.432 80.991 43.807
1 12 9 0.6686 -0.041 0 0 62.316 81.521 46.264
1 13 9 0.6385 0.3680 0 0 60.152 80.585 49.271
1 14 22 0.8253 0.7148 0 0 57.563 77.956 48.241
1 15 9 0.8313 -0.459 0 0 59.344 74.788 49.439
1 16 13 0.9578 0.0660 0 0 60.345 73.283 46.053
1 17 17 0.8493 -0.522 0 0 63.877 72.464 47.299
1 18 0 0.7530 -0.355 0 0 62.925 70.989 50.722
1 19 12 0.8855 0.6158 0 0 60.420 68.899 48.718
1 20 18 0.8734 0.3184 0 0 63.165 67.527 46.444
1 21 11 0.6204 -0.161 0 0 65.933 66.882 49.064
1 22 6 0.5662 -0.062 0 0 63.271 65.526 51.457
1 23 12 0.6084 0.6420 0 0 62.300 62.855 48.884
1 24 11 0.4518 0.4914 0 0 66.009 61.879 48.797
1 25 6 0.2168 -0.234 0 0 67.762 62.535 52.168
1 26 2 0.2771 -0.215 0 0 64.414 63.143 53.967
1 27 10 0.1506 0.1372 0 0 65.617 65.669 56.592
1 28 15 0.3433 0.0740 0 0 63.618 68.883 55.809
1 29 22 0.3192 0.6566 0 0 66.327 71.497 55.040
1 30 3 0.1566 -0.694 0 0 65.762 74.610 57.188
1 31 7 0.1325 -0.789 0 0 68.616 76.691 55.702
1 32 20 0.3012 0.5164 0 0 69.305 75.724 52.063
1 33 3 0.1807 -0.951 0 0 71.162 78.419 50.073
1 34 16 0.4397 -0.309 0 0 69.021 79.215 46.965
1 35 18 0.2289 -0.761 0 0 72.287 80.153 45.157
1 36 11 0.2831 -0.285 0 0 73.222 76.507 44.408
1 37 7 0.4277 -0.044 0 0 72.619 74.612 41.133
1 38 3 0.4578 -0.582 0 0 72.496 70.793 40.864
1 39 17 0.5542 -0.658 0 0 70.350 67.856 39.682
1 40 20 0.5843 0.2125 0 0 68.765 65.532 42.281
1 41 1 0.5180 -0.585 0 0 67.824 62.036 41.038
1 42 13 0.4638 0.4862 0 0 65.880 59.101 42.507
1 43 6 0.1746 -0.850 0 0 65.438 55.411 41.574
1 44 22 0.2108 0.8445 0 0 62.099 54.508 43.187
1 45 22 0.1385 -0.998 0 0 59.300 52.448 41.587
1 46 11 0.1987 0.6874 0 0 55.856 53.740 40.512
1 47 3 0.0481 0.3832 0 0 53.718 50.565 40.648
1 48 9 0.0 0.5892 0 0 55.971 47.669 39.559
1 49 7 0.0240 -0.311 0 0 58.339 49.398 37.096
1 50 18 0.0542 -0.397 0 0 61.352 51.448 38.266
1 51 5 0.2228 0.6179 0 0 62.052 54.876 36.711
1 52 12 0.3373 -0.693 0 0 64.925 57.333 37.305
1 53 12 0.6144 0.3494 0 0 63.820 60.986 37.632
1 54 3 0.6566 -0.642 0 0 66.233 63.862 36.886
1 55 11 0.8795 0.2417 0 0 64.623 66.586 39.044
1 56 12 0.8614 -0.636 0 0 66.041 70.087 38.425
1 57 3 0.8975 -0.238 0 0 65.413 72.724 41.134
1 58 18 0.7951 0.5332 0 0 66.908 75.455 38.871
1 59 0 0.6265 -0.387 0 0 68.192 78.189 41.236
1 60 9 0.3674 0.8194 0 0 70.240 80.860 39.392
1 61 6 0.1204 0.1260 0 0 73.995 81.615 39.267
1 62 7 0.0361 -0.742 0 0 74.239 85.431 38.981
1 63 7 0.0180 -0.665 0 0 72.883 87.180 35.856
1 64 20 0.0060 -0.492 0 0 73.268 85.622 32.373
1 65 17 0.0783 0.6053 0 0 72.645 81.969 33.407
1 66 0 0.1024 -0.996 0 0 71.031 80.853 30.079
1 67 14 0.2650 0.1970 0 0 70.473 77.367 31.577
1 68 1 0.5301 0.2420 0 0 66.868 77.538 32.844
1 69 3 0.3855 -0.636 0 0 65.597 78.385 29.330
1 70 6 0.2951 -0.287 0 0 67.363 75.368 27.776
1 71 20 0.5722 0.2383 0 0 65.829 73.188 30.540
1 72 14 0.6626 0.5442 0 0 62.231 74.313 29.823
1 73 1 0.4337 -0.981 0 0 62.712 72.612 26.427
1 74 18 0.4698 -0.214 0 0 64.528 69.488 27.767
1 75 9 0.7168 -0.107 0 0 62.435 68.314 30.772
1 76 7 0.7710 -0.793 0 0 58.634 67.893 30.513
1 77 9 0.9096 -0.723 0 0 57.356 67.417 34.116
1 78 15 0.9638 -0.777 0 0 56.558 70.991 35.186
1 79 12 0.9939 0.5330 0 0 56.063 70.765 38.964
1 80 5 0.9879 -0.846 0 0 55.241 74.455 39.483
1 81 22 0.9759 0.2606 0 0 55.418 74.622 43.316
1 82 15 0.9036 -0.696 0 0 52.962 77.278 44.550
1 83 0 0.7831 -0.066 0 0 53.065 78.165 48.270
1 84 11 0.5481 -0.115 0 0 49.448 78.883 49.280
1 85 2 0.3614 -0.476 0 0 50.668 80.638 52.472
1 86 2 0.3915 0.5082 0 0 52.715 83.176 50.466
1 87 18 0.3554 -0.915 0 0 50.329 84.556 47.769
1 88 13 0.3734 -0.534 0 0 53.217 86.090 45.763
1 89 17 0.6867 0.2924 0 0 54.093 82.562 44.602
1 90 15 0.5903 -0.304 0 0 50.592 82.357 43.068
1 91 7 0.4457 -0.797 0 0 51.191 85.502 40.970
1 92 3 0.6445 0.1622 0 0 54.500 83.854 39.969
1 93 11 0.7891 0.7457 0 0 52.599 80.855 38.527
1 94 10 0.5120 -0.990 0 0 50.688 83.332 36.310
1 95 6 0.4759 -0.888 0 0 53.669 84.472 34.158
1 96 20 0.7409 0.4649 0 0 55.380 81.081 34.720
1 97 1 0.6506 0.6779 0 0 52.734 79.608 32.354
1 98 7 0.4036 -0.675 0 0 54.027 81.779 29.479
1 99 6 0.4819 0.1824 0 0 57.751 81.083 29.511
1 100 11 0.6325 0.9717 0 0 57.204 77.311 29.568
1 101 13 0.4156 -0.057 0 0 54.675 77.860 26.790
1 102 1 0.1927 -0.300 0 0 57.389 79.986 25.103
1 103 22 0.2710 0.7221 0 0 60.015 77.262 24.961
1 104 13 0.2469 0.7739 0 0 57.730 74.436 23.763
1 105 3 0.0903 -0.574 0 0 55.814 77.214 21.856
1 106 17 0.0722 0.0115 0 0 52.878 74.758 21.614
1 107 3 0.2349 -0.428 0 0 50.733 75.169 24.787
1 108 3 0.3132 -0.850 0 0 50.766 71.382 25.381
1 109 22 0.5783 0.4651 0 0 53.071 70.548 28.313
1 110 16 0.7349 -0.138 0 0 52.388 67.997 31.064
1 111 14 0.8554 -0.162 0 0 51.842 70.899 33.480
1 112 22 0.9337 0.1663 0 0 51.108 70.421 37.221
1 113 12 0.9277 -0.611 0 0 50.288 73.258 39.669
1 114 22 0.9518 0.6938 0 0 51.115 72.121 43.211
1 115 9 0.8373 0.2121 0 0 50.203 73.907 46.476
1 116 2 0.8433 0.2601 0 0 53.174 73.701 48.880
1 117 13 0.5963 -0.209 0 0 52.846 74.911 52.510
1 118 5 0.4879 0.5189 0 0 49.450 73.228 53.054
1 119 3 0.2590 0.4245 0 0 50.445 72.001 56.573
1 120 12 0.0963 0.6863 0 0 48.867 74.925 58.493
1 121 0 0.0301 -0.907 0 0 45.556 76.744 59.109
1 122 0 0.0421 -0.081 0 0 46.749 80.156 57.834
1 123 1 0.1144 0.1339 0 0 45.426 79.782 54.264
1 124 18 0.0843 0.1614 0 0 45.914 83.096 52.410
1 125 22 0.2048 0.8827 0 0 44.899 81.364 49.153
1 126 7 0.1084 -0.508 0 0 41.440 79.718 49.295
1 127 17 0.1686 -0.312 0 0 41.026 76.253 47.721
1 128 1 0.0602 -0.864 0 0 38.551 77.536 45.111
1 129 6 0.1265 0.2535 0 0 40.147 80.319 43.047
1 130 0 0.4216 0.3295 0 0 43.221 78.066 42.769
1 131 6 0.3313 -0.196 0 0 41.013 75.311 41.314
1 132 3 0.1626 -0.891 0 0 40.020 77.766 38.554
1 133 12 0.3975 0.4100 0 0 43.672 78.683 37.826
1 134 0 0.5602 0.4975 0 0 44.760 75.076 37.164
1 135 1 0.3072 -0.731 0 0 41.486 73.948 35.506
1 136 17 0.1867 -0.003 0 0 42.022 76.902 33.135
1 137 20 0.3795 0.3051 0 0 45.078 75.256 31.520
1 138 9 0.3493 -0.594 0 0 43.557 71.756 32.008
1 139 11 0.6024 0.5403 0 0 46.073 70.790 34.726
1 140 16 0.6807 0.3295 0 0 45.690 69.029 38.121
1 141 20 0.7469 -0.167 0 0 45.867 71.054 41.370
1 142 11 0.8012 0.5068 0 0 47.582 69.511 44.435
1 143 7 0.7771 -0.748 0 0 48.855 70.630 47.875
1 144 18 0.8072 0.8856 0 0 52.132 69.330 49.382
1 145 17 0.7108 -0.777 0 0 54.349 70.210 52.371
1 146 0 0.7048 0.6390 0 0 58.094 69.448 52.619
1 147 13 0.4096 -0.726 0 0 57.833 69.830 56.438
1 148 18 0.3253 -0.094 0 0 56.014 66.459 56.779
1 149 1 0.5060 -0.389 0 0 56.181 64.474 53.458
1 150 6 0.5 -0.493 0 0 52.449 65.264 53.020
1 151 9 0.6987 -0.999 0 0 51.301 65.562 49.380
1 152 22 0.8192 -0.075 0 0 54.874 65.103 48.041
1 153 7 0.6927 -0.889 0 0 53.703 61.687 46.772
1 154 3 0.7289 -0.640 0 0 50.578 63.047 45.023
1 155 0 0.9156 0.5285 0 0 52.785 65.592 43.185
1 156 15 0.8915 0.4517 0 0 55.654 63.455 41.806
1 157 20 0.7228 -0.609 0 0 53.075 60.705 41.073
1 158 18 0.7650 0.1343 0 0 50.632 62.856 39.058
1 159 12 0.8674 0.9949 0 0 53.678 64.081 37.068
1 160 22 0.6746 -0.171 0 0 54.926 60.634 35.941
1 161 1 0.4939 -0.337 0 0 51.312 59.643 35.120
1 162 7 0.5421 0.4098 0 0 50.593 62.676 32.893
1 163 11 0.5240 0.7069 0 0 53.905 62.210 31.025
1 164 1 0.2530 -0.301 0 0 53.042 58.504 30.554
1 165 6 0.1445 -0.231 0 0 50.068 59.539 28.405
1 166 10 0.2409 0.1936 0 0 50.963 62.971 26.915
