1 1 14 0.0180 -0.120 0 0 64.150 51.835 33.149
1 2 18 0.0783 0.1841 0 0 62.676 55.028 31.636
1 3 7 0.3012 -0.545 0 0 63.957 58.566 32.344
1 4 20 0.5662 -0.388 0 0 61.684 61.574 33.020
1 5 13 0.7831 -0.714 0 0 62.655 65.158 33.971
1 6 12 0.9337 -0.047 0 0 60.728 66.875 36.807
1 7 22 0.9397 -0.746 0 0 61.230 70.446 35.507
1 8 22 0.9879 0.4423 0 0 60.371 72.263 38.789
1 9 22 0.9698 -0.220 0 0 59.553 76.010 38.742
1 10 9 0.9457 0.5418 0 0 58.021 78.278 41.422
1 11 0 0.8012 -0.268 0 0 58.613 81.186 43.830
1 12 9 0.7168 -0.046 0 0 61.940 81.286 45.718
1 13 9 0.6566 0.3715 0 0 60.781 80.107 49.171
1 14 22 0.8132 0.7049 0 0 57.640 78.023 48.387
1 15 9 0.8373 -0.436 0 0 59.709 74.948 49.376
1 16 13 0.9578 0.2602 0 0 60.837 73.566 45.980
1 17 17 0.8313 -0.553 0 0 64.248 72.399 47.248
1 18 0 0.7530 -0.299 0 0 63.047 71.112 50.675
1 19 12 0.8795 0.6083 0 0 60.572 68.983 48.659
1 20 18 0.8674 0.2463 0 0 63.278 67.511 46.383
1 21 11 0.6144 -0.197 0 0 65.896 66.784 49.121
1 22 6 0.5722 -0.008 0 0 63.033 65.300 51.170
1 23 12 0.6024 0.4915 0 0 62.354 62.499 48.649
1 24 11 0.4457 0.5160 0 0 66.173 62.059 48.520
1 25 6 0.2048 -0.297 0 0 68.015 62.571 51.874
1 26 2 0.2409 -0.408 0 0 64.637 62.302 53.700
1 27 10 0.1746 -0.040 0 0 64.713 65.200 56.207
1 28 15 0.2831 0.1889 0 0 63.131 68.657 56.676
1 29 22 0.2891 0.5450 0 0 65.708 71.329 55.730
1 30 3 0.1927 -0.706 0 0 65.144 74.958 56.823
1 31 7 0.1686 -0.996 0 0 68.097 76.306 54.766
1 32 20 0.3433 0.4390 0 0 69.461 74.274 51.823
1 33 3 0.1626 -0.792 0 0 71.673 77.152 50.588
1 34 16 0.3855 -0.450 0 0 69.489 78.981 48.004
1 35 18 0.1445 -0.831 0 0 72.754 79.903 46.195
1 36 11 0.2771 -0.319 0 0 73.240 76.383 44.750
1 37 7 0.4277 0.0970 0 0 72.091 75.034 41.354
1 38 3 0.4397 -0.760 0 0 72.472 71.281 40.683
1 39 17 0.5421 -0.612 0 0 70.439 68.342 39.304
1 40 20 0.5843 0.1681 0 0 69.103 65.946 41.975
1 41 1 0.5060 -0.611 0 0 68.179 62.446 40.732
1 42 13 0.4698 -0.070 0 0 66.184 59.711 42.507
1 43 6 0.2168 -0.965 0 0 65.533 56.046 41.614
1 44 22 0.2469 0.9278 0 0 62.090 54.943 42.865
1 45 22 0.1204 -0.990 0 0 59.168 52.755 41.711
1 46 11 0.2590 0.7638 0 0 55.847 54.288 40.575
1 47 3 0.0421 0.4130 0 0 53.654 51.165 40.274
1 48 9 0.0 0.3353 0 0 55.767 48.040 39.608
1 49 7 0.0301 -0.044 0 0 58.178 49.873 37.265
1 50 18 0.0481 -0.447 0 0 61.359 51.600 38.518
1 51 5 0.1987 0.6575 0 0 62.060 54.813 36.555
1 52 12 0.3313 -0.387 0 0 65.010 57.213 37.006
1 53 12 0.5963 0.2807 0 0 63.589 60.699 37.695
1 54 3 0.6325 -0.535 0 0 66.102 63.526 37.101
1 55 11 0.8493 0.0878 0 0 64.542 66.177 39.377
1 56 12 0.8855 -0.322 0 0 65.454 69.734 38.311
1 57 3 0.9096 -0.086 0 0 65.405 72.017 41.383
1 58 18 0.8072 0.3588 0 0 66.465 75.430 40.008
1 59 0 0.6385 -0.645 0 0 67.793 78.002 42.516
1 60 9 0.4578 0.2995 0 0 68.011 81.828 42.699
1 61 6 0.1867 -0.043 0 0 71.031 83.278 40.829
1 62 7 0.0662 -0.173 0 0 70.255 86.540 38.980
1 63 7 0.0060 -0.796 0 0 71.878 88.139 35.889
1 64 20 0.0120 -0.286 0 0 72.187 86.111 32.644
1 65 17 0.1144 0.5643 0 0 70.386 82.735 32.888
1 66 0 0.0963 -0.982 0 0 70.436 80.554 29.739
1 67 14 0.2530 0.1309 0 0 70.736 77.156 31.511
1 68 1 0.5240 0.4372 0 0 67.320 77.460 33.217
1 69 3 0.4216 -0.672 0 0 65.690 78.290 29.860
1 70 6 0.3192 -0.858 0 0 67.493 75.405 28.123
1 71 20 0.5542 0.2149 0 0 66.095 73.021 30.766
1 72 14 0.6445 0.4388 0 0 62.589 74.352 30.019
1 73 1 0.4036 -0.994 0 0 63.103 72.885 26.505
1 74 18 0.4156 -0.282 0 0 64.791 69.587 27.520
1 75 9 0.6807 -0.073 0 0 62.771 68.379 30.558
1 76 7 0.7409 -0.742 0 0 58.993 67.828 30.203
1 77 9 0.8975 -0.699 0 0 57.326 67.474 33.641
1 78 15 0.9638 -0.681 0 0 56.492 70.929 35.045
1 79 12 0.9939 0.6595 0 0 55.914 70.974 38.821
1 80 5 0.9819 -0.788 0 0 54.779 74.616 39.140
1 81 22 0.9759 0.3999 0 0 55.274 74.997 42.926
1 82 15 0.9036 -0.569 0 0 53.175 77.730 44.566
1 83 0 0.7771 -0.153 0 0 53.100 78.355 48.346
1 84 11 0.5481 -0.079 0 0 49.438 78.838 49.342
1 85 2 0.3614 -0.489 0 0 50.561 80.778 52.460
1 86 2 0.3975 0.4557 0 0 52.565 83.284 50.379
1 87 18 0.3795 -0.933 0 0 50.251 84.419 47.512
1 88 13 0.4096 -0.483 0 0 53.205 85.840 45.508
1 89 17 0.7228 0.2888 0 0 53.867 82.267 44.326
1 90 15 0.6204 -0.315 0 0 50.365 82.245 42.771
1 91 7 0.4518 -0.891 0 0 51.184 85.352 40.702
1 92 3 0.6506 0.0902 0 0 54.539 83.658 39.928
1 93 11 0.7951 0.8245 0 0 52.752 80.636 38.383
1 94 10 0.5301 -0.967 0 0 50.635 82.910 36.127
1 95 6 0.4819 -0.704 0 0 53.705 84.208 34.222
1 96 20 0.7590 0.3646 0 0 55.748 81.020 34.804
1 97 1 0.6987 -0.283 0 0 52.983 79.223 32.828
1 98 7 0.4337 -0.620 0 0 53.766 81.306 29.719
1 99 6 0.4638 0.0564 0 0 57.521 81.067 29.318
1 100 11 0.5903 0.9419 0 0 57.075 77.269 29.228
1 101 13 0.3674 0.0247 0 0 54.880 77.799 26.178
1 102 1 0.1807 -0.255 0 0 57.724 79.991 24.841
1 103 22 0.2710 0.7516 0 0 60.459 77.372 25.048
1 104 13 0.2349 0.6740 0 0 58.483 74.373 23.715
1 105 3 0.0542 -0.860 0 0 56.567 76.944 21.585
1 106 17 0.1024 -0.316 0 0 53.247 75.178 22.304
1 107 3 0.2228 -0.172 0 0 50.597 74.630 25.009
1 108 3 0.3373 -0.902 0 0 50.644 70.843 25.578
1 109 22 0.5783 0.4702 0 0 53.150 70.003 28.358
1 110 16 0.7349 -0.155 0 0 52.284 67.611 31.202
1 111 14 0.8433 -0.122 0 0 51.718 70.643 33.464
1 112 22 0.9216 0.1570 0 0 51.066 70.251 37.234
1 113 12 0.9277 -0.575 0 0 50.313 73.161 39.611
1 114 22 0.9518 0.6101 0 0 51.111 72.136 43.186
1 115 9 0.8614 0.0428 0 0 50.393 74.196 46.331
1 116 2 0.8734 0.4769 0 0 53.304 73.782 48.782
1 117 13 0.6265 -0.114 0 0 53.074 74.858 52.451
1 118 5 0.5 0.5975 0 0 49.636 73.253 52.983
1 119 3 0.2951 0.4325 0 0 50.465 72.004 56.520
1 120 12 0.0903 0.5808 0 0 49.351 75.159 58.389
1 121 0 0.0240 -0.876 0 0 46.160 77.107 59.247
1 122 0 0.0361 -0.021 0 0 47.064 80.461 57.608
1 123 1 0.0843 0.1831 0 0 45.377 79.789 54.233
1 124 18 0.0722 0.1109 0 0 45.837 83.009 52.218
1 125 22 0.2289 0.8872 0 0 45.003 81.051 49.031
1 126 7 0.1084 -0.718 0 0 41.632 79.248 49.308
1 127 17 0.2108 -0.245 0 0 41.288 76.006 47.301
1 128 1 0.0602 -0.934 0 0 38.671 77.782 45.148
1 129 6 0.1506 -0.334 0 0 41.298 80.203 43.830
1 130 0 0.4759 0.4790 0 0 43.788 77.473 42.858
1 131 6 0.3132 -0.352 0 0 40.835 75.527 41.400
1 132 3 0.1265 -0.801 0 0 39.750 78.474 39.220
1 133 12 0.3734 0.4820 0 0 43.307 79.186 37.971
1 134 0 0.5361 0.5966 0 0 44.575 75.621 37.408
1 135 1 0.3072 -0.812 0 0 41.242 74.174 36.162
1 136 17 0.1385 -0.132 0 0 41.174 77.054 33.657
1 137 20 0.3554 0.3817 0 0 44.419 75.963 31.950
1 138 9 0.3493 -0.434 0 0 43.199 72.333 32.225
1 139 11 0.6084 0.5114 0 0 45.975 71.238 34.606
1 140 16 0.6746 0.2768 0 0 45.735 69.039 37.754
1 141 20 0.7650 -0.082 0 0 45.952 70.809 41.147
1 142 11 0.7891 0.4483 0 0 47.513 69.049 44.175
1 143 7 0.7710 -0.941 0 0 48.824 69.937 47.671
1 144 18 0.8253 0.9641 0 0 52.309 69.475 49.198
1 145 17 0.6867 -0.936 0 0 54.128 70.074 52.507
1 146 0 0.6686 0.5897 0 0 57.835 69.228 52.954
1 147 13 0.3915 -0.793 0 0 57.273 69.596 56.740
1 148 18 0.3253 -0.223 0 0 55.737 66.072 56.761
1 149 1 0.5120 -0.583 0 0 55.883 64.598 53.198
1 150 6 0.4939 -0.805 0 0 52.158 65.466 52.929
1 151 9 0.7048 -0.999 0 0 51.175 65.607 49.230
1 152 22 0.8192 -0.076 0 0 54.781 65.090 48.005
1 153 7 0.6927 -0.871 0 0 53.693 61.617 46.801
1 154 3 0.7289 -0.610 0 0 50.607 62.924 44.944
1 155 0 0.9156 0.5831 0 0 52.725 65.465 43.005
1 156 15 0.8915 0.3998 0 0 55.677 63.277 41.931
1 157 20 0.7108 -0.610 0 0 53.346 60.342 41.094
1 158 18 0.7469 0.0067 0 0 50.722 62.344 39.134
1 159 12 0.8554 0.9192 0 0 53.688 63.897 37.260
1 160 22 0.6626 -0.221 0 0 55.000 60.607 35.794
1 161 1 0.4879 -0.369 0 0 51.365 59.650 35.030
1 162 7 0.5602 0.5199 0 0 50.883 62.780 32.873
1 163 11 0.5180 0.6714 0 0 54.102 62.205 30.876
1 164 1 0.2650 -0.426 0 0 53.274 58.511 30.282
1 165 6 0.1325 -0.171 0 0 49.733 59.124 28.953
1 166 10 0.1566 0.3561 0 0 51.095 61.845 26.621
