1 1 14 0.0060 0.1227 0 0 63.808 51.957 32.648
1 2 18 0.0722 0.0718 0 0 63.255 55.281 30.815
1 3 7 0.3192 0.2306 0 0 64.008 58.608 32.558
1 4 20 0.5722 -0.324 0 0 62.051 61.840 33.191
1 5 13 0.7831 -0.339 0 0 63.139 65.371 34.211
1 6 12 0.9277 0.0298 0 0 60.970 67.063 36.876
1 7 22 0.9457 -0.737 0 0 61.315 70.672 35.654
1 8 22 0.9879 0.4613 0 0 60.410 72.340 39.002
1 9 22 0.9698 -0.646 0 0 59.643 76.098 39.208
1 10 9 0.9397 0.2615 0 0 57.475 78.249 41.531
1 11 0 0.8192 -0.114 0 0 58.575 81.419 43.395
1 12 9 0.6927 -0.067 0 0 61.606 81.505 45.715
1 13 9 0.6204 0.3170 0 0 60.852 80.464 49.319
1 14 22 0.8253 0.7737 0 0 57.886 78.089 48.671
1 15 9 0.8313 -0.380 0 0 59.841 74.991 49.800
1 16 13 0.9578 0.3505 0 0 60.482 73.385 46.384
1 17 17 0.8433 -0.405 0 0 64.010 72.055 47.198
1 18 0 0.7349 -0.400 0 0 63.287 70.801 50.775
1 19 12 0.8614 0.5133 0 0 60.345 68.999 49.096
1 20 18 0.8795 0.4192 0 0 62.509 67.321 46.408
1 21 11 0.6626 -0.231 0 0 65.349 66.192 48.754
1 22 6 0.5843 -0.103 0 0 62.576 64.921 51.050
1 23 12 0.6385 0.5100 0 0 61.353 62.297 48.544
1 24 11 0.5 0.5245 0 0 65.064 61.425 48.069
1 25 6 0.2168 -0.389 0 0 67.096 61.445 51.358
1 26 2 0.2710 -0.367 0 0 63.917 62.062 53.448
1 27 10 0.1686 0.0094 0 0 64.695 64.846 55.967
1 28 15 0.3072 0.1575 0 0 63.126 68.319 56.436
1 29 22 0.3012 0.5127 0 0 66.023 70.585 55.360
1 30 3 0.1867 -0.895 0 0 65.732 74.282 56.317
1 31 7 0.3132 -0.895 0 0 68.019 75.180 53.373
1 32 20 0.3493 0.4433 0 0 70.016 72.467 51.555
1 33 3 0.4096 0.9286 0 0 70.657 74.804 48.564
1 34 16 0.3313 -0.733 0 0 70.026 78.512 49.231
1 35 18 0.1927 -0.890 0 0 72.276 79.246 46.199
1 36 11 0.2891 -0.258 0 0 73.174 75.826 44.696
1 37 7 0.4518 0.0871 0 0 72.196 74.812 41.136
1 38 3 0.4277 -0.748 0 0 72.812 71.032 41.074
1 39 17 0.5421 -0.538 0 0 70.498 68.300 39.715
1 40 20 0.5783 0.4945 0 0 69.103 65.736 42.197
1 41 1 0.4939 -0.412 0 0 68.666 62.068 41.215
1 42 13 0.4397 0.4782 0 0 66.624 59.306 42.851
1 43 6 0.2289 -0.827 0 0 65.535 56.106 41.032
1 44 22 0.1566 0.8287 0 0 62.468 54.121 42.169
1 45 22 0.0783 -0.998 0 0 59.669 51.906 40.778
1 46 11 0.2048 0.9819 0 0 56.417 53.878 40.346
1 47 3 0.0361 0.1189 0 0 54.378 50.799 39.310
1 48 9 0.0301 0.7241 0 0 56.290 50.914 35.995
1 49 7 0.0 -0.535 0 0 59.846 49.678 35.286
1 50 18 0.0421 -0.631 0 0 62.127 51.477 37.795
1 51 5 0.1807 0.5135 0 0 61.785 54.857 36.026
1 52 12 0.3253 -0.273 0 0 64.775 57.025 37.034
1 53 12 0.5903 0.2326 0 0 63.507 60.352 38.428
1 54 3 0.6506 -0.498 0 0 66.051 63.142 37.815
1 55 11 0.8493 0.3001 0 0 64.605 66.131 39.727
1 56 12 0.8674 -0.459 0 0 65.699 69.631 38.669
1 57 3 0.8915 -0.049 0 0 65.665 72.638 41.022
1 58 18 0.7951 0.5366 0 0 66.680 76.306 40.605
1 59 0 0.5542 -0.659 0 0 68.513 78.763 42.904
1 60 9 0.4337 0.7447 0 0 68.203 82.501 42.121
1 61 6 0.1204 0.0615 0 0 71.876 83.640 42.264
1 62 7 0.0240 -0.226 0 0 72.894 86.055 39.461
1 63 7 0.0481 0.1092 0 0 70.271 87.070 36.867
1 64 20 0.0120 0.1422 0 0 71.481 86.443 33.285
1 65 17 0.1325 0.1737 0 0 69.405 83.323 32.435
1 66 0 0.0963 -0.533 0 0 70.885 80.577 30.214
1 67 14 0.2650 0.1046 0 0 70.361 76.988 31.433
1 68 1 0.5120 0.3592 0 0 66.775 77.856 32.497
1 69 3 0.3554 -0.857 0 0 65.846 78.420 28.827
1 70 6 0.2771 -0.911 0 0 67.468 75.124 27.790
1 71 20 0.5602 0.1612 0 0 65.773 73.481 30.815
1 72 14 0.6265 0.5499 0 0 62.265 74.249 29.530
1 73 1 0.3915 -0.777 0 0 63.292 72.811 26.124
1 74 18 0.4457 -0.291 0 0 64.973 69.697 27.650
1 75 9 0.6867 -0.108 0 0 62.908 68.666 30.720
1 76 7 0.7469 -0.724 0 0 59.165 67.961 30.317
1 77 9 0.9096 -0.673 0 0 57.442 67.596 33.733
1 78 15 0.9638 -0.708 0 0 56.507 70.950 35.319
1 79 12 0.9939 0.5900 0 0 55.979 70.858 39.095
1 80 5 0.9819 -0.679 0 0 54.764 74.472 39.405
1 81 22 0.9759 0.3557 0 0 55.153 74.886 43.196
1 82 15 0.8975 -0.357 0 0 53.374 77.846 44.806
1 83 0 0.7710 -0.155 0 0 53.299 78.617 48.551
1 84 11 0.5301 0.1341 0 0 49.711 79.337 49.681
1 85 2 0.3433 0.2666 0 0 50.802 81.756 52.453
1 86 2 0.2831 0.8342 0 0 52.669 84.646 50.755
1 87 18 0.3734 -0.830 0 0 50.400 84.630 47.612
1 88 13 0.4216 -0.143 0 0 53.259 85.933 45.391
1 89 17 0.7108 0.3074 0 0 53.745 82.293 44.327
1 90 15 0.6144 -0.309 0 0 50.238 82.200 42.789
1 91 7 0.4638 -0.877 0 0 50.959 85.362 40.764
1 92 3 0.6445 0.1135 0 0 54.307 83.706 39.882
1 93 11 0.8012 0.7735 0 0 52.531 80.652 38.371
1 94 10 0.5240 -0.964 0 0 50.493 82.925 36.056
1 95 6 0.5060 -0.589 0 0 53.787 83.935 34.311
1 96 20 0.7530 0.3284 0 0 56.013 80.838 34.650
1 97 1 0.6987 -0.078 0 0 53.357 78.977 32.590
1 98 7 0.4578 -0.653 0 0 53.982 81.266 29.591
1 99 6 0.4698 -0.138 0 0 57.712 80.895 29.148
1 100 11 0.5963 0.9689 0 0 57.255 77.101 29.155
1 101 13 0.3975 -0.048 0 0 54.809 77.570 26.290
1 102 1 0.1626 -0.463 0 0 57.512 79.794 24.724
1 103 22 0.2349 0.7085 0 0 60.205 77.142 24.666
1 104 13 0.2108 0.6549 0 0 58.075 74.165 23.531
1 105 3 0.0662 -0.922 0 0 56.070 76.782 21.549
1 106 17 0.1144 -0.085 0 0 52.797 75.019 22.449
1 107 3 0.1987 -0.821 0 0 50.062 74.957 25.120
1 108 3 0.3614 -0.783 0 0 50.027 71.301 26.251
1 109 22 0.6084 0.4500 0 0 52.739 70.541 28.834
1 110 16 0.7771 -0.080 0 0 52.358 68.028 31.689
1 111 14 0.8855 -0.299 0 0 52.029 71.044 34.030
1 112 22 0.9337 0.2609 0 0 51.289 70.422 37.752
1 113 12 0.9216 -0.670 0 0 50.181 73.354 39.957
1 114 22 0.9518 0.5658 0 0 51.094 72.164 43.448
1 115 9 0.8554 -0.075 0 0 50.542 74.387 46.519
1 116 2 0.8373 0.4189 0 0 53.257 73.924 49.168
1 117 13 0.6024 -0.147 0 0 53.479 75.167 52.799
1 118 5 0.4819 0.4581 0 0 49.810 74.318 53.503
1 119 3 0.2409 0.4540 0 0 50.784 73.114 57.038
1 120 12 0.1084 0.4205 0 0 50.660 76.699 58.442
1 121 0 0.0602 0.6613 0 0 50.129 80.388 57.609
1 122 0 0.0180 -0.862 0 0 46.297 80.888 57.324
1 123 1 0.0843 0.1407 0 0 45.006 79.557 53.960
1 124 18 0.0903 0.1069 0 0 45.499 82.735 51.884
1 125 22 0.2530 0.8407 0 0 44.798 80.749 48.687
1 126 7 0.1265 -0.774 0 0 41.658 78.600 49.166
1 127 17 0.2228 0.0538 0 0 41.271 75.490 46.961
1 128 1 0.0542 -0.970 0 0 38.244 77.041 45.180
1 129 6 0.1024 0.1248 0 0 39.818 79.964 43.298
1 130 0 0.4156 0.3774 0 0 42.917 77.781 42.826
1 131 6 0.2951 -0.169 0 0 40.677 75.035 41.402
1 132 3 0.1385 -0.862 0 0 39.430 77.500 38.755
1 133 12 0.3855 0.5948 0 0 43.020 78.632 37.985
1 134 0 0.5361 0.6543 0 0 44.410 75.203 37.010
1 135 1 0.2590 -0.873 0 0 41.047 73.934 35.659
1 136 17 0.1506 -0.291 0 0 41.317 76.633 32.978
1 137 20 0.4036 0.2472 0 0 44.736 75.349 31.824
1 138 9 0.3795 -0.584 0 0 43.669 71.667 32.137
1 139 11 0.6686 0.4791 0 0 46.460 70.999 34.666
1 140 16 0.7228 0.3772 0 0 46.175 68.875 37.856
1 141 20 0.7590 -0.173 0 0 45.967 70.703 41.216
1 142 11 0.7891 0.5038 0 0 47.284 69.321 44.546
1 143 7 0.7409 -0.905 0 0 48.437 70.352 48.055
1 144 18 0.8072 0.9460 0 0 51.823 69.725 49.770
1 145 17 0.6566 -0.700 0 0 53.904 70.360 52.897
1 146 0 0.6325 0.6711 0 0 57.350 68.741 53.317
1 147 13 0.3674 -0.714 0 0 57.103 69.651 57.051
1 148 18 0.2469 -0.135 0 0 55.074 66.423 57.418
1 149 1 0.4879 -0.708 0 0 55.438 64.693 53.986
1 150 6 0.4759 -0.457 0 0 51.734 65.455 53.365
1 151 9 0.6746 -0.999 0 0 50.761 65.594 49.659
1 152 22 0.8132 -0.095 0 0 54.397 65.122 48.512
1 153 7 0.6807 -0.909 0 0 53.344 61.668 47.225
1 154 3 0.7048 -0.527 0 0 50.363 62.857 45.126
1 155 0 0.9156 0.4277 0 0 52.635 65.541 43.593
1 156 15 0.9036 0.4094 0 0 55.645 63.534 42.319
1 157 20 0.7289 -0.672 0 0 53.544 60.429 41.460
1 158 18 0.7650 0.0419 0 0 50.840 62.371 39.544
1 159 12 0.8734 0.8079 0 0 53.717 64.119 37.705
1 160 22 0.7168 -0.192 0 0 55.158 60.915 36.174
1 161 1 0.5180 -0.307 0 0 51.558 59.733 35.545
1 162 7 0.5662 0.3399 0 0 50.868 62.708 33.235
1 163 11 0.5481 0.7351 0 0 54.166 62.431 31.301
1 164 1 0.3373 -0.294 0 0 53.720 58.656 30.835
1 165 6 0.1445 -0.276 0 0 50.119 58.658 29.529
1 166 10 0.1746 0.3610 0 0 51.162 61.563 27.253
