1 1 14 0.0060 0.3709 0 0 -6.199 31.236 -6.412
1 2 18 0.0421 0.1538 0 0 -5.016 28.125 -4.739
1 3 7 0.2349 -0.479 0 0 -4.680 28.657 -1.011
1 4 20 0.5481 -0.268 0 0 -2.451 26.718 1.363
1 5 13 0.6686 -0.856 0 0 -3.661 26.682 4.965
1 6 12 0.9036 0.0745 0 0 -0.466 26.272 7.002
1 7 22 0.9457 -0.629 0 0 -0.339 26.039 10.754
1 8 22 0.9879 0.2949 0 0 2.782 26.449 12.896
1 9 22 0.9698 -0.274 0 0 2.740 24.547 16.197
1 10 9 0.9277 0.0000 0 0 5.169 23.703 18.970
1 11 0 0.7951 -0.532 0 0 6.179 24.526 22.492
1 12 9 0.6325 0.0000 0 0 6.397 28.057 23.825
1 13 9 0.6204 0.0000 0 0 9.436 30.016 22.749
1 14 22 0.8132 0.6194 0 0 10.758 27.679 20.061
1 15 9 0.8614 0.0000 0 0 10.453 30.347 17.402
1 16 13 0.9518 0.0851 0 0 7.088 29.780 15.656
1 17 17 0.8433 -0.597 0 0 6.459 33.535 15.294
1 18 0 0.7831 -0.313 0 0 10.062 34.361 14.466
1 19 12 0.8975 0.6818 0 0 9.924 31.830 11.611
1 20 18 0.8855 0.3493 0 0 6.581 33.102 10.337
1 21 11 0.6506 -0.432 0 0 7.555 36.786 10.490
1 22 6 0.6144 -0.384 0 0 10.887 35.998 8.791
1 23 12 0.6987 0.5458 0 0 9.050 34.298 5.910
1 24 11 0.5120 0.3785 0 0 6.321 36.937 5.511
1 25 6 0.3313 0.0141 0 0 8.110 40.118 6.545
1 26 2 0.2590 -0.683 0 0 11.878 39.413 6.152
1 27 10 0.2048 -0.098 0 0 13.211 40.318 9.581
1 28 15 0.3433 0.1235 0 0 14.201 38.485 12.750
1 29 22 0.3192 0.5270 0 0 12.174 39.485 15.842
1 30 3 0.1265 -0.532 0 0 14.478 39.272 18.860
1 31 7 0.0722 -0.191 0 0 11.930 40.453 21.453
1 32 20 0.1084 -0.160 0 0 9.723 38.538 23.874
1 33 3 0.1927 -0.004 0 0 6.165 38.483 22.515
1 34 16 0.3493 -0.876 0 0 4.011 35.461 23.293
1 35 18 0.4819 0.8844 0 0 1.332 34.623 20.761
1 36 11 0.3795 -0.996 0 0 -2.295 33.889 21.325
1 37 7 0.5 -0.076 0 0 -3.265 33.313 17.684
1 38 3 0.5301 -0.217 0 0 -2.057 35.320 14.719
1 39 17 0.5421 -0.688 0 0 -2.970 34.862 11.054
1 40 20 0.5361 0.3388 0 0 -0.838 35.886 8.106
1 41 1 0.3734 -0.558 0 0 -2.121 36.004 4.501
1 42 13 0.3132 0.0990 0 0 0.337 36.598 1.691
1 43 6 0.0903 -0.992 0 0 0.054 36.205 -2.057
1 44 22 0.1325 0.9901 0 0 3.245 34.534 -3.331
1 45 22 0.0481 -0.987 0 0 4.549 32.511 -6.274
1 46 11 0.1626 0.9788 0 0 5.909 29.068 -5.449
1 47 3 0.0361 0.6748 0 0 7.385 27.014 -8.286
1 48 9 0.0 0.0000 0 0 5.501 29.286 -10.655
1 49 7 0.0301 0.5392 0 0 2.131 28.746 -9.053
1 50 18 0.0120 -0.780 0 0 0.313 31.896 -7.894
1 51 5 0.1024 0.7426 0 0 -0.993 31.099 -4.459
1 52 12 0.2409 -0.187 0 0 -2.154 32.410 -1.106
1 53 12 0.5542 0.4022 0 0 -0.257 31.409 2.026
1 54 3 0.5783 -0.505 0 0 -2.829 31.395 4.841
1 55 11 0.8253 0.4729 0 0 -0.629 30.852 7.884
1 56 12 0.8313 -0.471 0 0 -1.777 30.424 11.464
1 57 3 0.8915 -0.066 0 0 0.845 31.173 14.055
1 58 18 0.8373 0.5406 0 0 -0.324 29.486 17.266
1 59 0 0.6746 -0.978 0 0 0.343 29.680 20.949
1 60 9 0.6927 0.0000 0 0 2.744 27.380 22.735
1 61 6 0.4096 -0.494 0 0 0.777 27.834 25.949
1 62 7 0.2289 -0.318 0 0 -1.389 24.995 27.336
1 63 7 0.0542 0.0656 0 0 -4.060 27.458 28.529
1 64 20 0.1746 0.1341 0 0 -5.384 27.787 25.018
1 65 17 0.2168 -0.711 0 0 -5.904 24.065 24.335
1 66 0 0.0783 -0.819 0 0 -9.525 24.821 23.405
1 67 14 0.2771 0.2174 0 0 -8.498 26.628 20.197
1 68 1 0.4698 0.4225 0 0 -6.358 23.666 19.032
1 69 3 0.3373 -0.666 0 0 -8.795 21.068 17.654
1 70 6 0.2831 -0.508 0 0 -10.416 23.824 15.594
1 71 20 0.5662 0.6295 0 0 -7.240 25.044 13.943
1 72 14 0.6445 0.2916 0 0 -5.888 21.537 13.493
1 73 1 0.3915 -0.868 0 0 -9.060 20.609 11.637
1 74 18 0.4337 -0.011 0 0 -8.838 23.580 9.320
1 75 9 0.7168 0.0000 0 0 -5.106 23.376 8.655
1 76 7 0.6626 -0.591 0 0 -3.940 21.515 5.568
1 77 9 0.8674 0.0000 0 0 -0.278 21.263 6.582
1 78 15 0.9638 -0.693 0 0 1.723 21.699 9.802
1 79 12 0.9939 0.4781 0 0 5.117 22.831 10.778
1 80 5 0.9819 -0.738 0 0 5.879 21.087 14.074
1 81 22 0.9759 0.4879 0 0 8.620 23.173 15.583
1 82 15 0.8795 -0.331 0 0 11.090 22.504 18.379
1 83 0 0.7469 -0.407 0 0 14.278 24.359 19.282
1 84 11 0.5060 -0.150 0 0 17.592 22.526 18.989
1 85 2 0.3012 0.1144 0 0 18.736 23.907 22.420
1 86 2 0.3674 0.3860 0 0 15.527 22.861 24.215
1 87 18 0.2710 -0.943 0 0 15.242 19.113 24.700
1 88 13 0.3253 -0.503 0 0 11.842 19.404 26.382
1 89 17 0.6024 0.4510 0 0 10.397 21.060 23.248
1 90 15 0.6084 -0.265 0 0 11.729 18.134 21.172
1 91 7 0.3855 -0.841 0 0 10.284 15.648 23.702
1 92 3 0.5240 -0.115 0 0 6.902 17.409 23.361
1 93 11 0.7771 0.6776 0 0 6.713 17.093 19.595
1 94 10 0.5602 -0.862 0 0 4.896 13.793 19.557
1 95 6 0.4939 -0.529 0 0 2.029 15.326 21.517
1 96 20 0.7891 0.4233 0 0 1.353 17.758 18.666
1 97 1 0.7349 -0.137 0 0 1.690 15.027 15.997
1 98 7 0.4397 -0.465 0 0 -0.692 12.772 17.936
1 99 6 0.4457 0.0564 0 0 -3.365 15.406 18.344
1 100 11 0.6265 0.9838 0 0 -3.219 16.493 14.698
1 101 13 0.4216 -0.074 0 0 -3.520 12.905 13.410
1 102 1 0.1566 -0.194 0 0 -6.469 12.265 15.669
1 103 22 0.2108 0.6636 0 0 -8.407 15.410 14.819
1 104 13 0.2891 0.8233 0 0 -7.722 15.040 11.081
1 105 3 0.0602 -0.688 0 0 -8.499 11.310 10.929
1 106 17 0.1506 0.4180 0 0 -5.289 10.863 9.052
1 107 3 0.1987 -0.811 0 0 -1.958 9.219 9.554
1 108 3 0.3554 -0.682 0 0 -0.361 11.029 6.631
1 109 22 0.5843 0.3156 0 0 -1.117 14.706 7.234
1 110 16 0.7590 -0.546 0 0 1.226 17.037 5.391
1 111 14 0.9096 0.0509 0 0 3.808 17.964 7.967
1 112 22 0.9397 0.0768 0 0 7.436 19.059 8.363
1 113 12 0.9337 -0.686 0 0 9.449 18.518 11.583
1 114 22 0.9578 0.7408 0 0 11.358 21.755 12.121
1 115 9 0.8554 0.0000 0 0 14.460 22.032 14.353
1 116 2 0.8493 0.3239 0 0 14.782 25.786 14.843
1 117 13 0.5963 0.1003 0 0 17.513 28.004 16.343
1 118 5 0.4518 0.4697 0 0 20.197 26.132 14.482
1 119 3 0.2228 0.3418 0 0 22.344 29.231 14.531
1 120 12 0.1144 0.3658 0 0 22.974 28.518 18.223
1 121 0 0.0180 -0.917 0 0 26.152 26.729 19.233
1 122 0 0.0240 -0.248 0 0 24.736 25.242 22.454
1 123 1 0.0843 0.4912 0 0 22.768 22.388 20.878
1 124 18 0.0662 0.0481 0 0 21.121 19.811 23.098
1 125 22 0.2469 0.8787 0 0 19.031 17.942 20.483
1 126 7 0.1204 -0.940 0 0 21.170 16.098 17.960
1 127 17 0.2951 -0.076 0 0 20.106 16.275 14.375
1 128 1 0.0963 -0.927 0 0 20.277 12.498 14.062
1 129 6 0.1445 -0.064 0 0 17.703 11.973 16.835
1 130 0 0.4759 0.6034 0 0 15.332 14.429 15.123
1 131 6 0.4036 -0.083 0 0 15.929 12.897 11.685
1 132 3 0.1686 -0.852 0 0 15.092 9.479 13.192
1 133 12 0.4156 0.4968 0 0 11.869 10.833 14.656
1 134 0 0.5722 0.4483 0 0 10.889 12.407 11.356
1 135 1 0.3072 -0.779 0 0 11.612 9.170 9.514
1 136 17 0.1807 0.2065 0 0 9.455 7.312 12.041
1 137 20 0.4277 0.5289 0 0 6.639 9.639 10.977
1 138 9 0.3614 0.0000 0 0 7.341 9.576 7.239
1 139 11 0.6385 0.7356 0 0 7.911 13.366 7.100
1 140 16 0.7048 0.2204 0 0 10.777 15.648 6.216
1 141 20 0.7710 -0.085 0 0 13.158 17.017 8.884
1 142 11 0.8072 0.2618 0 0 14.409 20.565 8.166
1 143 7 0.7530 -0.689 0 0 16.695 22.667 10.395
1 144 18 0.8012 0.9785 0 0 16.019 26.394 10.448
1 145 17 0.6566 -0.977 0 0 17.196 29.606 11.953
1 146 0 0.6867 0.4659 0 0 14.747 32.478 12.087
1 147 13 0.3975 -0.753 0 0 17.813 34.614 12.971
1 148 18 0.2650 -0.120 0 0 19.878 33.965 9.875
1 149 1 0.4638 -0.034 0 0 16.970 32.790 7.630
1 150 6 0.4578 -0.359 0 0 18.693 29.399 7.080
1 151 9 0.6807 0.0000 0 0 16.045 26.901 6.016
1 152 22 0.8192 -0.076 0 0 13.016 29.175 6.465
1 153 7 0.7228 -0.887 0 0 11.750 29.273 2.922
1 154 3 0.7289 -0.448 0 0 12.729 25.651 2.600
1 155 0 0.9156 0.7207 0 0 10.605 24.571 5.558
1 156 15 0.9216 0.5357 0 0 7.489 26.483 4.434
1 157 20 0.7409 -0.504 0 0 7.853 25.627 0.751
1 158 18 0.7650 0.0772 0 0 8.491 22.002 1.480
1 159 12 0.8734 0.7834 0 0 5.262 21.985 3.475
1 160 22 0.7108 -0.355 0 0 3.422 23.497 0.502
1 161 1 0.4879 -0.123 0 0 4.853 20.751 -1.695
1 162 7 0.5903 0.2802 0 0 3.736 18.095 0.789
1 163 11 0.5180 0.5535 0 0 0.218 19.452 0.478
1 164 1 0.2530 0.0904 0 0 0.460 19.417 -3.320
1 165 6 0.1385 -0.079 0 0 1.524 15.735 -3.263
1 166 10 0.1867 0.3347 0 0 -1.007 14.536 -0.706
