1 1 14 0.0060 0.4006 0 0 -5.817 31.942 -6.523
1 2 18 0.0421 0.1668 0 0 -4.425 28.819 -4.925
1 3 7 0.2289 -0.362 0 0 -4.435 29.557 -1.183
1 4 20 0.5301 -0.236 0 0 -2.217 27.639 1.233
1 5 13 0.6686 -0.884 0 0 -3.360 27.446 4.831
1 6 12 0.9036 -0.068 0 0 -0.155 26.878 6.836
1 7 22 0.9397 -0.678 0 0 -0.255 26.542 10.613
1 8 22 0.9879 0.2146 0 0 2.821 27.131 12.788
1 9 22 0.9698 -0.238 0 0 2.630 24.979 15.929
1 10 9 0.9337 0.0000 0 0 5.101 24.232 18.678
1 11 0 0.7951 -0.486 0 0 5.973 24.851 22.320
1 12 9 0.6506 0.0000 0 0 6.032 28.364 23.777
1 13 9 0.6024 0.0000 0 0 9.361 30.048 23.137
1 14 22 0.8132 0.6244 0 0 10.809 28.135 20.163
1 15 9 0.8493 0.0000 0 0 10.690 30.967 17.633
1 16 13 0.9518 0.0688 0 0 7.359 30.172 15.925
1 17 17 0.8433 -0.532 0 0 6.624 33.887 15.530
1 18 0 0.7650 -0.295 0 0 10.179 35.018 14.772
1 19 12 0.8975 0.6329 0 0 10.095 32.672 11.754
1 20 18 0.8855 0.3664 0 0 6.771 33.869 10.349
1 21 11 0.6325 -0.538 0 0 7.895 37.519 10.735
1 22 6 0.5963 -0.354 0 0 11.258 36.716 9.172
1 23 12 0.6746 0.5584 0 0 9.536 35.151 6.151
1 24 11 0.5060 0.4463 0 0 6.895 37.840 5.859
1 25 6 0.2650 0.0656 0 0 8.414 41.192 6.840
1 26 2 0.2228 -0.327 0 0 12.118 40.637 6.491
1 27 10 0.1746 -0.210 0 0 13.581 41.146 9.964
1 28 15 0.3253 0.2185 0 0 14.319 39.339 13.263
1 29 22 0.2831 0.5104 0 0 12.307 40.206 16.374
1 30 3 0.1445 -0.433 0 0 14.723 39.617 19.244
1 31 7 0.0783 -0.526 0 0 11.861 40.342 21.682
1 32 20 0.1084 -0.190 0 0 9.617 38.722 24.301
1 33 3 0.2108 -0.118 0 0 6.096 38.890 22.867
1 34 16 0.3493 -0.782 0 0 3.772 35.970 23.447
1 35 18 0.4819 0.8995 0 0 1.194 35.180 20.753
1 36 11 0.3975 -0.999 0 0 -2.463 34.344 21.096
1 37 7 0.5 -0.086 0 0 -3.258 34.087 17.382
1 38 3 0.5240 -0.104 0 0 -1.755 36.173 14.562
1 39 17 0.5421 -0.335 0 0 -2.737 35.518 10.982
1 40 20 0.5120 0.3928 0 0 -0.768 36.637 7.942
1 41 1 0.3734 -0.514 0 0 -1.546 36.724 4.215
1 42 13 0.2710 0.0799 0 0 0.863 37.377 1.380
1 43 6 0.0722 -0.775 0 0 1.033 37.017 -2.389
1 44 22 0.1566 0.9985 0 0 4.030 34.835 -3.167
1 45 22 0.0481 -0.985 0 0 5.252 33.086 -6.268
1 46 11 0.1686 0.9631 0 0 6.386 29.569 -5.338
1 47 3 0.0361 0.6727 0 0 7.874 27.649 -8.308
1 48 9 0.0 0.0000 0 0 6.168 29.802 -10.875
1 49 7 0.0240 0.5510 0 0 2.893 29.290 -8.988
1 50 18 0.0120 -0.784 0 0 1.204 32.487 -7.839
1 51 5 0.0843 0.6994 0 0 -0.522 31.854 -4.534
1 52 12 0.2409 -0.142 0 0 -1.523 33.404 -1.229
1 53 12 0.5602 0.5769 0 0 0.205 32.210 1.915
1 54 3 0.5722 -0.463 0 0 -2.363 32.413 4.727
1 55 11 0.8313 0.4659 0 0 -0.269 31.548 7.777
1 56 12 0.8192 -0.348 0 0 -1.721 31.410 11.270
1 57 3 0.8734 -0.110 0 0 0.768 32.159 13.978
1 58 18 0.8373 0.5692 0 0 -0.247 30.343 17.162
1 59 0 0.6927 -0.966 0 0 0.437 30.409 20.910
1 60 9 0.7349 0.0000 0 0 2.492 27.570 22.355
1 61 6 0.4216 -0.911 0 0 0.884 27.645 25.808
1 62 7 0.3012 0.0871 0 0 -2.046 25.253 26.486
1 63 7 0.0662 0.3658 0 0 -3.924 28.111 27.969
1 64 20 0.3072 0.4718 0 0 -4.788 27.649 24.296
1 65 17 0.1385 -0.953 0 0 -6.234 24.354 25.459
1 66 0 0.1144 -0.837 0 0 -8.719 22.844 22.962
1 67 14 0.1867 -0.469 0 0 -8.855 26.248 21.216
1 68 1 0.4698 0.4728 0 0 -6.183 24.348 19.317
1 69 3 0.3433 -0.620 0 0 -8.650 21.762 18.007
1 70 6 0.2469 -0.565 0 0 -10.362 24.462 15.918
1 71 20 0.5361 0.6185 0 0 -7.470 25.610 13.736
1 72 14 0.6385 0.4179 0 0 -5.892 22.181 13.357
1 73 1 0.3554 -0.829 0 0 -9.283 21.232 11.967
1 74 18 0.4096 -0.388 0 0 -8.805 23.844 9.205
1 75 9 0.7048 0.0000 0 0 -5.048 23.934 8.657
1 76 7 0.6626 -0.609 0 0 -3.910 22.165 5.505
1 77 9 0.8795 0.0000 0 0 -0.266 21.994 6.444
1 78 15 0.9638 -0.693 0 0 1.670 22.602 9.635
1 79 12 0.9939 0.4224 0 0 5.074 23.859 10.734
1 80 5 0.9819 -0.779 0 0 6.048 21.904 13.848
1 81 22 0.9759 0.3975 0 0 8.900 23.860 15.393
1 82 15 0.8915 -0.333 0 0 11.143 23.108 18.343
1 83 0 0.7409 -0.482 0 0 14.273 24.922 19.533
1 84 11 0.5180 -0.109 0 0 17.477 22.878 19.164
1 85 2 0.3132 0.1352 0 0 18.619 24.116 22.565
1 86 2 0.3674 0.2834 0 0 15.512 22.806 24.337
1 87 18 0.2951 -0.965 0 0 15.075 19.047 24.558
1 88 13 0.3373 -0.350 0 0 11.659 19.648 26.147
1 89 17 0.6144 0.3735 0 0 10.245 21.466 23.105
1 90 15 0.6204 -0.247 0 0 11.471 18.527 21.009
1 91 7 0.4156 -0.889 0 0 9.710 16.110 23.330
1 92 3 0.5662 -0.171 0 0 6.554 18.230 23.037
1 93 11 0.7891 0.7270 0 0 6.496 17.655 19.304
1 94 10 0.5481 -0.934 0 0 4.963 14.185 19.575
1 95 6 0.4939 -0.449 0 0 2.132 15.877 21.485
1 96 20 0.7771 0.4376 0 0 1.260 18.221 18.599
1 97 1 0.7228 -0.216 0 0 1.635 15.534 15.924
1 98 7 0.4337 -0.663 0 0 -0.860 13.541 17.989
1 99 6 0.4457 0.1232 0 0 -3.418 16.325 18.441
1 100 11 0.6265 0.9825 0 0 -3.124 17.184 14.759
1 101 13 0.4036 -0.094 0 0 -3.739 13.638 13.494
1 102 1 0.1807 -0.279 0 0 -6.591 13.662 16.019
1 103 22 0.2168 0.7323 0 0 -8.715 16.598 14.819
1 104 13 0.3313 0.6349 0 0 -7.476 16.099 11.286
1 105 3 0.0542 -0.841 0 0 -8.730 12.504 11.051
1 106 17 0.1265 0.5810 0 0 -5.668 11.234 9.167
1 107 3 0.1626 -0.850 0 0 -2.332 9.606 10.015
1 108 3 0.3614 -0.345 0 0 -0.512 11.560 7.349
1 109 22 0.5783 0.3229 0 0 -1.116 15.317 7.303
1 110 16 0.7590 -0.525 0 0 1.265 17.582 5.366
1 111 14 0.9096 -0.171 0 0 3.822 18.662 8.000
1 112 22 0.9457 0.1464 0 0 7.373 19.870 8.450
1 113 12 0.9277 -0.664 0 0 9.542 19.214 11.458
1 114 22 0.9578 0.7511 0 0 11.567 22.390 12.054
1 115 9 0.8554 0.0000 0 0 14.553 22.567 14.431
1 116 2 0.8614 0.2853 0 0 14.731 26.318 14.867
1 117 13 0.6084 0.1340 0 0 17.387 28.493 16.543
1 118 5 0.4578 0.2438 0 0 20.248 26.665 14.870
1 119 3 0.2349 0.2971 0 0 22.478 29.752 14.918
1 120 12 0.0903 0.5078 0 0 23.236 29.109 18.606
1 121 0 0.0180 -0.930 0 0 25.826 26.839 20.206
1 122 0 0.0301 -0.061 0 0 23.945 25.481 23.239
1 123 1 0.0963 0.3584 0 0 22.172 22.797 21.239
1 124 18 0.0602 -0.007 0 0 20.788 19.921 23.291
1 125 22 0.2590 0.8958 0 0 18.800 18.296 20.474
1 126 7 0.1204 -0.882 0 0 21.188 16.631 18.095
1 127 17 0.2771 -0.061 0 0 20.388 16.782 14.406
1 128 1 0.1024 -0.858 0 0 20.174 13.053 13.697
1 129 6 0.1506 0.0488 0 0 18.039 12.517 16.754
1 130 0 0.4638 0.5927 0 0 15.677 15.027 15.162
1 131 6 0.3915 -0.204 0 0 16.239 13.478 11.738
1 132 3 0.2048 -0.911 0 0 15.070 10.218 13.340
1 133 12 0.4277 0.5869 0 0 11.913 11.794 14.724
1 134 0 0.5843 0.3517 0 0 11.169 13.260 11.293
1 135 1 0.3192 -0.856 0 0 11.711 9.972 9.471
1 136 17 0.1987 0.1050 0 0 9.441 7.991 11.812
1 137 20 0.4397 0.5170 0 0 6.813 10.621 11.022
1 138 9 0.3795 0.0000 0 0 7.768 10.332 7.370
1 139 11 0.6566 0.7124 0 0 8.172 14.113 7.262
1 140 16 0.7289 0.0758 0 0 10.932 16.566 6.324
1 141 20 0.7831 -0.101 0 0 13.388 17.823 8.938
1 142 11 0.8253 0.3102 0 0 14.455 21.416 8.378
1 143 7 0.7710 -0.763 0 0 16.757 23.342 10.677
1 144 18 0.8012 0.9744 0 0 16.216 27.073 10.615
1 145 17 0.6445 -0.980 0 0 17.423 30.268 12.268
1 146 0 0.6867 0.5138 0 0 14.964 33.149 12.456
1 147 13 0.3855 -0.763 0 0 18.003 35.209 13.464
1 148 18 0.2530 -0.272 0 0 20.060 34.606 10.310
1 149 1 0.4759 0.0124 0 0 17.127 33.476 8.122
1 150 6 0.4518 -0.326 0 0 19.020 30.215 7.368
1 151 9 0.6807 0.0000 0 0 16.366 27.692 6.359
1 152 22 0.8072 -0.217 0 0 13.521 30.177 6.926
1 153 7 0.7168 -0.864 0 0 12.102 30.072 3.351
1 154 3 0.7108 -0.539 0 0 13.249 26.470 2.896
1 155 0 0.9156 0.6563 0 0 10.950 25.333 5.758
1 156 15 0.9216 0.4882 0 0 7.873 27.294 4.637
1 157 20 0.7469 -0.447 0 0 8.153 26.461 0.898
1 158 18 0.7530 0.0097 0 0 8.868 22.764 1.363
1 159 12 0.8674 0.7986 0 0 5.613 22.541 3.333
1 160 22 0.6987 -0.329 0 0 3.714 24.207 0.494
1 161 1 0.4879 -0.148 0 0 5.438 21.577 -1.659
1 162 7 0.5903 0.3713 0 0 4.146 18.917 0.761
1 163 11 0.5542 0.5581 0 0 0.500 20.068 0.725
1 164 1 0.2891 0.0510 0 0 0.754 19.766 -3.064
1 165 6 0.1325 -0.075 0 0 1.325 16.033 -3.399
1 166 10 0.1927 0.3472 0 0 -1.239 15.361 -0.721
