1 1 14 0.0060 0.2572 0 0 -5.636 32.685 -6.890
1 2 18 0.0481 0.0671 0 0 -4.418 29.463 -5.273
1 3 7 0.2409 -0.186 0 0 -3.971 29.952 -1.527
1 4 20 0.5361 -0.225 0 0 -2.457 28.276 1.472
1 5 13 0.6807 -0.807 0 0 -3.526 28.106 5.103
1 6 12 0.9036 0.0578 0 0 -0.251 27.354 6.839
1 7 22 0.9337 -0.570 0 0 -0.481 27.133 10.627
1 8 22 0.9819 0.3134 0 0 2.799 27.690 12.506
1 9 22 0.9698 -0.429 0 0 2.775 25.375 15.501
1 10 9 0.9397 0.0000 0 0 5.097 24.496 18.385
1 11 0 0.8072 -0.489 0 0 6.172 25.283 21.926
1 12 9 0.6445 0.0000 0 0 6.683 28.519 23.820
1 13 9 0.6204 0.0000 0 0 9.704 30.600 22.994
1 14 22 0.8132 0.6454 0 0 11.007 28.185 20.330
1 15 9 0.8614 0.0000 0 0 10.941 30.940 17.742
1 16 13 0.9518 0.0789 0 0 7.786 30.626 15.669
1 17 17 0.8433 -0.594 0 0 7.057 34.342 15.786
1 18 0 0.7710 -0.321 0 0 10.612 35.380 14.898
1 19 12 0.8975 0.8351 0 0 10.196 32.925 12.003
1 20 18 0.8674 0.3122 0 0 7.146 34.645 10.586
1 21 11 0.6325 -0.474 0 0 8.375 38.184 11.317
1 22 6 0.6024 -0.397 0 0 11.497 37.224 9.380
1 23 12 0.6927 0.5471 0 0 9.439 35.896 6.464
1 24 11 0.4759 0.3688 0 0 7.289 39.036 6.050
1 25 6 0.2349 0.1589 0 0 8.506 42.289 7.547
1 26 2 0.2289 -0.284 0 0 12.160 41.428 7.065
1 27 10 0.1746 -0.197 0 0 13.797 41.817 10.489
1 28 15 0.3192 0.2364 0 0 14.759 40.005 13.680
1 29 22 0.3253 0.6294 0 0 12.475 40.387 16.677
1 30 3 0.1024 -0.454 0 0 15.154 40.615 19.395
1 31 7 0.0361 -0.895 0 0 12.638 42.900 21.124
1 32 20 0.0662 -0.192 0 0 9.217 41.910 22.273
1 33 3 0.2048 0.4779 0 0 5.784 40.775 21.112
1 34 16 0.2469 -0.893 0 0 4.403 38.141 23.586
1 35 18 0.3915 0.3822 0 0 1.501 37.120 21.392
1 36 11 0.4518 -0.581 0 0 -1.433 34.825 20.716
1 37 7 0.4939 0.0011 0 0 -3.555 34.541 17.516
1 38 3 0.5481 -0.213 0 0 -1.790 36.392 14.692
1 39 17 0.5301 -0.329 0 0 -2.724 36.357 11.025
1 40 20 0.5060 0.3446 0 0 -0.625 37.618 8.092
1 41 1 0.4216 -0.593 0 0 -1.356 36.829 4.461
1 42 13 0.3493 -0.081 0 0 1.001 37.457 1.541
1 43 6 0.0963 -0.840 0 0 0.928 37.586 -2.264
1 44 22 0.1867 0.9638 0 0 3.857 35.316 -3.028
1 45 22 0.0602 -0.925 0 0 5.335 33.768 -6.195
1 46 11 0.1927 0.9483 0 0 6.443 30.232 -5.413
1 47 3 0.0421 0.6683 0 0 7.864 28.507 -8.474
1 48 9 0.0 0.0000 0 0 6.098 30.629 -11.100
1 49 7 0.0180 0.6414 0 0 2.865 30.102 -9.181
1 50 18 0.0240 -0.761 0 0 0.994 33.086 -7.681
1 51 5 0.1325 0.7028 0 0 -0.476 32.241 -4.329
1 52 12 0.2590 -0.354 0 0 -1.755 33.699 -1.102
1 53 12 0.5722 0.4523 0 0 0.182 32.540 1.943
1 54 3 0.5843 -0.512 0 0 -2.281 32.918 4.818
1 55 11 0.8253 0.5754 0 0 -0.271 32.073 7.906
1 56 12 0.8313 -0.396 0 0 -1.497 31.781 11.446
1 57 3 0.8855 -0.121 0 0 1.251 32.352 13.941
1 58 18 0.8373 0.5499 0 0 -0.008 30.793 17.153
1 59 0 0.6867 -0.944 0 0 0.489 30.957 20.933
1 60 9 0.6987 0.0000 0 0 2.978 28.749 22.746
1 61 6 0.4156 -0.967 0 0 1.770 28.197 26.316
1 62 7 0.3313 0.4492 0 0 -1.438 26.229 26.512
1 63 7 0.1265 0.2209 0 0 -3.809 29.103 27.127
1 64 20 0.2951 0.8147 0 0 -5.131 27.273 24.209
1 65 17 0.1144 -0.839 0 0 -6.786 24.013 25.233
1 66 0 0.0903 -0.961 0 0 -9.563 23.338 22.698
1 67 14 0.2228 -0.333 0 0 -8.841 26.519 20.726
1 68 1 0.5 0.5161 0 0 -6.071 24.478 19.107
1 69 3 0.3373 -0.643 0 0 -8.893 22.299 17.734
1 70 6 0.2650 -0.631 0 0 -10.401 25.176 15.726
1 71 20 0.5240 0.6859 0 0 -7.592 26.487 13.507
1 72 14 0.6385 0.4028 0 0 -6.036 23.048 13.251
1 73 1 0.3855 -0.812 0 0 -9.026 21.852 11.265
1 74 18 0.4457 -0.486 0 0 -8.504 24.920 9.061
1 75 9 0.7349 0.0000 0 0 -4.826 24.465 8.385
1 76 7 0.6686 -0.628 0 0 -3.569 23.004 5.172
1 77 9 0.8795 0.0000 0 0 0.111 23.027 6.034
1 78 15 0.9638 -0.717 0 0 1.656 22.932 9.512
1 79 12 0.9939 0.4071 0 0 5.136 24.130 10.446
1 80 5 0.9879 -0.745 0 0 5.986 22.249 13.658
1 81 22 0.9759 0.5198 0 0 8.754 24.351 15.178
1 82 15 0.8915 -0.347 0 0 11.185 23.774 18.049
1 83 0 0.7469 -0.360 0 0 14.605 25.055 19.102
1 84 11 0.5120 -0.188 0 0 17.957 23.298 19.251
1 85 2 0.3132 0.2142 0 0 18.742 24.370 22.838
1 86 2 0.3674 0.2751 0 0 15.475 23.189 24.430
1 87 18 0.3072 -0.965 0 0 15.372 19.364 24.322
1 88 13 0.3433 -0.290 0 0 11.960 19.631 25.960
1 89 17 0.6265 0.3970 0 0 10.533 21.537 22.990
1 90 15 0.6084 -0.223 0 0 11.669 18.539 20.960
1 91 7 0.4036 -0.838 0 0 10.012 15.983 23.277
1 92 3 0.5542 -0.355 0 0 6.700 17.882 22.878
1 93 11 0.7891 0.8305 0 0 6.926 17.863 19.109
1 94 10 0.5783 -0.944 0 0 4.882 14.664 19.137
1 95 6 0.4819 -0.975 0 0 1.816 15.670 21.140
1 96 20 0.7650 0.4802 0 0 1.323 18.490 18.665
1 97 1 0.7168 -0.237 0 0 1.562 15.855 15.945
1 98 7 0.4277 -0.756 0 0 -0.850 13.627 17.832
1 99 6 0.4397 0.1761 0 0 -3.517 16.329 18.321
1 100 11 0.5903 0.9832 0 0 -3.336 17.276 14.663
1 101 13 0.3734 -0.113 0 0 -3.922 13.619 13.683
1 102 1 0.1566 -0.130 0 0 -6.758 13.701 16.204
1 103 22 0.2108 0.6949 0 0 -8.688 16.636 14.717
1 104 13 0.2530 0.8063 0 0 -7.804 15.685 11.113
1 105 3 0.0542 -0.769 0 0 -8.972 12.085 11.383
1 106 17 0.1204 0.4858 0 0 -5.782 11.532 9.372
1 107 3 0.1807 -0.869 0 0 -2.313 10.153 10.056
1 108 3 0.3554 -0.530 0 0 -0.411 11.844 7.221
1 109 22 0.5602 0.4158 0 0 -1.181 15.557 6.798
1 110 16 0.7530 -0.510 0 0 1.246 18.118 5.234
1 111 14 0.9096 -0.019 0 0 3.829 19.050 7.835
1 112 22 0.9457 0.0355 0 0 7.421 20.140 8.165
1 113 12 0.9277 -0.669 0 0 9.797 19.765 11.084
1 114 22 0.9578 0.6642 0 0 11.809 22.857 11.998
1 115 9 0.8554 0.0000 0 0 14.605 22.760 14.579
1 116 2 0.8493 0.3288 0 0 15.063 26.464 14.900
1 117 13 0.6144 0.1390 0 0 17.761 28.623 16.535
1 118 5 0.4578 0.2796 0 0 20.633 26.822 14.804
1 119 3 0.2168 0.3438 0 0 22.937 29.849 14.795
1 120 12 0.1084 0.4359 0 0 23.533 29.091 18.504
1 121 0 0.0120 -0.920 0 0 26.387 27.348 20.277
1 122 0 0.0301 0.2038 0 0 23.946 26.137 22.963
1 123 1 0.0722 0.4618 0 0 23.056 22.933 21.095
1 124 18 0.0843 0.2856 0 0 21.131 20.194 22.888
1 125 22 0.2771 0.8875 0 0 19.033 18.600 20.135
1 126 7 0.1385 -0.943 0 0 21.490 17.051 17.704
1 127 17 0.2891 -0.002 0 0 20.413 16.906 14.065
1 128 1 0.0783 -0.816 0 0 20.805 13.102 14.008
1 129 6 0.1506 -0.111 0 0 18.186 12.837 16.746
1 130 0 0.4698 0.5902 0 0 15.759 15.294 15.103
1 131 6 0.3975 -0.573 0 0 16.237 13.795 11.666
1 132 3 0.1686 -0.884 0 0 15.235 10.270 12.541
1 133 12 0.4096 0.5808 0 0 12.034 11.653 14.099
1 134 0 0.5662 0.3067 0 0 11.192 13.316 10.793
1 135 1 0.2710 -0.839 0 0 11.942 9.843 9.393
1 136 17 0.1626 -0.199 0 0 9.700 8.135 11.960
1 137 20 0.4337 0.5178 0 0 7.143 10.733 10.838
1 138 9 0.3795 0.0000 0 0 7.742 10.738 7.078
1 139 11 0.6626 0.7136 0 0 7.899 14.552 7.251
1 140 16 0.7048 0.1348 0 0 10.934 16.520 6.039
1 141 20 0.7590 -0.114 0 0 13.476 18.050 8.393
1 142 11 0.8012 0.2690 0 0 14.688 21.650 7.809
1 143 7 0.7771 -0.745 0 0 16.877 23.523 10.303
1 144 18 0.7951 0.9937 0 0 16.429 27.270 10.620
1 145 17 0.6566 -0.989 0 0 17.366 30.571 12.205
1 146 0 0.6506 0.4609 0 0 15.332 33.767 12.429
1 147 13 0.3614 -0.958 0 0 18.528 35.600 13.471
1 148 18 0.3012 -0.256 0 0 20.254 34.870 10.189
1 149 1 0.4879 -0.015 0 0 17.131 34.271 8.030
1 150 6 0.4638 -0.639 0 0 19.059 31.071 7.209
1 151 9 0.6746 0.0000 0 0 16.599 28.313 6.391
1 152 22 0.8192 -0.068 0 0 13.480 30.486 6.757
1 153 7 0.7228 -0.761 0 0 12.313 30.405 3.088
1 154 3 0.7108 -0.709 0 0 13.254 26.744 2.491
1 155 0 0.9156 0.5778 0 0 11.131 26.104 5.582
1 156 15 0.9216 0.5188 0 0 7.852 27.686 4.431
1 157 20 0.7409 -0.449 0 0 8.209 26.777 0.750
1 158 18 0.7831 0.1424 0 0 8.864 23.112 1.455
1 159 12 0.8734 0.7718 0 0 5.610 22.885 3.423
1 160 22 0.7289 -0.345 0 0 3.702 24.423 0.487
1 161 1 0.5180 -0.149 0 0 5.218 21.775 -1.741
1 162 7 0.5963 0.4005 0 0 3.984 19.214 0.797
1 163 11 0.5421 0.5540 0 0 0.452 20.591 0.453
1 164 1 0.2831 0.0906 0 0 0.708 20.470 -3.351
1 165 6 0.1445 0.1907 0 0 0.824 16.664 -3.287
1 166 10 0.1987 0.3888 0 0 -2.245 16.746 -1.031
