1 1 14 0.0 0.3775 0 0 -5.477 32.198 -6.962
1 2 18 0.0421 0.1517 0 0 -4.434 29.112 -5.039
1 3 7 0.2289 -0.012 0 0 -4.386 29.903 -1.339
1 4 20 0.5301 -0.209 0 0 -2.497 27.955 1.329
1 5 13 0.6807 -0.908 0 0 -3.541 27.970 4.981
1 6 12 0.9036 0.1436 0 0 -0.474 27.263 7.094
1 7 22 0.9518 -0.629 0 0 -0.325 26.956 10.880
1 8 22 0.9879 0.2486 0 0 2.910 27.484 12.846
1 9 22 0.9698 -0.431 0 0 2.937 25.295 15.970
1 10 9 0.9277 0.0000 0 0 5.326 24.473 18.797
1 11 0 0.7891 -0.563 0 0 6.147 25.024 22.491
1 12 9 0.6265 0.0000 0 0 6.446 28.396 24.169
1 13 9 0.6144 0.0000 0 0 9.597 30.213 23.087
1 14 22 0.8192 0.5880 0 0 10.839 28.196 20.130
1 15 9 0.8614 0.0000 0 0 10.672 30.987 17.554
1 16 13 0.9397 0.0319 0 0 7.225 30.573 15.969
1 17 17 0.8313 -0.668 0 0 6.663 34.333 15.629
1 18 0 0.7710 -0.327 0 0 10.238 35.107 14.696
1 19 12 0.8975 0.6882 0 0 10.075 32.652 11.787
1 20 18 0.8674 0.2988 0 0 6.817 34.222 10.568
1 21 11 0.6385 -0.469 0 0 7.974 37.814 10.987
1 22 6 0.6084 -0.426 0 0 11.166 36.936 9.161
1 23 12 0.6927 0.5492 0 0 9.167 35.524 6.218
1 24 11 0.5 0.3742 0 0 6.564 38.326 6.000
1 25 6 0.2590 -0.018 0 0 8.264 41.566 7.152
1 26 2 0.2469 -0.501 0 0 11.868 40.593 6.568
1 27 10 0.1987 -0.300 0 0 13.445 41.290 9.964
1 28 15 0.3373 0.1135 0 0 14.289 39.478 13.224
1 29 22 0.3313 0.4215 0 0 11.964 40.082 16.198
1 30 3 0.1325 -0.431 0 0 13.877 40.348 19.463
1 31 7 0.0662 -0.168 0 0 10.682 41.866 20.871
1 32 20 0.1626 0.6149 0 0 7.437 40.201 21.921
1 33 3 0.3554 -0.319 0 0 5.194 39.574 18.949
1 34 16 0.3072 -0.075 0 0 1.511 39.359 19.632
1 35 18 0.5060 0.6661 0 0 0.943 35.615 19.865
1 36 11 0.4277 -0.794 0 0 -2.728 34.752 19.875
1 37 7 0.4457 -0.092 0 0 -4.671 34.500 16.608
1 38 3 0.5240 -0.113 0 0 -1.920 36.233 14.659
1 39 17 0.5421 -0.414 0 0 -2.673 35.957 10.969
1 40 20 0.5180 0.3522 0 0 -0.443 37.080 8.138
1 41 1 0.3734 -0.478 0 0 -1.501 37.235 4.481
1 42 13 0.3132 -0.077 0 0 0.974 37.545 1.617
1 43 6 0.0963 -0.809 0 0 0.831 37.166 -2.147
1 44 22 0.1686 0.9917 0 0 3.907 35.191 -3.125
1 45 22 0.0542 -0.971 0 0 5.190 33.346 -6.217
1 46 11 0.1927 0.9682 0 0 6.410 29.839 -5.348
1 47 3 0.0361 0.6543 0 0 7.911 27.833 -8.222
1 48 9 0.0060 0.0000 0 0 6.108 30.057 -10.703
1 49 7 0.0240 0.5295 0 0 2.678 29.713 -9.127
1 50 18 0.0301 -0.936 0 0 1.078 32.931 -7.830
1 51 5 0.1204 0.7531 0 0 -0.447 32.025 -4.495
1 52 12 0.2349 -0.253 0 0 -1.703 33.459 -1.203
1 53 12 0.5662 0.4987 0 0 -0.008 32.487 2.045
1 54 3 0.5783 -0.467 0 0 -2.361 32.744 4.973
1 55 11 0.8253 0.5369 0 0 -0.419 31.840 8.086
1 56 12 0.8373 -0.361 0 0 -1.599 31.455 11.659
1 57 3 0.8915 -0.171 0 0 1.168 32.166 14.132
1 58 18 0.8433 0.5568 0 0 -0.009 30.378 17.256
1 59 0 0.6686 -0.951 0 0 0.487 30.716 21.030
1 60 9 0.6987 0.0000 0 0 2.652 28.081 22.717
1 61 6 0.4156 -0.902 0 0 1.534 27.281 26.287
1 62 7 0.2891 0.2289 0 0 -1.396 24.893 26.753
1 63 7 0.0903 0.4205 0 0 -3.996 27.361 27.795
1 64 20 0.3253 0.7370 0 0 -4.700 26.745 24.095
1 65 17 0.1144 -0.914 0 0 -6.934 23.814 25.105
1 66 0 0.0843 -0.936 0 0 -9.604 23.164 22.442
1 67 14 0.2108 -0.702 0 0 -8.941 26.499 20.731
1 68 1 0.4819 0.4957 0 0 -6.174 24.426 19.147
1 69 3 0.3433 -0.616 0 0 -8.747 22.040 17.758
1 70 6 0.2530 -0.538 0 0 -10.396 24.976 15.990
1 71 20 0.5481 0.6459 0 0 -7.357 26.259 14.150
1 72 14 0.6445 0.3732 0 0 -5.994 22.751 13.550
1 73 1 0.3795 -0.873 0 0 -9.228 21.752 11.811
1 74 18 0.4216 -0.241 0 0 -8.867 24.491 9.202
1 75 9 0.7048 0.0000 0 0 -5.125 24.218 8.601
1 76 7 0.6626 -0.593 0 0 -3.902 22.581 5.423
1 77 9 0.8734 0.0000 0 0 -0.277 22.228 6.455
1 78 15 0.9638 -0.725 0 0 1.607 22.637 9.715
1 79 12 0.9939 0.5525 0 0 5.104 23.809 10.587
1 80 5 0.9819 -0.737 0 0 6.090 21.982 13.773
1 81 22 0.9759 0.5010 0 0 8.760 23.988 15.462
1 82 15 0.8855 -0.314 0 0 11.172 23.132 18.263
1 83 0 0.7409 -0.397 0 0 14.386 24.903 19.368
1 84 11 0.5120 -0.146 0 0 17.705 23.070 18.982
1 85 2 0.3012 0.0908 0 0 18.845 24.183 22.442
1 86 2 0.3493 0.1456 0 0 15.802 22.801 24.234
1 87 18 0.2650 -0.823 0 0 15.021 19.110 24.516
1 88 13 0.3192 -0.305 0 0 11.641 19.661 26.146
1 89 17 0.6204 0.3620 0 0 10.363 21.530 23.113
1 90 15 0.6024 -0.258 0 0 11.581 18.568 21.017
1 91 7 0.4036 -0.840 0 0 9.911 16.012 23.311
1 92 3 0.5602 -0.251 0 0 6.746 18.135 23.059
1 93 11 0.7951 0.7298 0 0 6.521 17.820 19.266
1 94 10 0.5361 -0.910 0 0 4.949 14.378 19.619
1 95 6 0.4879 -0.523 0 0 2.077 15.985 21.493
1 96 20 0.7771 0.4055 0 0 1.406 18.620 18.819
1 97 1 0.7349 -0.144 0 0 1.428 15.953 16.099
1 98 7 0.4337 -0.722 0 0 -1.045 13.603 17.749
1 99 6 0.4578 0.1891 0 0 -3.432 16.493 18.485
1 100 11 0.6325 0.9733 0 0 -3.265 17.391 14.788
1 101 13 0.3975 -0.019 0 0 -3.835 13.729 13.806
1 102 1 0.1445 -0.474 0 0 -6.729 13.504 16.308
1 103 22 0.2228 0.7355 0 0 -8.477 16.558 14.819
1 104 13 0.2771 0.7911 0 0 -7.759 15.854 11.111
1 105 3 0.0481 -0.723 0 0 -8.691 12.200 11.605
1 106 17 0.1265 0.3658 0 0 -5.714 11.276 9.472
1 107 3 0.1566 -0.838 0 0 -2.318 9.641 9.817
1 108 3 0.3614 0.0084 0 0 -0.715 11.921 7.212
1 109 22 0.5843 0.3123 0 0 -1.234 15.674 7.271
1 110 16 0.7590 -0.591 0 0 1.082 18.021 5.319
1 111 14 0.9096 -0.081 0 0 3.683 18.840 7.950
1 112 22 0.9457 0.0859 0 0 7.341 19.912 8.295
1 113 12 0.9337 -0.678 0 0 9.631 19.430 11.336
1 114 22 0.9578 0.6847 0 0 11.638 22.606 11.954
1 115 9 0.8554 0.0000 0 0 14.542 22.756 14.387
1 116 2 0.8493 0.3076 0 0 14.901 26.460 14.978
1 117 13 0.5903 0.1266 0 0 17.691 28.705 16.330
1 118 5 0.4518 0.2721 0 0 20.423 26.821 14.488
1 119 3 0.2048 0.3123 0 0 22.695 29.893 14.795
1 120 12 0.1024 0.4707 0 0 23.225 29.081 18.509
1 121 0 0.0120 -0.889 0 0 26.423 27.412 19.686
1 122 0 0.0180 -0.389 0 0 24.911 25.399 22.497
1 123 1 0.0722 0.4276 0 0 22.537 22.806 20.992
1 124 18 0.0602 0.0844 0 0 21.015 20.076 23.125
1 125 22 0.2168 0.8077 0 0 19.266 18.188 20.317
1 126 7 0.1084 -0.978 0 0 21.534 16.806 17.599
1 127 17 0.2951 0.0489 0 0 20.285 16.966 14.006
1 128 1 0.0783 -0.785 0 0 20.460 13.155 13.805
1 129 6 0.1506 -0.120 0 0 17.999 12.908 16.710
1 130 0 0.4759 0.6836 0 0 15.443 15.052 14.897
1 131 6 0.3915 -0.083 0 0 16.276 13.687 11.428
1 132 3 0.1746 -0.856 0 0 15.240 10.277 12.574
1 133 12 0.4096 0.5227 0 0 12.115 11.534 14.309
1 134 0 0.5722 0.4202 0 0 11.096 13.107 10.981
1 135 1 0.2710 -0.864 0 0 11.994 9.894 9.200
1 136 17 0.1867 -0.067 0 0 9.792 8.212 11.822
1 137 20 0.4397 0.5269 0 0 6.880 10.503 10.891
1 138 9 0.3674 0.0000 0 0 7.593 10.449 7.166
1 139 11 0.6566 0.7170 0 0 8.009 14.225 7.001
1 140 16 0.7108 0.2565 0 0 10.872 16.580 5.975
1 141 20 0.7831 -0.107 0 0 13.205 17.924 8.646
1 142 11 0.8132 0.2174 0 0 14.598 21.435 8.104
1 143 7 0.7530 -0.730 0 0 16.854 23.449 10.413
1 144 18 0.8012 0.9758 0 0 16.238 27.213 10.542
1 145 17 0.6506 -0.976 0 0 17.388 30.481 12.078
1 146 0 0.6746 0.4436 0 0 14.990 33.426 12.291
1 147 13 0.3855 -0.754 0 0 18.001 35.495 13.333
1 148 18 0.2409 -0.157 0 0 20.129 34.877 10.219
1 149 1 0.4638 0.0054 0 0 17.246 33.979 7.806
1 150 6 0.4698 -0.859 0 0 18.858 30.564 7.228
1 151 9 0.6867 0.0000 0 0 16.385 27.872 6.254
1 152 22 0.8072 -0.108 0 0 13.428 30.202 6.590
1 153 7 0.7168 -0.811 0 0 12.055 30.250 3.043
1 154 3 0.7289 -0.649 0 0 13.134 26.620 2.740
1 155 0 0.9156 0.6576 0 0 10.906 25.530 5.643
1 156 15 0.9216 0.5164 0 0 7.884 27.529 4.460
1 157 20 0.7469 -0.528 0 0 8.199 26.614 0.777
1 158 18 0.7650 0.0700 0 0 8.835 22.928 1.447
1 159 12 0.8795 0.7605 0 0 5.595 22.790 3.406
1 160 22 0.7228 -0.298 0 0 3.718 24.443 0.489
1 161 1 0.4939 -0.078 0 0 5.032 21.720 -1.858
1 162 7 0.5963 0.2847 0 0 4.048 19.070 0.723
1 163 11 0.5542 0.5731 0 0 0.472 20.316 0.456
1 164 1 0.2831 0.0439 0 0 0.791 20.306 -3.341
1 165 6 0.1385 0.1761 0 0 1.458 16.563 -3.545
1 166 10 0.1807 0.3550 0 0 -1.422 15.895 -1.131
