1 1 14 0.0060 0.0760 0 0 52.275 60.865 98.654
1 2 18 0.0421 0.2212 0 0 52.785 57.128 99.177
1 3 7 0.1867 -0.201 0 0 52.946 55.138 95.953
1 4 20 0.4939 -0.235 0 0 51.035 51.828 95.965
1 5 13 0.6686 -0.821 0 0 51.910 49.465 93.123
1 6 12 0.8915 0.0577 0 0 48.867 47.368 92.349
1 7 22 0.9518 -0.586 0 0 48.784 44.518 89.815
1 8 22 0.9879 0.2781 0 0 45.611 43.149 88.255
1 9 22 0.9698 -0.313 0 0 45.881 39.484 87.240
1 10 9 0.9337 0.0000 0 0 43.591 36.798 86.029
1 11 0 0.7891 -0.455 0 0 42.494 34.634 83.106
1 12 22 0.6445 -0.948 0 0 41.812 35.996 79.689
1 13 9 0.6144 0.0000 0 0 38.564 37.907 79.302
1 14 22 0.8192 0.6414 0 0 37.717 38.108 83.048
1 15 9 0.8554 0.0000 0 0 37.713 41.933 82.848
1 16 13 0.9457 0.1369 0 0 41.002 43.222 84.221
1 17 17 0.8253 -0.531 0 0 41.051 46.145 81.830
1 18 0 0.7650 -0.207 0 0 37.400 46.992 82.377
1 19 12 0.9036 0.6564 0 0 37.801 47.011 86.099
1 20 18 0.8795 0.2463 0 0 40.864 49.198 85.721
1 21 11 0.6385 -0.438 0 0 39.674 51.611 83.044
1 22 6 0.5963 -0.292 0 0 36.480 51.792 85.040
1 23 12 0.6807 0.5476 0 0 38.298 52.922 88.164
1 24 11 0.4879 0.1929 0 0 40.549 55.157 86.085
1 25 6 0.2530 -0.335 0 0 38.211 56.866 83.594
1 26 2 0.3012 -0.567 0 0 34.975 55.886 85.438
1 27 10 0.1987 -0.354 0 0 33.704 54.472 82.211
1 28 15 0.3373 0.1534 0 0 33.033 50.903 81.030
1 29 22 0.2710 0.5659 0 0 34.671 49.639 77.811
1 30 3 0.1084 -0.685 0 0 32.515 47.228 75.806
1 31 7 0.0542 -0.606 0 0 35.003 46.291 73.111
1 32 20 0.1686 0.4259 0 0 37.442 43.547 73.914
1 33 3 0.1746 -0.330 0 0 40.986 44.733 73.330
1 34 16 0.3493 -0.848 0 0 43.345 41.887 74.466
1 35 18 0.4638 0.7711 0 0 46.002 43.348 76.741
1 36 11 0.3915 -0.992 0 0 49.746 42.586 76.750
1 37 7 0.5240 0.0167 0 0 50.574 44.931 79.585
1 38 3 0.5301 -0.215 0 0 49.066 48.389 80.127
1 39 17 0.5361 -0.785 0 0 49.900 50.732 82.930
1 40 20 0.5180 0.2923 0 0 47.827 53.452 84.531
1 41 1 0.4156 -0.558 0 0 48.378 55.935 87.363
1 42 13 0.3554 0.2896 0 0 45.837 57.798 89.557
1 43 6 0.1204 -0.977 0 0 46.279 60.081 92.575
1 44 22 0.1927 0.8942 0 0 43.743 58.893 95.035
1 45 22 0.0662 -0.975 0 0 42.934 59.775 98.638
1 46 11 0.1566 0.8725 0 0 42.119 56.576 100.467
1 47 3 0.0361 0.5172 0 0 41.455 57.146 104.129
1 48 9 0.0 0.0000 0 0 42.542 60.764 103.954
1 49 7 0.0120 0.8793 0 0 46.055 59.467 103.311
1 50 18 0.0301 -0.838 0 0 46.160 60.896 99.763
1 51 5 0.0903 0.8007 0 0 48.286 58.332 97.967
1 52 12 0.2289 -0.325 0 0 49.228 57.491 94.403
1 53 12 0.5421 0.4799 0 0 48.007 54.317 92.652
1 54 3 0.6024 -0.825 0 0 50.191 52.408 90.209
1 55 11 0.8313 0.3909 0 0 47.814 50.029 88.520
1 56 12 0.8433 -0.391 0 0 49.415 47.456 86.251
1 57 3 0.8734 -0.048 0 0 47.083 45.789 83.792
1 58 18 0.8493 0.6000 0 0 48.530 42.408 82.934
1 59 0 0.7108 -0.939 0 0 47.782 39.838 80.285
1 60 9 0.6987 0.0000 0 0 45.599 36.793 80.548
1 61 6 0.3975 -0.453 0 0 46.663 34.925 77.435
1 62 7 0.2590 -0.060 0 0 49.330 32.402 78.423
1 63 7 0.0722 -0.429 0 0 51.113 33.623 75.290
1 64 20 0.1807 -0.096 0 0 52.837 36.268 77.536
1 65 17 0.3192 -0.587 0 0 53.154 34.273 80.753
1 66 0 0.1024 -0.812 0 0 56.873 34.883 80.724
1 67 14 0.2771 0.2010 0 0 56.602 38.495 81.764
1 68 1 0.4819 0.3029 0 0 54.639 37.414 84.866
1 69 3 0.3253 -0.665 0 0 57.749 36.954 87.004
1 70 6 0.2650 -0.428 0 0 58.896 40.437 86.127
1 71 20 0.5481 0.7023 0 0 55.786 42.170 87.531
1 72 14 0.6204 0.2820 0 0 55.018 39.544 90.089
1 73 1 0.3734 -0.794 0 0 58.283 40.677 91.622
1 74 18 0.4096 -0.105 0 0 57.910 44.438 91.561
1 75 9 0.6927 0.0000 0 0 54.238 44.022 92.436
1 76 7 0.6626 -0.552 0 0 53.163 45.362 95.841
1 77 9 0.8674 0.0000 0 0 49.612 44.065 95.676
1 78 15 0.9638 -0.695 0 0 47.702 41.738 93.452
1 79 12 0.9939 0.5013 0 0 44.127 41.892 92.343
1 80 5 0.9819 -0.751 0 0 43.298 38.290 91.362
1 81 22 0.9759 0.4504 0 0 40.278 38.593 89.141
1 82 15 0.8975 -0.361 0 0 37.986 35.975 87.632
1 83 0 0.7409 -0.525 0 0 34.550 35.956 85.971
1 84 11 0.5060 -0.050 0 0 31.585 34.396 87.748
1 85 2 0.2951 0.2208 0 0 30.148 33.087 84.470
1 86 2 0.3614 0.4019 0 0 33.362 31.340 83.536
1 87 18 0.3072 -0.865 0 0 34.508 28.539 85.823
1 88 13 0.3313 -0.171 0 0 37.893 27.968 84.251
1 89 17 0.6265 0.3118 0 0 39.093 31.458 85.048
1 90 15 0.6325 -0.257 0 0 38.186 30.622 88.636
1 91 7 0.4337 -0.889 0 0 40.368 27.536 88.682
1 92 3 0.5722 -0.322 0 0 43.130 29.506 86.946
1 93 11 0.8012 0.7060 0 0 43.052 31.891 89.906
1 94 10 0.5662 -0.457 0 0 44.994 29.257 91.932
1 95 6 0.5120 -0.562 0 0 47.696 29.283 89.225
1 96 20 0.7771 0.4718 0 0 48.280 32.969 89.843
1 97 1 0.7289 -0.218 0 0 48.147 32.539 93.594
1 98 7 0.4277 -0.514 0 0 51.007 30.015 93.584
1 99 6 0.4397 0.1446 0 0 53.331 31.776 91.140
1 100 11 0.5903 0.9828 0 0 52.952 34.902 93.253
1 101 13 0.3855 -0.020 0 0 53.849 33.120 96.495
1 102 1 0.1325 -0.044 0 0 56.792 31.538 94.728
1 103 22 0.2228 0.5069 0 0 58.028 34.655 92.938
1 104 13 0.2409 0.8029 0 0 57.751 36.520 96.236
1 105 3 0.0481 -0.999 0 0 58.719 33.599 98.494
1 106 17 0.1265 0.4590 0 0 56.056 34.858 100.934
1 107 3 0.1626 -0.807 0 0 52.680 33.759 102.261
1 108 3 0.3433 -0.884 0 0 51.385 37.182 103.217
1 109 22 0.5602 0.3045 0 0 51.503 38.830 99.779
1 110 16 0.7590 -0.539 0 0 48.671 41.444 99.704
1 111 14 0.9096 -0.135 0 0 45.958 39.904 97.573
1 112 22 0.9397 0.0806 0 0 42.291 40.290 96.891
1 113 12 0.9277 -0.708 0 0 40.163 37.647 95.278
1 114 22 0.9578 0.7198 0 0 37.809 39.437 92.904
1 115 9 0.8614 0.0000 0 0 34.713 37.804 91.409
1 116 2 0.8373 0.3556 0 0 33.660 39.906 88.401
1 117 13 0.5843 0.1245 0 0 30.863 40.199 85.803
1 118 5 0.4457 0.5562 0 0 28.380 39.862 88.623
1 119 3 0.2108 0.3443 0 0 25.875 41.751 86.519
1 120 12 0.1144 0.4553 0 0 25.551 38.658 84.314
1 121 0 0.0240 -0.928 0 0 22.646 36.345 85.031
1 122 0 0.0180 -0.292 0 0 24.103 32.984 84.080
1 123 1 0.0783 0.5290 0 0 26.409 32.509 87.036
1 124 18 0.0602 0.1329 0 0 28.423 29.294 87.312
1 125 22 0.2349 0.8725 0 0 30.657 30.129 90.273
1 126 7 0.0963 -0.883 0 0 28.862 30.060 93.645
1 127 17 0.2831 0.0778 0 0 30.036 32.737 96.100
1 128 1 0.0843 -0.927 0 0 30.496 30.081 98.728
1 129 6 0.1385 -0.263 0 0 33.285 28.475 96.691
1 130 0 0.4759 0.5181 0 0 34.904 31.823 96.090
1 131 6 0.4036 -0.456 0 0 34.510 32.902 99.709
1 132 3 0.1445 -0.806 0 0 35.972 29.645 101.006
1 133 12 0.4216 0.5994 0 0 38.914 29.777 98.602
1 134 0 0.5783 0.4079 0 0 39.554 33.392 99.574
1 135 1 0.3132 -0.654 0 0 39.200 32.273 103.175
1 136 17 0.2168 -0.052 0 0 41.767 29.580 102.392
1 137 20 0.4578 0.4943 0 0 44.186 32.101 100.944
1 138 9 0.3795 0.0000 0 0 43.407 34.293 103.916
1 139 11 0.6506 0.7572 0 0 42.588 37.263 101.712
1 140 16 0.7168 0.1893 0 0 39.401 39.318 101.142
1 141 20 0.7831 -0.105 0 0 36.823 38.407 98.546
1 142 11 0.8132 0.3182 0 0 34.913 41.090 96.657
1 143 7 0.7530 -0.780 0 0 32.358 40.529 93.889
1 144 18 0.7951 0.9694 0 0 32.431 43.252 91.234
1 145 17 0.6566 -0.986 0 0 31.086 44.487 87.884
1 146 0 0.6746 0.4702 0 0 32.926 46.916 85.671
1 147 13 0.3674 -0.675 0 0 29.571 47.477 83.976
1 148 18 0.2469 -0.047 0 0 27.472 48.588 86.963
1 149 1 0.4518 -0.574 0 0 30.507 49.829 88.977
1 150 6 0.4698 -0.048 0 0 29.623 47.295 91.715
1 151 9 0.6867 0.0000 0 0 32.486 46.749 94.108
1 152 22 0.8072 -0.172 0 0 34.975 48.435 91.762
1 153 7 0.7228 -0.910 0 0 36.530 51.128 93.988
1 154 3 0.7349 -0.248 0 0 36.135 48.788 96.919
1 155 0 0.9156 0.6926 0 0 38.242 46.038 95.367
1 156 15 0.9216 0.4886 0 0 41.154 48.362 94.629
1 157 20 0.7469 -0.520 0 0 41.050 50.279 97.943
1 158 18 0.7710 0.1290 0 0 40.839 47.000 99.856
1 159 12 0.8855 0.7613 0 0 44.103 46.069 98.148
1 160 22 0.7048 -0.345 0 0 45.753 49.376 99.053
1 161 1 0.5 -0.158 0 0 44.691 48.583 102.611
1 162 7 0.6084 0.4154 0 0 46.006 45.026 102.395
1 163 11 0.5542 0.5605 0 0 49.331 46.504 101.264
1 164 1 0.2891 -0.059 0 0 49.211 48.784 104.291
1 165 6 0.1506 0.2849 0 0 48.461 45.946 106.738
1 166 10 0.2048 0.3376 0 0 51.486 44.140 105.328
