1 1 14 0.0 0.3552 0 0 11.725 -2.121 24.603
1 2 18 0.0392 0.1986 0 0 8.718 -1.764 22.266
1 3 7 0.1699 -0.117 0 0 6.376 1.233 22.467
1 4 20 0.4705 -0.085 0 0 2.578 1.326 22.053
1 5 13 0.6470 -0.635 0 0 0.326 4.379 21.725
1 6 12 0.8888 0.2210 0 0 -3.221 3.766 22.988
1 7 22 0.9215 -0.669 0 0 -6.024 6.310 22.571
1 8 22 0.9803 0.3383 0 0 -9.093 6.209 24.836
1 9 22 0.9411 -0.092 0 0 -12.203 7.827 23.226
1 10 9 0.8954 0.0000 0 0 -15.897 8.116 24.048
1 11 0 0.6862 -0.308 0 0 -19.118 9.906 24.889
1 12 9 0.5424 0.0000 0 0 -18.665 12.445 27.673
1 13 9 0.5228 0.0000 0 0 -18.736 11.130 31.232
1 14 22 0.7581 0.5934 0 0 -18.424 7.460 30.396
1 15 9 0.8104 0.0000 0 0 -15.351 6.857 32.539
1 16 13 0.9150 -0.098 0 0 -12.549 7.251 30.023
1 17 17 0.7908 -0.706 0 0 -10.384 8.858 32.688
1 18 0 0.6993 -0.139 0 0 -11.454 6.616 35.561
1 19 12 0.8823 0.7773 0 0 -10.193 3.619 33.573
1 20 18 0.8562 0.0909 0 0 -6.913 5.248 32.571
1 21 11 0.6209 -0.541 0 0 -6.193 6.382 36.126
1 22 6 0.6078 -0.216 0 0 -7.140 2.923 37.410
1 23 12 0.6601 0.6126 0 0 -4.446 1.292 35.259
1 24 11 0.4575 0.3115 0 0 -1.767 3.887 35.937
1 25 6 0.2549 -0.176 0 0 -2.398 4.724 39.615
1 26 2 0.2745 -0.166 0 0 -4.461 1.702 40.692
1 27 10 0.2026 -0.383 0 0 -7.472 3.504 42.221
1 28 15 0.2941 0.1268 0 0 -10.994 4.809 41.527
1 29 22 0.2418 0.5974 0 0 -11.514 8.568 40.925
1 30 3 0.0718 -0.393 0 0 -14.870 9.812 42.336
1 31 7 0.0522 -0.786 0 0 -14.024 13.456 41.219
0 32 20 0 0 0 0 -14.024 13.456 41.219
0 33 3 0 0 0 0 -14.024 13.456 41.219
0 34 16 0 0 0 0 -14.024 13.456 41.219
0 35 17 0 0 0 0 -14.024 13.456 41.219
0 36 11 0 0 0 0 -14.024 13.456 41.219
0 37 7 0 0 0 0 -14.024 13.456 41.219
1 38 3 0.3267 0.0338 0 0 -2.363 14.668 29.802
1 39 17 0.4052 -0.550 0 0 -0.177 11.828 28.463
1 40 20 0.4509 0.3236 0 0 0.327 8.788 30.714
1 41 1 0.3398 -0.434 0 0 3.407 6.542 30.542
1 42 13 0.3137 0.2579 0 0 3.745 3.126 32.101
1 43 6 0.0980 -0.865 0 0 6.334 0.369 32.096
1 44 22 0.1633 0.9470 0 0 4.652 -3.022 31.970
1 45 22 0.0784 -0.976 0 0 5.209 -6.604 30.868
1 46 11 0.2156 0.9645 0 0 2.604 -8.285 28.678
1 47 3 0.0588 0.6661 0 0 2.909 -11.952 27.673
1 48 9 0.0065 0.0000 0 0 6.544 -11.800 28.653
1 49 7 0.0130 0.4773 0 0 7.590 -9.064 26.210
1 50 18 0.0326 -0.703 0 0 8.372 -5.795 27.982
1 51 5 0.1241 0.7531 0 0 6.879 -2.557 26.651
1 52 12 0.2222 -0.294 0 0 5.918 1.062 27.208
1 53 12 0.5359 0.5043 0 0 2.213 1.918 27.325
1 54 3 0.5490 -0.623 0 0 1.653 5.498 26.175
1 55 11 0.7843 0.5167 0 0 -1.984 6.279 27.067
1 56 12 0.7450 -0.456 0 0 -3.619 9.478 25.798
1 57 3 0.8169 -0.021 0 0 -6.910 10.266 27.651
1 58 18 0.7320 0.5463 0 0 -9.261 12.412 25.479
1 59 0 0.5620 -0.908 0 0 -12.089 14.893 25.873
1 60 9 0.6013 0.0000 0 0 -15.683 13.658 25.945
1 61 6 0.3725 -0.965 0 0 -18.160 15.546 23.730
1 62 7 0.2352 -0.682 0 0 -17.421 16.718 20.180
1 63 7 0.0915 0.2989 0 0 -15.190 19.591 21.228
0 64 20 0 0 0 0 -15.190 19.591 21.228
0 65 17 0 0 0 0 -15.190 19.591 21.228
0 66 0 0 0 0 0 -15.190 19.591 21.228
0 67 14 0 0 0 0 -15.190 19.591 21.228
0 68 1 0 0 0 0 -15.190 19.591 21.228
0 69 3 0 0 0 0 -15.190 19.591 21.228
0 70 6 0 0 0 0 -15.190 19.591 21.228
1 71 20 0.3464 0.1749 0 0 -3.100 13.508 17.940
1 72 14 0.5098 0.4798 0 0 -5.326 10.662 16.702
1 73 1 0.3202 -0.959 0 0 -3.399 9.960 13.513
1 74 18 0.3594 -0.147 0 0 -0.591 9.127 15.916
1 75 9 0.6339 0.0000 0 0 -2.359 6.659 18.214
1 76 7 0.6274 -0.600 0 0 -1.818 3.011 17.252
1 77 9 0.8627 0.0000 0 0 -4.681 1.384 19.141
1 78 15 0.9542 -0.768 0 0 -8.105 2.698 20.124
1 79 12 0.9934 0.8254 0 0 -10.405 2.151 23.099
1 80 5 0.9869 -0.727 0 0 -14.006 3.003 22.177
1 81 22 0.9738 0.4621 0 0 -15.813 3.430 25.486
1 82 15 0.8692 -0.182 0 0 -19.477 3.821 26.491
1 83 0 0.7058 -0.540 0 0 -21.298 3.396 29.802
1 84 11 0.5032 -0.111 0 0 -23.864 0.581 30.162
1 85 2 0.2875 0.1022 0 0 -26.142 3.000 32.001
1 86 2 0.3529 0.2855 0 0 -26.070 5.533 29.148
1 87 18 0.2287 -0.868 0 0 -27.882 4.556 25.950
1 88 13 0.2679 -0.239 0 0 -26.827 7.615 23.985
1 89 17 0.5555 0.4902 0 0 -23.143 7.005 24.784
1 90 15 0.5947 -0.186 0 0 -23.679 3.616 23.165
1 91 7 0.3790 -0.872 0 0 -25.343 5.125 20.127
1 92 3 0.4967 -0.376 0 0 -22.396 7.495 19.781
1 93 11 0.7189 0.7317 0 0 -19.743 4.806 19.284
1 94 10 0.4836 -0.866 0 0 -20.497 4.680 15.545
1 95 6 0.4379 -0.357 0 0 -19.674 8.385 15.362
1 96 20 0.6666 0.3267 0 0 -16.175 7.993 16.862
1 97 1 0.6732 -0.138 0 0 -15.566 4.684 15.064
1 98 7 0.3921 -0.635 0 0 -16.007 6.526 11.782
1 99 6 0.4117 0.2416 0 0 -14.046 9.600 12.795
1 100 11 0.5816 0.9815 0 0 -11.205 7.178 13.560
1 101 13 0.3986 -0.184 0 0 -11.616 4.995 10.498
1 102 1 0.1503 -0.370 0 0 -11.417 8.301 8.627
1 103 22 0.1568 0.4873 0 0 -8.239 9.963 9.922
1 104 13 0.1764 0.7822 0 0 -6.320 6.718 9.237
1 105 3 0.0457 -0.851 0 0 -7.399 5.605 5.744
1 106 17 0.1111 0.5269 0 0 -8.074 2.068 6.947
1 107 3 0.1307 -0.856 0 0 -11.133 -0.159 7.262
1 108 3 0.3660 -0.613 0 0 -9.550 -2.124 10.101
1 109 22 0.5686 0.0814 0 0 -7.586 -0.273 12.793
1 110 16 0.7385 -0.657 0 0 -6.638 -1.790 16.186
1 111 14 0.9084 -0.062 0 0 -9.520 -1.045 18.542
1 112 22 0.9607 0.1072 0 0 -11.687 -2.495 21.334
1 113 12 0.9477 -0.771 0 0 -15.282 -1.732 22.293
1 114 22 0.9673 0.7224 0 0 -15.652 -1.153 26.009
1 115 9 0.8758 0.0000 0 0 -18.808 -1.114 28.102
1 116 2 0.8431 0.1951 0 0 -17.811 0.677 31.330
1 117 13 0.6143 0.0015 0 0 -19.595 1.006 34.711
1 118 5 0.4640 0.2964 0 0 -20.579 -2.669 34.744
1 119 3 0.2614 0.2548 0 0 -20.859 -2.333 38.528
1 120 12 0.1045 0.3798 0 0 -24.260 -0.675 38.343
1 121 0 0.0196 -0.919 0 0 -27.747 -2.175 38.210
1 122 0 0.0261 -0.043 0 0 -29.176 0.672 36.173
1 123 1 0.0849 0.5592 0 0 -28.254 -0.986 32.862
1 124 18 0.0653 0.0146 0 0 -29.903 0.293 29.669
1 125 22 0.2483 0.8364 0 0 -27.624 -1.439 27.126
1 126 7 0.1372 -0.981 0 0 -27.769 -5.233 26.816
1 127 17 0.3333 0.0804 0 0 -24.481 -7.062 26.223
1 128 1 0.1176 -0.615 0 0 -26.227 -8.789 23.321
1 129 6 0.2091 -0.296 0 0 -26.502 -5.252 21.980
1 130 0 0.5163 0.6974 0 0 -22.816 -4.353 22.219
1 131 6 0.4183 -0.288 0 0 -21.770 -7.761 20.908
1 132 3 0.1830 -0.803 0 0 -23.807 -7.382 17.696
1 133 12 0.4313 0.5344 0 0 -22.171 -3.990 17.164
1 134 0 0.5882 0.3736 0 0 -18.723 -5.509 17.835
1 135 1 0.3006 -0.831 0 0 -19.292 -8.257 15.253
1 136 17 0.1895 0.2309 0 0 -20.412 -5.713 12.677
1 137 20 0.4444 0.5015 0 0 -17.032 -4.103 13.381
1 138 9 0.4248 0.0000 0 0 -14.706 -7.071 13.780
1 139 11 0.6928 0.6667 0 0 -13.340 -5.789 17.122
1 140 16 0.7647 0.2189 0 0 -13.482 -7.341 20.624
1 141 20 0.8235 -0.135 0 0 -16.037 -6.317 23.260
1 142 11 0.8496 0.2250 0 0 -15.211 -6.147 26.960
1 143 7 0.7973 -0.763 0 0 -17.089 -4.869 30.025
1 144 18 0.8300 0.9672 0 0 -15.194 -2.993 32.699
1 145 17 0.6535 -0.998 0 0 -15.781 -1.173 35.974
1 146 0 0.6797 0.4596 0 0 -13.199 1.505 36.700
1 147 13 0.3856 -0.824 0 0 -14.558 1.365 40.249
1 148 18 0.2810 -0.117 0 0 -14.132 -2.306 41.177
1 149 1 0.4771 0.0197 0 0 -11.179 -2.286 38.764
1 150 6 0.4901 -0.447 0 0 -12.800 -5.335 37.156
1 151 9 0.7124 0.0000 0 0 -11.747 -5.935 33.551
1 152 22 0.8366 -0.219 0 0 -9.686 -2.720 33.530
1 153 7 0.7516 -0.910 0 0 -6.708 -4.864 32.574
1 154 3 0.7712 -0.699 0 0 -8.274 -7.234 30.017
1 155 0 0.9346 0.6099 0 0 -9.450 -4.138 28.145
1 156 15 0.9281 0.4257 0 0 -6.048 -2.502 27.827
1 157 20 0.7777 -0.505 0 0 -4.066 -5.689 27.275
1 158 18 0.8039 0.1182 0 0 -6.472 -6.948 24.672
1 159 12 0.9019 0.6860 0 0 -6.035 -3.696 22.780
1 160 22 0.7254 -0.408 0 0 -2.278 -4.328 22.847
1 161 1 0.5294 -0.053 0 0 -2.524 -7.917 21.623
1 162 7 0.6405 0.3297 0 0 -4.741 -6.526 18.901
1 163 11 0.5751 0.5438 0 0 -2.035 -4.098 17.835
1 164 1 0.3071 0.0657 0 0 0.480 -6.949 17.724
1 165 6 0.1960 0.0553 0 0 -1.599 -8.406 14.908
1 166 10 0.1437 0.4666 0 0 -0.223 -5.554 12.780
