1 1 14 0.0 0.3406 0 0 9.463 15.389 62.305
1 2 18 0.0469 0.2225 0 0 12.835 14.038 61.107
1 3 7 0.1677 -0.139 0 0 14.903 15.906 58.505
1 4 20 0.4966 -0.056 0 0 16.986 14.472 55.642
1 5 13 0.6375 -0.657 0 0 19.481 16.279 53.411
1 6 12 0.8926 0.2506 0 0 19.836 14.704 49.962
1 7 22 0.9127 -0.668 0 0 22.432 15.843 47.422
1 8 22 0.9798 0.2949 0 0 21.962 15.131 43.698
1 9 22 0.9261 -0.043 0 0 25.292 15.063 41.755
1 10 9 0.8859 0.0000 0 0 26.428 14.120 38.264
1 11 0 0.6510 -0.300 0 0 27.908 14.719 34.823
1 12 9 0.5033 0.0000 0 0 26.468 17.812 33.160
1 13 9 0.4832 0.0000 0 0 23.145 17.419 31.395
1 14 22 0.7248 0.5954 0 0 22.230 14.048 32.831
1 15 9 0.7718 0.0000 0 0 18.886 15.156 34.244
1 16 13 0.8993 -0.111 0 0 19.782 15.964 37.827
1 17 17 0.7382 -0.713 0 0 17.289 18.838 37.798
1 18 0 0.6778 -0.149 0 0 14.596 17.084 35.761
1 19 12 0.8724 0.7722 0 0 14.453 14.397 38.485
1 20 18 0.8456 0.0815 0 0 14.404 16.864 41.376
1 21 11 0.5704 -0.567 0 0 11.684 18.971 39.772
1 22 6 0.5838 -0.214 0 0 9.725 15.798 38.963
1 23 12 0.6442 0.6403 0 0 9.584 14.855 42.661
1 24 11 0.4429 0.3136 0 0 8.844 18.341 43.954
1 25 6 0.2348 -0.196 0 0 6.512 19.697 41.239
1 26 2 0.2684 -0.140 0 0 5.399 16.459 39.569
1 27 10 0.1543 -0.397 0 0 6.244 17.303 35.927
1 28 15 0.2818 0.1141 0 0 8.899 16.992 33.204
1 29 22 0.1744 0.8093 0 0 11.009 20.006 32.331
0 30 3 0 0 0 0 11.009 20.006 32.331
0 31 7 0 0 0 0 11.009 20.006 32.331
0 32 20 0 0 0 0 11.009 20.006 32.331
0 33 3 0 0 0 0 11.009 20.006 32.331
0 34 16 0 0 0 0 11.009 20.006 32.331
0 35 17 0 0 0 0 11.009 20.006 32.331
0 36 11 0 0 0 0 11.009 20.006 32.331
0 37 7 0 0 0 0 11.009 20.006 32.331
1 38 3 0.3758 -0.026 0 0 19.171 25.488 43.975
1 39 17 0.3691 -0.977 0 0 17.092 24.663 47.071
1 40 20 0.4295 0.3503 0 0 14.042 22.403 47.613
1 41 1 0.3221 -0.442 0 0 11.877 21.419 50.613
1 42 13 0.2953 0.2529 0 0 9.126 18.834 50.680
1 43 6 0.0939 -0.855 0 0 6.882 17.320 53.316
1 44 22 0.1610 0.9407 0 0 6.401 13.623 52.679
1 45 22 0.0872 -0.975 0 0 5.626 10.360 54.433
1 46 11 0.2416 0.9658 0 0 7.894 7.366 53.879
1 47 3 0.0604 0.6799 0 0 7.121 3.957 55.394
1 48 9 0.0067 0.0000 0 0 4.761 5.677 57.773
1 49 7 0.0268 0.4828 0 0 7.307 7.968 59.430
1 50 18 0.0335 -0.715 0 0 6.813 11.605 58.440
1 51 5 0.1208 0.7681 0 0 9.831 13.650 57.341
1 52 12 0.2550 -0.315 0 0 11.248 16.666 55.549
1 53 12 0.5302 0.5211 0 0 13.159 16.079 52.311
1 54 3 0.5369 -0.636 0 0 15.756 18.809 51.798
1 55 11 0.7651 0.5144 0 0 16.994 18.369 48.206
1 56 12 0.7315 -0.459 0 0 20.005 20.335 46.954
1 57 3 0.8053 -0.057 0 0 20.308 20.238 43.121
1 58 18 0.7114 0.4282 0 0 23.916 20.813 42.122
1 59 0 0.5503 -0.907 0 0 25.870 21.605 38.962
1 60 9 0.6040 0.0000 0 0 26.844 19.082 36.315
0 61 6 0 0 0 0 26.844 19.082 36.315
0 62 7 0 0 0 0 26.844 19.082 36.315
0 63 7 0 0 0 0 26.844 19.082 36.315
0 64 20 0 0 0 0 26.844 19.082 36.315
0 65 17 0 0 0 0 26.844 19.082 36.315
0 66 0 0 0 0 0 26.844 19.082 36.315
0 67 14 0 0 0 0 26.844 19.082 36.315
0 68 1 0 0 0 0 26.844 19.082 36.315
0 69 3 0 0 0 0 26.844 19.082 36.315
1 70 6 0.0805 -0.854 0 0 31.455 22.936 51.897
1 71 20 0.3087 0.1299 0 0 27.773 22.377 51.085
1 72 14 0.5100 0.4628 0 0 28.504 18.673 50.381
1 73 1 0.3020 -0.965 0 0 29.927 18.028 53.843
1 74 18 0.3422 -0.171 0 0 26.404 18.885 54.946
1 75 9 0.6241 0.0000 0 0 24.386 16.541 52.733
1 76 7 0.6308 -0.595 0 0 23.481 13.239 54.404
1 77 9 0.8791 0.0000 0 0 22.647 11.136 51.370
1 78 15 0.9530 -0.810 0 0 23.911 11.264 47.789
1 79 12 0.9932 0.8863 0 0 22.355 10.586 44.385
1 80 5 0.9865 -0.657 0 0 25.062 9.801 41.816
1 81 22 0.9731 0.4144 0 0 23.389 10.262 38.441
1 82 15 0.8523 -0.145 0 0 24.395 9.474 34.843
1 83 0 0.6845 -0.567 0 0 22.391 9.181 31.612
1 84 11 0.4765 -0.097 0 0 22.167 5.776 29.903
1 85 2 0.2617 0.0920 0 0 22.670 7.513 26.542
1 86 2 0.2885 0.2723 0 0 25.923 9.170 27.689
1 87 18 0.1879 -0.856 0 0 28.912 6.868 28.195
1 88 13 0.2147 -0.250 0 0 31.208 9.574 29.529
1 89 17 0.5234 0.4788 0 0 28.666 10.589 32.194
1 90 15 0.5436 -0.156 0 0 28.885 6.963 33.302
1 91 7 0.3489 -0.879 0 0 32.656 6.995 33.352
1 92 3 0.4630 -0.400 0 0 32.537 10.154 35.470
1 93 11 0.7046 0.7410 0 0 30.677 8.614 38.411
1 94 10 0.4697 -0.847 0 0 33.964 7.368 39.891
1 95 6 0.4026 -0.385 0 0 35.193 10.951 39.945
1 96 20 0.6577 0.2867 0 0 32.247 12.248 42.024
1 97 1 0.6912 -0.106 0 0 32.114 9.092 44.159
1 98 7 0.3825 -0.629 0 0 35.664 9.837 45.243
1 99 6 0.3892 0.2161 0 0 35.175 13.559 45.681
1 100 11 0.5771 0.9878 0 0 32.327 12.626 48.032
1 101 13 0.3959 -0.177 0 0 34.107 9.806 49.826
1 102 1 0.1342 -0.395 0 0 36.809 12.419 50.376
1 103 22 0.1476 0.4666 0 0 34.990 15.402 51.909
1 104 13 0.1812 0.7868 0 0 33.394 13.037 54.474
1 105 3 0.0402 -0.862 0 0 36.247 10.838 55.749
1 106 17 0.1073 0.5396 0 0 34.192 7.688 55.223
1 107 3 0.1275 -0.863 0 0 34.458 4.613 53.016
1 108 3 0.3624 -0.597 0 0 30.689 4.096 53.111
1 109 22 0.5906 0.0661 0 0 28.384 7.109 52.855
1 110 16 0.7583 -0.660 0 0 24.626 6.872 52.038
1 111 14 0.9194 -0.101 0 0 24.344 7.002 48.255
1 112 22 0.9664 0.1428 0 0 22.515 5.529 45.243
1 113 12 0.9463 -0.816 0 0 23.686 5.105 41.649
1 114 22 0.9597 0.7152 0 0 21.100 6.333 39.176
1 115 9 0.8657 0.0000 0 0 20.853 5.664 35.460
1 116 2 0.8389 0.1648 0 0 18.528 8.392 34.133
1 117 13 0.5637 -0.024 0 0 16.756 8.805 30.755
1 118 5 0.4496 0.3215 0 0 15.732 5.136 30.650
1 119 3 0.2281 0.2273 0 0 12.967 6.209 28.273
1 120 12 0.0738 0.3638 0 0 15.288 6.381 25.288
1 121 0 0.0134 -0.923 0 0 16.390 3.693 22.830
1 122 0 0.0201 -0.062 0 0 19.790 5.258 22.250
1 123 1 0.0671 0.5764 0 0 21.375 3.352 25.153
1 124 18 0.0536 0.0014 0 0 25.174 3.151 25.326
1 125 22 0.2214 0.8358 0 0 25.501 1.850 28.922
1 126 7 0.1140 -0.983 0 0 24.327 -1.684 29.709
1 127 17 0.3288 0.0892 0 0 22.592 -2.232 33.069
1 128 1 0.1006 -0.600 0 0 25.021 -5.099 33.607
1 129 6 0.2013 -0.321 0 0 27.611 -2.331 33.431
1 130 0 0.5167 0.6884 0 0 26.113 -0.094 36.095
1 131 6 0.4093 -0.280 0 0 25.363 -3.069 38.336
1 132 3 0.1946 -0.815 0 0 28.998 -4.215 38.384
1 133 12 0.4161 0.5146 0 0 30.021 -0.689 39.350
1 134 0 0.5973 0.3906 0 0 27.317 -0.602 42.067
1 135 1 0.3154 -0.829 0 0 28.552 -3.876 43.581
1 136 17 0.2080 0.2110 0 0 32.125 -2.606 43.595
1 137 20 0.4362 0.4785 0 0 30.670 0.255 45.627
1 138 9 0.4228 0.0000 0 0 28.135 -1.446 47.872
1 139 11 0.7181 0.6465 0 0 25.349 0.996 46.886
1 140 16 0.7852 0.2509 0 0 21.997 0.341 45.119
1 141 20 0.8187 -0.179 0 0 21.448 0.920 41.395
1 142 11 0.8590 0.2629 0 0 18.169 2.228 39.989
1 143 7 0.7919 -0.774 0 0 17.072 3.386 36.520
1 144 18 0.8120 0.9649 0 0 14.799 6.384 36.212
1 145 17 0.6174 -0.999 0 0 13.161 8.549 33.558
1 146 0 0.6644 0.4308 0 0 12.470 12.094 34.734
1 147 13 0.3557 -0.833 0 0 10.186 12.272 31.700
1 148 18 0.2751 -0.112 0 0 7.819 9.350 32.246
1 149 1 0.4563 0.0340 0 0 8.425 9.922 35.966
1 150 6 0.4899 -0.442 0 0 9.241 6.209 36.140
1 151 9 0.6979 0.0000 0 0 11.419 5.235 39.100
1 152 22 0.8255 -0.257 0 0 11.756 8.885 40.152
1 153 7 0.7449 -0.914 0 0 10.337 7.855 43.526
1 154 3 0.7785 -0.709 0 0 12.163 4.557 44.120
1 155 0 0.9395 0.5714 0 0 15.411 6.468 43.611
1 156 15 0.9328 0.3778 0 0 14.772 9.129 46.216
1 157 20 0.7986 -0.534 0 0 13.059 6.885 48.740
1 158 18 0.8322 0.1167 0 0 15.739 4.258 48.474
1 159 12 0.9060 0.6843 0 0 18.331 6.903 49.250
1 160 22 0.7516 -0.428 0 0 16.332 7.751 52.375
1 161 1 0.5570 -0.053 0 0 16.006 4.155 53.567
1 162 7 0.6711 0.3318 0 0 19.743 3.954 52.997
1 163 11 0.6107 0.5297 0 0 20.331 6.899 55.306
1 164 1 0.3355 0.0662 0 0 18.159 5.256 57.955
1 165 6 0.2483 0.0646 0 0 20.777 2.523 58.123
1 166 10 0.1409 0.4606 0 0 22.985 5.107 59.849
