1 1 14 0.0 0.3372 0 0 17.710 -14.078 31.639
1 2 18 0.0397 0.2135 0 0 18.672 -14.062 35.336
1 3 7 0.1721 -0.128 0 0 16.589 -15.899 37.950
1 4 20 0.4966 -0.073 0 0 15.757 -14.824 41.512
1 5 13 0.6423 -0.643 0 0 14.150 -16.893 44.278
1 6 12 0.8940 0.2247 0 0 12.222 -14.800 46.800
1 7 22 0.9139 -0.644 0 0 10.711 -16.254 49.978
1 8 22 0.9801 0.2635 0 0 7.860 -14.472 51.772
1 9 22 0.9403 -0.032 0 0 7.664 -15.342 55.526
1 10 9 0.8874 0.0000 0 0 5.728 -14.128 58.553
1 11 0 0.6754 -0.309 0 0 3.272 -14.388 61.433
1 12 9 0.5099 0.0000 0 0 0.006 -16.015 60.398
1 13 9 0.4900 0.0000 0 0 -2.575 -13.774 58.775
1 14 22 0.7218 0.6072 0 0 -0.284 -10.837 58.074
1 15 9 0.8013 0.0000 0 0 -0.973 -10.698 54.354
1 16 13 0.9006 -0.078 0 0 1.897 -12.729 52.951
1 17 17 0.7549 -0.696 0 0 -0.384 -14.116 50.259
1 18 0 0.6688 -0.149 0 0 -2.315 -10.906 49.605
1 19 12 0.8741 0.7693 0 0 0.988 -9.224 48.680
1 20 18 0.8476 0.1050 0 0 2.209 -12.091 46.489
1 21 11 0.5827 -0.553 0 0 -1.099 -12.302 44.636
1 22 6 0.5629 -0.224 0 0 -1.129 -8.510 44.263
1 23 12 0.6291 0.6385 0 0 2.206 -8.591 42.399
1 24 11 0.4370 0.3266 0 0 1.403 -11.611 40.260
1 25 6 0.2185 -0.181 0 0 -2.294 -11.075 39.488
1 26 2 0.2582 -0.150 0 0 -2.661 -7.360 40.282
1 27 10 0.1390 -0.387 0 0 -5.624 -7.516 42.709
1 28 15 0.2847 0.1187 0 0 -6.621 -7.710 46.391
1 29 22 0.1655 0.1425 0 0 -7.975 -10.946 47.916
0 30 3 0 0 0 0 -7.975 -10.946 47.916
0 31 7 0 0 0 0 -7.975 -10.946 47.916
0 32 20 0 0 0 0 -7.975 -10.946 47.916
0 33 3 0 0 0 0 -7.975 -10.946 47.916
0 34 16 0 0 0 0 -7.975 -10.946 47.916
0 35 17 0 0 0 0 -7.975 -10.946 47.916
0 36 11 0 0 0 0 -7.975 -10.946 47.916
0 37 7 0 0 0 0 -7.975 -10.946 47.916
0 38 3 0 0 0 0 -7.975 -10.946 47.916
1 39 17 0.4304 -0.368 0 0 5.280 -21.056 44.141
1 40 20 0.4437 0.3473 0 0 4.857 -18.274 41.566
1 41 1 0.3178 -0.424 0 0 6.606 -17.305 38.365
1 42 13 0.2980 0.2388 0 0 6.701 -13.903 36.752
1 43 6 0.0860 -0.853 0 0 8.594 -12.305 33.891
1 44 22 0.1523 0.9393 0 0 9.528 -8.736 34.756
1 45 22 0.0794 -0.977 0 0 12.074 -6.036 33.983
1 46 11 0.2384 0.9685 0 0 13.850 -4.294 36.867
1 47 3 0.0596 0.6788 0 0 16.263 -1.412 36.259
1 48 9 0.0066 0.0000 0 0 16.465 -2.479 32.645
1 49 7 0.0264 0.4919 0 0 17.812 -5.993 33.255
1 50 18 0.0331 -0.712 0 0 15.217 -8.667 32.500
1 51 5 0.1059 0.7662 0 0 14.630 -11.452 35.028
1 52 12 0.2715 -0.306 0 0 12.415 -14.203 36.396
1 53 12 0.5364 0.5042 0 0 10.850 -13.697 39.820
1 54 3 0.5430 -0.619 0 0 10.253 -17.045 41.513
1 55 11 0.7748 0.4950 0 0 8.056 -16.271 44.540
1 56 12 0.7350 -0.436 0 0 7.392 -18.958 47.163
1 57 3 0.8145 -0.063 0 0 4.477 -18.020 49.481
1 58 18 0.7483 0.3314 0 0 4.993 -19.565 52.924
1 59 0 0.5562 -0.950 0 0 2.510 -20.614 55.633
1 60 9 0.5894 0.0000 0 0 1.997 -18.468 58.726
1 61 6 0.3774 -0.715 0 0 3.555 -20.853 61.242
0 62 7 0 0 0 0 3.555 -20.853 61.242
0 63 7 0 0 0 0 3.555 -20.853 61.242
0 64 20 0 0 0 0 3.555 -20.853 61.242
0 65 17 0 0 0 0 3.555 -20.853 61.242
0 66 0 0 0 0 0 3.555 -20.853 61.242
0 67 14 0 0 0 0 3.555 -20.853 61.242
1 68 1 0.2052 0.1648 0 0 10.751 -26.368 56.590
1 69 3 0.1258 -0.373 0 0 14.522 -26.401 57.042
1 70 6 0.0993 -0.391 0 0 14.650 -27.177 53.307
1 71 20 0.3443 0.0893 0 0 12.860 -25.029 50.681
1 72 14 0.5231 0.4694 0 0 14.273 -22.094 52.624
1 73 1 0.3311 -0.962 0 0 17.913 -23.046 52.057
1 74 18 0.3576 -0.171 0 0 17.011 -22.545 48.405
1 75 9 0.6357 0.0000 0 0 15.462 -19.070 48.543
1 76 7 0.6490 -0.609 0 0 17.903 -16.265 47.720
1 77 9 0.8807 0.0000 0 0 16.045 -13.291 49.181
1 78 15 0.9536 -0.789 0 0 13.635 -13.031 52.104
1 79 12 0.9933 0.8573 0 0 10.575 -10.901 52.826
1 80 5 0.9867 -0.646 0 0 9.929 -10.729 56.592
1 81 22 0.9735 0.3938 0 0 6.344 -9.536 56.937
1 82 15 0.8609 -0.153 0 0 4.201 -8.368 59.873
1 83 0 0.6821 -0.560 0 0 0.955 -6.388 60.042
1 84 11 0.4768 -0.120 0 0 0.989 -2.917 61.623
1 85 2 0.2913 0.0874 0 0 -2.275 -3.771 63.395
1 86 2 0.3046 0.2850 0 0 -0.793 -6.899 65.007
1 87 18 0.2119 -0.861 0 0 1.803 -6.350 67.731
1 88 13 0.2516 -0.240 0 0 2.614 -10.017 68.197
1 89 17 0.5298 0.4653 0 0 3.301 -10.476 64.467
1 90 15 0.5761 -0.171 0 0 5.878 -7.731 64.930
1 91 7 0.3642 -0.884 0 0 7.400 -9.408 67.947
1 92 3 0.4834 -0.399 0 0 7.665 -12.633 65.945
1 93 11 0.7152 0.7272 0 0 9.962 -11.264 63.236
1 94 10 0.5033 -0.849 0 0 13.014 -11.987 65.407
1 95 6 0.4172 -0.384 0 0 11.961 -15.634 65.490
1 96 20 0.6887 0.2884 0 0 11.886 -16.013 61.686
1 97 1 0.7019 -0.113 0 0 14.946 -13.779 61.212
1 98 7 0.3841 -0.631 0 0 16.923 -16.241 63.309
1 99 6 0.3973 0.2228 0 0 15.424 -19.365 61.764
1 100 11 0.6158 0.9861 0 0 16.586 -17.921 58.433
1 101 13 0.4039 -0.181 0 0 19.981 -16.722 59.603
1 102 1 0.1589 -0.388 0 0 20.345 -20.300 60.850
1 103 22 0.1788 0.4723 0 0 19.538 -22.474 57.830
1 104 13 0.2251 0.7826 0 0 22.004 -20.409 55.748
1 105 3 0.0463 -0.857 0 0 25.137 -20.074 57.910
1 106 17 0.1192 0.5317 0 0 25.291 -16.329 57.295
1 107 3 0.1324 -0.860 0 0 24.974 -13.216 59.449
1 108 3 0.3708 -0.608 0 0 23.773 -11.159 56.484
1 109 22 0.5960 0.0742 0 0 21.317 -12.695 54.015
1 110 16 0.7682 -0.658 0 0 19.267 -10.656 51.484
1 111 14 0.9205 -0.069 0 0 16.064 -9.664 53.246
1 112 22 0.9668 0.0891 0 0 13.552 -6.832 53.743
1 113 12 0.9470 -0.799 0 0 11.327 -6.032 56.724
1 114 22 0.9602 0.6873 0 0 7.756 -5.335 55.648
1 115 9 0.8675 0.0000 0 0 4.976 -3.694 57.620
1 116 2 0.8410 0.1666 0 0 1.772 -4.695 55.785
1 117 13 0.5695 -0.007 0 0 -1.832 -3.402 56.047
1 118 5 0.4503 0.3105 0 0 -0.708 0.236 56.178
1 119 3 0.1986 0.2354 0 0 -4.193 1.129 54.957
1 120 12 0.0728 0.3736 0 0 -5.729 0.731 58.403
1 121 0 0.0132 -0.926 0 0 -6.072 3.221 61.260
1 122 0 0.0198 -0.053 0 0 -5.881 0.541 63.924
1 123 1 0.0662 0.5679 0 0 -2.078 0.751 64.116
1 124 18 0.0529 0.0124 0 0 -0.329 -0.773 67.147
1 125 22 0.2450 0.8405 0 0 3.258 -0.726 65.804
1 126 7 0.1125 -0.980 0 0 4.978 2.638 65.301
1 127 17 0.3245 0.0708 0 0 7.230 2.992 62.233
1 128 1 0.0927 -0.598 0 0 9.897 4.272 64.621
1 129 6 0.1920 -0.315 0 0 9.569 0.812 66.127
1 130 0 0.5165 0.6796 0 0 10.130 -1.160 62.939
1 131 6 0.3907 -0.297 0 0 12.946 1.151 61.854
1 132 3 0.1854 -0.815 0 0 14.947 0.556 65.041
1 133 12 0.4105 0.5259 0 0 14.559 -3.192 64.497
1 134 0 0.6026 0.3707 0 0 15.629 -2.804 60.830
1 135 1 0.3112 -0.838 0 0 18.789 -0.893 61.820
1 136 17 0.2317 0.2187 0 0 19.657 -3.545 64.384
1 137 20 0.4635 0.4880 0 0 19.436 -5.910 61.420
1 138 9 0.4238 0.0000 0 0 20.999 -3.931 58.583
1 139 11 0.7086 0.6686 0 0 18.011 -4.559 56.272
1 140 16 0.7880 0.2452 0 0 15.544 -2.094 54.659
1 141 20 0.8344 -0.177 0 0 12.073 -1.384 56.072
1 142 11 0.8543 0.2456 0 0 9.056 -0.726 53.854
1 143 7 0.7814 -0.763 0 0 5.330 -0.351 54.550
1 144 18 0.8079 0.9628 0 0 2.844 -1.889 52.151
1 145 17 0.6225 -0.998 0 0 -0.896 -2.353 51.708
1 146 0 0.6556 0.4488 0 0 -1.795 -5.419 49.654
1 147 13 0.3509 -0.827 0 0 -5.225 -3.794 49.387
1 148 18 0.2649 -0.121 0 0 -4.437 -0.384 47.906
1 149 1 0.4569 0.0312 0 0 -1.462 -2.099 46.260
1 150 6 0.4701 -0.440 0 0 0.645 0.709 47.736
1 151 9 0.6953 0.0000 0 0 4.323 -0.158 48.142
1 152 22 0.8211 -0.248 0 0 3.692 -3.733 46.968
1 153 7 0.7284 -0.910 0 0 6.284 -3.092 44.265
1 154 3 0.7615 -0.713 0 0 8.958 -1.198 46.229
1 155 0 0.9337 0.5605 0 0 8.998 -4.109 48.662
1 156 15 0.9271 0.3840 0 0 9.654 -6.815 46.083
1 157 20 0.7947 -0.536 0 0 11.999 -4.794 43.897
1 158 18 0.8278 0.1199 0 0 14.025 -3.613 46.845
1 159 12 0.9072 0.6998 0 0 14.502 -7.233 47.875
1 160 22 0.7417 -0.435 0 0 15.841 -7.897 44.377
1 161 1 0.5496 -0.073 0 0 18.258 -4.967 44.356
1 162 7 0.6622 0.3349 0 0 19.374 -6.262 47.730
1 163 11 0.6092 0.5359 0 0 20.161 -9.657 46.234
1 164 1 0.3377 0.0496 0 0 22.160 -7.988 43.479
1 165 6 0.2781 0.0538 0 0 24.545 -6.805 46.175
1 166 10 0.1456 0.4710 0 0 25.662 -10.438 46.401
