1 1 14 0.0 0.3338 0 0 12.071 -0.760 2.456
1 2 18 0.0617 0.1628 0 0 14.255 2.251 1.739
1 3 7 0.2777 -0.474 0 0 17.554 2.340 3.603
1 4 20 0.5617 -0.189 0 0 19.324 5.549 4.618
1 5 13 0.6851 -0.917 0 0 23.033 5.545 5.412
1 6 12 0.9012 0.2341 0 0 23.670 8.233 8.026
1 7 22 0.9320 -0.681 0 0 27.062 9.229 9.419
1 8 22 0.9876 0.3067 0 0 27.495 11.035 12.739
1 9 22 0.9506 -0.159 0 0 30.730 13.028 12.925
1 10 9 0.8950 0.0000 0 0 32.229 15.540 15.324
1 11 0 0.6913 -0.494 0 0 34.988 16.201 17.844
1 12 9 0.5432 0.0000 0 0 35.492 13.775 20.704
1 13 9 0.5308 0.0000 0 0 33.072 14.297 23.563
1 14 22 0.7592 0.6328 0 0 30.366 16.247 21.725
1 15 9 0.8209 0.0000 0 0 27.914 13.405 22.312
1 16 13 0.9135 0.0213 0 0 27.874 11.372 19.086
1 17 17 0.7777 -0.711 0 0 27.299 8.019 20.787
1 18 0 0.7160 -0.241 0 0 24.831 9.457 23.288
1 19 12 0.8888 0.7249 0 0 22.778 10.894 20.414
1 20 18 0.8765 0.1777 0 0 22.791 7.653 18.441
1 21 11 0.6419 -0.628 0 0 21.915 5.510 21.463
1 22 6 0.6172 -0.319 0 0 19.116 7.870 22.525
1 23 12 0.7098 0.6140 0 0 17.636 7.510 19.056
1 24 11 0.5123 0.2283 0 0 17.964 3.724 19.097
1 25 6 0.2839 -0.104 0 0 17.349 2.845 22.743
1 26 2 0.3024 -0.267 0 0 15.484 5.883 24.052
1 27 10 0.1975 -0.276 0 0 17.819 6.442 27.019
1 28 15 0.3209 0.1314 0 0 20.872 8.510 27.988
1 29 22 0.2469 0.3423 0 0 24.174 6.640 28.152
1 30 3 0.1481 -0.893 0 0 27.260 8.314 29.576
1 31 7 0.0740 -0.907 0 0 30.861 7.109 29.737
1 32 20 0.2037 0.4598 0 0 30.326 5.103 26.548
1 33 3 0.0925 -0.542 0 0 33.677 3.740 25.341
1 34 16 0.3086 -0.608 0 0 35.043 6.688 23.273
1 35 18 0.1358 -0.977 0 0 37.104 4.322 21.092
1 36 11 0.2345 -0.591 0 0 34.271 2.151 19.788
1 37 7 0.4444 0.3095 0 0 32.968 2.716 16.272
1 38 3 0.4320 -0.720 0 0 30.017 0.778 14.883
1 39 17 0.5493 -0.021 0 0 26.739 1.205 13.047
1 40 20 0.5370 0.0443 0 0 23.288 0.993 14.565
1 41 1 0.4506 -0.400 0 0 20.075 0.329 12.696
1 42 13 0.3888 0.1707 0 0 16.465 1.249 13.389
1 43 6 0.1728 -0.974 0 0 13.316 0.798 11.323
1 44 22 0.2407 0.9789 0 0 11.146 3.889 11.595
1 45 22 0.1049 -0.956 0 0 8.303 5.696 9.858
1 46 11 0.2716 0.9707 0 0 9.202 9.129 8.485
1 47 3 0.0802 0.6267 0 0 6.581 11.178 6.627
1 48 9 0.0061 0.0000 0 0 4.471 8.111 5.886
1 49 7 0.0370 0.4975 0 0 7.481 6.166 4.614
1 50 18 0.0432 -0.721 0 0 8.760 3.106 6.475
1 51 5 0.1543 0.7819 0 0 12.543 3.012 6.258
1 52 12 0.3271 -0.405 0 0 15.691 1.577 7.768
1 53 12 0.6234 0.4877 0 0 18.193 3.989 9.262
1 54 3 0.6358 -0.569 0 0 21.779 2.714 9.135
1 55 11 0.8333 0.5325 0 0 23.741 5.002 11.450
1 56 12 0.8148 -0.412 0 0 27.530 4.946 11.642
1 57 3 0.8518 -0.155 0 0 28.656 6.258 15.019
1 58 18 0.7901 0.5595 0 0 32.185 7.489 14.217
1 59 0 0.5864 -0.727 0 0 34.842 7.559 16.936
1 60 9 0.4753 0.0000 0 0 37.887 8.990 15.186
0 61 6 0 0 0 0 37.887 8.990 15.186
0 62 7 0 0 0 0 37.887 8.990 15.186
0 63 7 0 0 0 0 37.887 8.990 15.186
0 64 20 0 0 0 0 37.887 8.990 15.186
0 65 17 0 0 0 0 37.887 8.990 15.186
0 66 0 0 0 0 0 37.887 8.990 15.186
0 67 14 0 0 0 0 37.887 8.990 15.186
1 68 1 0.3456 -0.498 0 0 37.975 7.946 6.796
1 69 3 0.3148 -0.985 0 0 36.833 8.951 3.317
1 70 6 0.1790 -0.942 0 0 35.871 5.298 2.985
1 71 20 0.4814 0.5428 0 0 32.762 5.643 5.147
1 72 14 0.6049 0.0226 0 0 32.165 9.237 4.058
1 73 1 0.3580 -0.861 0 0 31.939 7.905 0.502
1 74 18 0.3950 -0.334 0 0 29.280 5.346 1.463
1 75 9 0.6728 0.0000 0 0 27.345 7.785 3.638
1 76 7 0.6604 -0.553 0 0 24.314 9.483 2.106
1 77 9 0.8827 0.0000 0 0 23.812 12.061 4.858
1 78 15 0.9691 -0.820 0 0 25.891 13.511 7.699
1 79 12 0.9938 0.8212 0 0 25.154 14.811 11.190
1 80 5 0.9814 -0.632 0 0 27.897 17.318 11.968
1 81 22 0.9753 0.4244 0 0 27.804 17.596 15.731
1 82 15 0.8703 -0.226 0 0 29.457 20.061 18.094
1 83 0 0.6975 -0.498 0 0 28.721 20.802 21.760
1 84 11 0.5061 -0.038 0 0 27.278 24.218 22.611
1 85 2 0.2592 0.0798 0 0 29.672 24.472 25.580
1 86 2 0.3395 0.1921 0 0 32.809 23.651 23.578
1 87 18 0.2160 -0.849 0 0 33.842 26.374 21.147
1 88 13 0.2530 -0.202 0 0 36.645 24.250 19.731
1 89 17 0.5555 0.4299 0 0 34.176 21.561 18.640
1 90 15 0.5802 -0.182 0 0 32.159 24.241 16.849
1 91 7 0.3827 -0.815 0 0 35.135 25.614 14.903
1 92 3 0.5246 -0.249 0 0 36.067 22.011 14.003
1 93 11 0.7345 0.6759 0 0 32.835 21.806 12.002
1 94 10 0.4876 -0.933 0 0 34.476 23.566 9.053
1 95 6 0.4567 -0.591 0 0 37.084 20.782 8.786
1 96 20 0.7283 0.3745 0 0 34.477 18.003 8.910
1 97 1 0.7037 -0.299 0 0 32.362 19.583 6.175
1 98 7 0.4197 -0.652 0 0 35.454 20.135 4.017
1 99 6 0.4382 -0.387 0 0 36.380 16.466 4.355
1 100 11 0.6296 0.9814 0 0 32.869 15.358 3.415
1 101 13 0.4074 -0.055 0 0 32.688 17.639 0.363
1 102 1 0.1296 -0.105 0 0 36.189 16.535 -0.669
1 103 22 0.1666 0.7260 0 0 35.553 12.785 -0.784
1 104 13 0.2654 0.7596 0 0 32.034 13.349 -2.127
1 105 3 0.0493 -0.649 0 0 33.254 15.520 -4.995
1 106 17 0.1172 0.4276 0 0 30.029 17.426 -4.410
1 107 3 0.1419 -0.471 0 0 29.228 20.924 -3.194
1 108 3 0.3703 -0.612 0 0 25.826 19.978 -1.782
1 109 22 0.5925 0.1240 0 0 25.764 16.798 0.275
1 110 16 0.7839 -0.589 0 0 22.939 16.097 2.765
1 111 14 0.9197 -0.148 0 0 24.097 17.491 6.085
1 112 22 0.9567 0.2050 0 0 22.591 18.830 9.314
1 113 12 0.9444 -0.768 0 0 24.492 20.972 11.817
1 114 22 0.9629 0.7308 0 0 23.787 19.719 15.342
1 115 9 0.8641 0.0000 0 0 24.476 21.749 18.483
1 116 2 0.8395 0.2262 0 0 24.336 19.145 21.266
1 117 13 0.5740 0.0202 0 0 24.181 19.470 25.076
1 118 5 0.4691 0.3782 0 0 21.595 22.280 24.937
1 119 3 0.2098 0.3319 0 0 20.448 21.243 28.412
1 120 12 0.0864 0.3350 0 0 23.611 22.833 29.802
1 121 0 0.0246 -0.926 0 0 23.531 26.405 31.090
1 122 0 0.0185 -0.305 0 0 27.179 27.304 30.463
1 123 1 0.0679 0.5247 0 0 26.818 27.873 26.715
1 124 18 0.0555 0.0878 0 0 29.875 29.148 24.825
1 125 22 0.2222 0.8508 0 0 28.408 28.896 21.322
1 126 7 0.1234 -0.947 0 0 25.343 31.046 20.715
1 127 17 0.3333 -0.048 0 0 22.478 29.583 18.697
1 128 1 0.1111 -0.384 0 0 22.571 32.600 16.386
1 129 6 0.1604 -0.176 0 0 26.227 31.957 15.490
1 130 0 0.4938 0.6600 0 0 25.499 28.358 14.525
1 131 6 0.4259 -0.429 0 0 22.305 29.371 12.747
1 132 3 0.1851 -0.857 0 0 24.207 31.829 10.578
1 133 12 0.4012 0.4353 0 0 26.963 29.299 9.831
1 134 0 0.5987 0.5105 0 0 24.424 26.654 8.857
1 135 1 0.3518 -0.630 0 0 22.653 29.159 6.631
1 136 17 0.1913 -0.334 0 0 25.997 29.927 5.006
1 137 20 0.4629 0.4619 0 0 26.394 26.181 4.370
1 138 9 0.4135 0.0000 0 0 22.823 25.986 3.160
1 139 11 0.6790 0.6918 0 0 21.891 23.316 5.716
1 140 16 0.7407 0.2092 0 0 19.545 23.048 8.698
1 141 20 0.8086 -0.160 0 0 20.692 23.706 12.266
1 142 11 0.8456 0.3058 0 0 19.103 21.803 15.133
1 143 7 0.7716 -0.780 0 0 20.000 21.973 18.810
1 144 18 0.8024 0.9711 0 0 19.760 18.742 20.748
1 145 17 0.6481 -0.999 0 0 20.213 17.144 24.151
1 146 0 0.6666 0.4165 0 0 21.031 13.440 24.245
1 147 13 0.3765 -0.757 0 0 20.415 13.729 27.983
1 148 18 0.2901 -0.109 0 0 16.835 15.015 27.830
1 149 1 0.5185 0.0367 0 0 16.321 13.793 24.249
1 150 6 0.5 -0.244 0 0 15.240 17.265 23.100
1 151 9 0.7222 0.0000 0 0 15.576 17.583 19.317
1 152 22 0.8580 -0.133 0 0 17.210 14.172 18.846
1 153 7 0.7469 -0.904 0 0 14.467 12.740 16.633
1 154 3 0.7654 -0.362 0 0 14.238 16.085 14.841
1 155 0 0.9259 0.6136 0 0 17.965 15.955 14.049
1 156 15 0.9382 0.4564 0 0 18.052 12.484 12.485
1 157 20 0.7962 -0.549 0 0 14.665 12.793 10.758
1 158 18 0.8271 0.0924 0 0 15.579 16.168 9.275
1 159 12 0.9074 0.7436 0 0 18.710 14.572 7.789
1 160 22 0.7530 -0.331 0 0 16.620 11.770 6.263
1 161 1 0.5679 -0.049 0 0 14.346 14.412 4.678
1 162 7 0.6543 0.3195 0 0 17.444 16.183 3.318
1 163 11 0.6111 0.5710 0 0 18.560 12.895 1.776
1 164 1 0.3641 -0.031 0 0 15.084 12.246 0.399
1 165 6 0.2283 -0.285 0 0 15.049 15.665 -1.270
1 166 10 0.2962 0.2998 0 0 18.589 15.156 -2.594
1 167 13 0.0987 0.3811 0 0 17.559 11.857 -4.214
1 168 12 0.0308 0.0642 0 0 14.392 13.314 -5.778
1 169 1 0.0123 0.7863 0 0 16.350 16.043 -7.554
0 170 13 0 0 0 0 16.350 16.043 -7.554
0 171 12 0 0 0 0 16.350 16.043 -7.554
