1 1 14 0.0060 0.3324 0 0 -5.803 31.720 -6.813
1 2 18 0.0421 0.1652 0 0 -4.697 28.724 -4.814
1 3 7 0.2289 -0.469 0 0 -4.629 29.433 -1.111
1 4 20 0.5301 -0.256 0 0 -2.700 27.301 1.366
1 5 13 0.6746 -0.625 0 0 -3.750 27.305 4.988
1 6 12 0.9036 0.0599 0 0 -0.560 26.728 6.971
1 7 22 0.9518 -0.631 0 0 -0.540 26.495 10.754
1 8 22 0.9879 0.2742 0 0 2.592 27.029 12.890
1 9 22 0.9698 -0.255 0 0 2.595 24.975 16.112
1 10 9 0.9277 0.0000 0 0 5.027 24.078 18.839
1 11 0 0.7891 -0.492 0 0 5.881 24.582 22.493
1 12 16 0.6325 -0.572 0 0 5.988 28.125 23.956
1 13 9 0.6084 0.0000 0 0 9.188 30.003 23.177
1 14 22 0.8253 0.6071 0 0 10.485 27.887 20.259
1 15 9 0.8554 0.0000 0 0 10.339 30.734 17.718
1 16 13 0.9457 0.0256 0 0 7.011 30.154 15.974
1 17 17 0.8433 -0.646 0 0 6.436 33.887 15.571
1 18 0 0.7710 -0.274 0 0 10.030 34.727 14.693
1 19 12 0.8975 0.7259 0 0 9.906 32.266 11.764
1 20 18 0.8855 0.2908 0 0 6.611 33.599 10.420
1 21 11 0.6445 -0.422 0 0 7.650 37.283 10.680
1 22 6 0.5963 -0.310 0 0 11.014 36.575 9.071
1 23 12 0.6686 0.5770 0 0 9.106 35.148 6.086
1 24 11 0.5 0.3300 0 0 6.442 37.878 5.926
1 25 6 0.2831 -0.101 0 0 8.288 40.947 7.234
1 26 2 0.2530 -0.246 0 0 11.935 40.065 6.588
1 27 10 0.1987 -0.183 0 0 13.175 40.985 10.032
1 28 15 0.3373 0.1406 0 0 14.097 39.046 13.162
1 29 22 0.3072 0.5098 0 0 12.096 39.817 16.320
1 30 3 0.1265 -0.545 0 0 14.123 39.566 19.522
1 31 7 0.0662 -0.513 0 0 11.351 40.765 21.851
1 32 20 0.0963 -0.182 0 0 9.446 38.762 24.458
1 33 3 0.1807 -0.003 0 0 5.960 38.972 23.020
1 34 16 0.3433 -0.883 0 0 3.673 35.960 23.650
1 35 18 0.4879 0.8960 0 0 1.136 35.057 20.930
1 36 11 0.3554 -0.997 0 0 -2.543 34.448 21.494
1 37 7 0.4819 -0.122 0 0 -3.474 34.124 17.820
1 38 3 0.5361 -0.269 0 0 -2.032 35.887 14.777
1 39 17 0.5240 -0.480 0 0 -2.948 35.564 11.086
1 40 20 0.5180 0.3411 0 0 -0.820 36.467 8.050
1 41 1 0.3855 -0.529 0 0 -1.816 36.507 4.381
1 42 13 0.3253 0.2375 0 0 0.765 36.951 1.643
1 43 6 0.1024 -0.905 0 0 0.645 36.607 -2.137
1 44 22 0.1506 0.9907 0 0 3.781 34.745 -3.251
1 45 22 0.0481 -0.987 0 0 5.032 32.868 -6.295
1 46 11 0.1746 0.9795 0 0 6.361 29.392 -5.491
1 47 3 0.0361 0.6490 0 0 7.726 27.317 -8.397
1 48 9 0.0 0.0000 0 0 5.860 29.492 -10.829
1 49 7 0.0180 0.5464 0 0 2.486 29.113 -9.153
1 50 18 0.0240 -0.764 0 0 0.829 32.311 -7.904
1 51 5 0.1084 0.7478 0 0 -0.682 31.475 -4.534
1 52 12 0.2409 -0.257 0 0 -1.742 33.001 -1.259
1 53 12 0.5602 0.4519 0 0 -0.097 31.852 1.948
1 54 3 0.5783 -0.468 0 0 -2.679 32.138 4.734
1 55 11 0.8192 0.4612 0 0 -0.593 31.585 7.866
1 56 12 0.8313 -0.574 0 0 -1.944 31.038 11.376
1 57 3 0.8795 -0.090 0 0 0.592 31.703 14.098
1 58 18 0.8373 0.5300 0 0 -0.544 29.931 17.292
1 59 0 0.6927 -0.993 0 0 0.067 29.714 21.051
1 60 9 0.7168 0.0000 0 0 1.568 26.551 22.573
1 61 6 0.4096 -0.462 0 0 0.177 26.923 26.115
1 62 7 0.1927 -0.437 0 0 -2.503 24.561 27.504
1 63 7 0.0843 0.4371 0 0 -4.891 27.565 27.528
1 64 20 0.3313 0.6637 0 0 -5.092 27.373 23.787
1 65 17 0.2650 -0.494 0 0 -6.198 23.765 23.626
1 66 0 0.0722 -0.884 0 0 -9.888 24.164 22.807
1 67 14 0.2228 -0.562 0 0 -9.013 26.951 20.428
1 68 1 0.4759 0.4354 0 0 -6.531 24.459 19.055
1 69 3 0.3493 -0.567 0 0 -8.843 21.766 17.693
1 70 6 0.2590 -0.517 0 0 -10.627 24.502 15.809
1 71 20 0.5481 0.6217 0 0 -7.575 25.729 13.876
1 72 14 0.6566 0.3545 0 0 -6.087 22.281 13.454
1 73 1 0.3975 -0.833 0 0 -9.138 21.042 11.625
1 74 18 0.4277 -0.382 0 0 -8.969 23.859 9.066
1 75 9 0.7108 0.0000 0 0 -5.230 23.801 8.505
1 76 7 0.6626 -0.613 0 0 -4.013 22.053 5.375
1 77 9 0.8674 0.0000 0 0 -0.391 21.810 6.486
1 78 15 0.9638 -0.746 0 0 1.428 22.228 9.779
1 79 12 0.9939 0.4464 0 0 4.880 23.461 10.720
1 80 5 0.9819 -0.757 0 0 5.786 21.558 13.912
1 81 22 0.9759 0.4348 0 0 8.523 23.615 15.515
1 82 15 0.8915 -0.349 0 0 10.931 22.811 18.335
1 83 0 0.7409 -0.410 0 0 14.092 24.555 19.545
1 84 11 0.5120 -0.164 0 0 17.419 22.712 19.223
1 85 2 0.3132 0.1832 0 0 18.474 24.106 22.588
1 86 2 0.3734 0.2889 0 0 15.333 22.817 24.296
1 87 18 0.2771 -0.868 0 0 14.843 19.109 24.812
1 88 13 0.3192 -0.039 0 0 11.374 19.414 26.392
1 89 17 0.6144 0.3978 0 0 10.144 21.242 23.266
1 90 15 0.6204 -0.263 0 0 11.440 18.352 21.143
1 91 7 0.4216 -0.899 0 0 9.636 15.833 23.311
1 92 3 0.5722 -0.196 0 0 6.435 17.966 23.127
1 93 11 0.7951 0.6874 0 0 6.257 17.526 19.333
1 94 10 0.5542 -0.909 0 0 4.673 14.125 19.797
1 95 6 0.5060 -0.387 0 0 1.823 15.755 21.737
1 96 20 0.7771 0.3904 0 0 1.097 18.232 18.906
1 97 1 0.7469 -0.180 0 0 1.383 15.663 16.149
1 98 7 0.4337 -0.461 0 0 -1.044 13.284 17.884
1 99 6 0.4457 0.2168 0 0 -3.593 16.065 18.477
1 100 11 0.6265 0.9812 0 0 -3.464 16.998 14.771
1 101 13 0.4156 -0.066 0 0 -4.003 13.344 13.698
1 102 1 0.1686 -0.346 0 0 -6.911 13.156 16.123
1 103 22 0.2168 0.7109 0 0 -8.735 16.189 14.736
1 104 13 0.3012 0.7713 0 0 -7.840 15.526 11.077
1 105 3 0.0542 -0.727 0 0 -8.893 11.856 11.335
1 106 17 0.1325 0.4436 0 0 -5.735 11.004 9.474
1 107 3 0.1566 -0.927 0 0 -2.446 9.167 9.878
1 108 3 0.3614 -0.590 0 0 -0.907 11.442 7.297
1 109 22 0.5903 0.3222 0 0 -1.425 15.206 7.325
1 110 16 0.7590 -0.611 0 0 0.988 17.489 5.439
1 111 14 0.9096 -0.065 0 0 3.642 18.330 8.051
1 112 22 0.9397 0.0536 0 0 7.273 19.484 8.308
1 113 12 0.9337 -0.657 0 0 9.401 18.983 11.453
1 114 22 0.9578 0.7217 0 0 11.368 22.185 12.091
1 115 9 0.8614 0.0000 0 0 14.290 22.397 14.469
1 116 2 0.8493 0.2783 0 0 14.620 26.125 15.092
1 117 13 0.6024 0.1247 0 0 17.388 28.275 16.591
1 118 5 0.4518 0.2766 0 0 20.092 26.350 14.746
1 119 3 0.2108 0.3578 0 0 22.376 29.395 14.992
1 120 12 0.1144 0.3715 0 0 22.828 28.721 18.733
1 121 0 0.0120 -0.911 0 0 25.971 26.908 19.876
1 122 9 0.0301 0.0000 0 0 24.411 25.220 22.915
1 123 1 0.0783 0.4627 0 0 22.388 22.478 21.187
1 124 18 0.0602 0.0967 0 0 20.795 19.740 23.325
1 125 22 0.2349 0.8920 0 0 18.900 17.993 20.556
1 126 7 0.1204 -0.935 0 0 21.093 16.256 17.965
1 127 17 0.2951 -0.392 0 0 20.031 16.559 14.349
1 128 1 0.0903 -0.804 0 0 20.285 12.759 14.116
1 129 6 0.1445 -0.064 0 0 17.579 12.136 16.693
1 130 0 0.4698 0.5986 0 0 15.257 14.731 15.135
1 131 6 0.3915 -0.261 0 0 15.907 13.124 11.767
1 132 3 0.1626 -0.809 0 0 15.035 9.615 13.047
1 133 12 0.4036 0.6005 0 0 11.869 11.069 14.565
1 134 0 0.5662 0.4581 0 0 10.911 12.723 11.304
1 135 1 0.2891 -0.913 0 0 11.565 9.508 9.359
1 136 17 0.1867 0.1040 0 0 9.354 7.597 11.778
1 137 20 0.4397 0.5229 0 0 6.670 10.223 11.106
1 138 9 0.3674 0.0000 0 0 7.344 9.934 7.382
1 139 11 0.6506 0.7274 0 0 7.806 13.724 7.154
1 140 16 0.7048 0.2282 0 0 10.709 16.039 6.191
1 141 20 0.7831 -0.098 0 0 12.965 17.560 8.852
1 142 11 0.8132 0.2143 0 0 14.347 21.066 8.316
1 143 7 0.7530 -0.721 0 0 16.643 23.075 10.556
1 144 18 0.8012 0.9740 0 0 16.037 26.821 10.652
1 145 17 0.6385 -0.976 0 0 17.250 30.017 12.264
1 146 0 0.6807 0.4532 0 0 14.832 32.957 12.431
1 147 13 0.3795 -0.748 0 0 17.930 35.001 13.377
1 148 18 0.2469 -0.089 0 0 20.072 34.325 10.267
1 149 1 0.4578 0.0260 0 0 17.037 33.483 8.079
1 150 6 0.4638 -0.299 0 0 18.619 30.129 7.352
1 151 9 0.6867 0.0000 0 0 16.039 27.573 6.243
1 152 22 0.8072 -0.112 0 0 13.003 29.852 6.688
1 153 7 0.7228 -0.882 0 0 11.674 29.835 3.100
1 154 3 0.7289 -0.421 0 0 12.843 26.233 2.768
1 155 0 0.9216 0.6565 0 0 10.658 25.192 5.731
1 156 15 0.9156 0.5069 0 0 7.561 27.018 4.452
1 157 20 0.7349 -0.484 0 0 7.947 26.112 0.737
1 158 18 0.7650 0.1348 0 0 8.598 22.456 1.523
1 159 12 0.8734 0.7972 0 0 5.297 22.380 3.469
1 160 22 0.6987 -0.299 0 0 3.455 23.916 0.459
1 161 1 0.4939 -0.056 0 0 4.931 21.213 -1.814
1 162 7 0.5843 0.2848 0 0 3.821 18.514 0.662
1 163 11 0.5421 0.5585 0 0 0.275 19.877 0.534
1 164 1 0.2710 0.0552 0 0 0.599 19.794 -3.288
1 165 6 0.1385 0.1742 0 0 1.504 16.081 -3.448
1 166 10 0.2048 0.2369 0 0 -1.069 15.027 -0.858
