1 1 14 0.0060 0.3866 0 0 -5.802 31.513 -6.914
1 2 18 0.0421 0.1763 0 0 -4.786 28.460 -4.922
1 3 7 0.2168 -0.506 0 0 -4.700 28.997 -1.193
1 4 20 0.5301 -0.254 0 0 -2.666 26.967 1.292
1 5 13 0.6686 -0.914 0 0 -3.870 26.993 4.889
1 6 12 0.8975 0.1221 0 0 -0.716 26.495 6.951
1 7 22 0.9518 -0.620 0 0 -0.655 26.180 10.737
1 8 22 0.9879 0.2720 0 0 2.471 26.666 12.870
1 9 22 0.9698 -0.200 0 0 2.382 24.621 16.105
1 10 9 0.9277 0.0000 0 0 4.855 23.973 18.897
1 11 0 0.7951 -0.470 0 0 5.718 24.380 22.562
1 12 16 0.6445 -0.645 0 0 5.716 27.972 23.879
1 13 9 0.6204 0.0000 0 0 8.885 29.893 23.109
1 14 22 0.8192 0.6351 0 0 10.327 27.724 20.283
1 15 9 0.8554 0.0000 0 0 10.175 30.550 17.724
1 16 13 0.9457 0.0460 0 0 6.822 29.970 16.002
1 17 17 0.8433 -0.632 0 0 6.172 33.697 15.520
1 18 0 0.7831 -0.263 0 0 9.818 34.475 14.718
1 19 12 0.9036 0.7310 0 0 9.773 32.018 11.771
1 20 18 0.8795 0.3397 0 0 6.538 33.440 10.371
1 21 11 0.6325 -0.379 0 0 7.497 37.122 10.715
1 22 6 0.5963 -0.350 0 0 10.873 36.406 9.132
1 23 12 0.6746 0.6107 0 0 9.074 34.853 6.105
1 24 11 0.4879 0.3347 0 0 6.451 37.636 5.865
1 25 6 0.2650 0.0352 0 0 8.158 40.829 7.118
1 26 2 0.2228 -0.296 0 0 11.881 40.069 6.613
1 27 10 0.1987 -0.164 0 0 13.132 40.761 10.114
1 28 15 0.3373 0.1234 0 0 14.035 38.792 13.212
1 29 22 0.3072 0.4850 0 0 11.949 39.557 16.279
1 30 3 0.1325 -0.462 0 0 14.007 39.307 19.456
1 31 7 0.0662 -0.866 0 0 11.315 40.449 21.821
1 32 20 0.0843 -0.173 0 0 9.257 38.672 24.472
1 33 3 0.1807 0.0258 0 0 5.786 38.842 22.960
1 34 16 0.3493 -0.874 0 0 3.572 35.806 23.516
1 35 18 0.4698 0.8953 0 0 0.941 34.864 20.922
1 36 11 0.3855 -0.988 0 0 -2.696 33.970 21.325
1 37 7 0.5 -0.078 0 0 -3.602 33.690 17.654
1 38 3 0.5180 -0.162 0 0 -2.257 35.626 14.686
1 39 17 0.5421 -0.515 0 0 -3.182 35.147 11.027
1 40 20 0.5361 0.3293 0 0 -0.942 36.188 8.158
1 41 1 0.3734 -0.557 0 0 -2.016 36.276 4.524
1 42 13 0.3253 0.0281 0 0 0.460 36.679 1.683
1 43 6 0.1024 -0.906 0 0 0.499 36.388 -2.113
1 44 22 0.1385 0.9958 0 0 3.548 34.416 -3.262
1 45 22 0.0481 -0.979 0 0 4.849 32.603 -6.309
1 46 11 0.1686 0.9798 0 0 6.180 29.172 -5.474
1 47 3 0.0361 0.6554 0 0 7.552 27.124 -8.387
1 48 9 0.0 0.0000 0 0 5.704 29.376 -10.829
1 49 7 0.0120 0.5779 0 0 2.308 28.879 -9.175
1 50 18 0.0240 -0.931 0 0 0.709 32.086 -7.841
1 51 5 0.1084 0.7217 0 0 -0.830 31.230 -4.517
1 52 12 0.2409 -0.230 0 0 -1.860 32.669 -1.200
1 53 12 0.5662 0.4672 0 0 -0.161 31.542 1.998
1 54 3 0.5843 -0.535 0 0 -2.767 31.714 4.767
1 55 11 0.8253 0.5158 0 0 -0.633 31.193 7.902
1 56 12 0.8313 -0.479 0 0 -2.095 30.549 11.356
1 57 3 0.8855 -0.076 0 0 0.432 31.367 14.030
1 58 18 0.8373 0.5185 0 0 -0.756 29.583 17.170
1 59 0 0.6927 -0.981 0 0 -0.232 29.731 20.944
1 60 9 0.6807 0.0000 0 0 1.590 27.031 22.846
1 61 6 0.4036 -0.615 0 0 0.007 26.060 26.229
1 62 7 0.1506 -0.542 0 0 -2.916 24.050 27.642
1 63 7 0.0783 0.5028 0 0 -4.831 27.389 27.633
1 64 20 0.3132 0.7278 0 0 -5.347 26.918 23.980
1 65 17 0.2891 -0.253 0 0 -6.291 23.318 23.432
1 66 0 0.0963 -0.762 0 0 -9.826 24.529 22.752
1 67 14 0.2710 0.0083 0 0 -8.731 27.079 20.172
1 68 1 0.5060 0.3716 0 0 -6.388 24.323 18.984
1 69 3 0.3433 -0.691 0 0 -8.873 21.634 17.927
1 70 6 0.2469 -0.545 0 0 -10.717 24.259 15.905
1 71 20 0.5481 0.7211 0 0 -7.691 25.616 14.067
1 72 14 0.6566 0.3744 0 0 -6.124 22.227 13.368
1 73 1 0.3795 -0.772 0 0 -9.418 21.069 11.811
1 74 18 0.4277 -0.424 0 0 -9.080 23.570 8.929
1 75 9 0.7168 0.0000 0 0 -5.278 23.544 8.459
1 76 7 0.6626 -0.631 0 0 -4.047 21.760 5.333
1 77 9 0.8734 0.0000 0 0 -0.403 21.700 6.391
1 78 15 0.9638 -0.714 0 0 1.387 21.920 9.741
1 79 12 0.9939 0.3501 0 0 4.811 23.204 10.727
1 80 5 0.9819 -0.749 0 0 5.730 21.285 13.875
1 81 22 0.9759 0.4255 0 0 8.446 23.355 15.533
1 82 15 0.8915 -0.363 0 0 10.820 22.605 18.382
1 83 0 0.7469 -0.389 0 0 13.971 24.488 19.482
1 84 11 0.5120 -0.165 0 0 17.306 22.706 19.292
1 85 2 0.3012 0.1397 0 0 18.370 23.965 22.739
1 86 2 0.3674 0.2695 0 0 15.107 22.744 24.340
1 87 18 0.2771 -0.869 0 0 14.752 19.006 24.854
1 88 13 0.3313 -0.445 0 0 11.318 19.413 26.450
1 89 17 0.6144 0.4085 0 0 9.978 21.156 23.298
1 90 15 0.6084 -0.275 0 0 11.352 18.218 21.287
1 91 7 0.4216 -0.885 0 0 9.527 15.669 23.461
1 92 3 0.5602 -0.235 0 0 6.351 17.813 23.253
1 93 11 0.7891 0.6505 0 0 6.323 17.285 19.475
1 94 10 0.5542 -0.909 0 0 4.664 13.885 19.901
1 95 6 0.4939 -0.409 0 0 1.737 15.476 21.718
1 96 20 0.7710 0.3902 0 0 1.018 18.006 18.969
1 97 1 0.7409 -0.129 0 0 1.408 15.371 16.267
1 98 7 0.4397 -0.592 0 0 -1.128 13.149 18.027
1 99 6 0.4457 0.2303 0 0 -3.696 15.938 18.483
1 100 11 0.6265 0.9806 0 0 -3.381 16.812 14.789
1 101 13 0.4156 -0.073 0 0 -3.934 13.189 13.734
1 102 1 0.1927 -0.143 0 0 -6.934 13.072 16.049
1 103 22 0.2349 0.7237 0 0 -8.673 16.190 14.736
1 104 13 0.3192 0.7099 0 0 -7.785 15.379 11.142
1 105 3 0.0542 -0.733 0 0 -8.857 11.705 11.315
1 106 17 0.1445 0.2714 0 0 -5.562 10.995 9.569
1 107 3 0.1746 -0.945 0 0 -2.379 9.033 10.008
1 108 3 0.3554 -0.344 0 0 -0.860 11.171 7.250
1 109 22 0.5903 0.4107 0 0 -1.279 14.964 7.255
1 110 16 0.7530 -0.535 0 0 1.147 17.192 5.302
1 111 14 0.9096 -0.018 0 0 3.691 18.043 7.997
1 112 22 0.9397 0.1014 0 0 7.322 19.166 8.374
1 113 12 0.9337 -0.654 0 0 9.342 18.773 11.569
1 114 22 0.9578 0.7116 0 0 11.235 21.982 12.203
1 115 9 0.8614 0.0000 0 0 14.237 22.247 14.484
1 116 2 0.8493 0.2900 0 0 14.524 25.979 15.134
1 117 13 0.6024 0.1174 0 0 17.277 28.187 16.597
1 118 5 0.4518 0.2794 0 0 19.965 26.205 14.803
1 119 3 0.2108 0.3157 0 0 22.196 29.285 15.078
1 120 12 0.1144 0.4198 0 0 22.701 28.642 18.818
1 121 0 0.0180 -0.914 0 0 25.843 26.762 19.804
1 122 0 0.0301 -0.245 0 0 24.268 25.127 22.862
1 123 1 0.0722 0.4322 0 0 22.310 22.286 21.227
1 124 18 0.0602 0.0624 0 0 20.679 19.711 23.488
1 125 22 0.2289 0.8498 0 0 18.886 17.967 20.631
1 126 7 0.1204 -0.916 0 0 21.158 16.259 18.103
1 127 17 0.2951 -0.109 0 0 20.053 16.557 14.473
1 128 1 0.0903 -0.809 0 0 20.263 12.740 14.194
1 129 6 0.1566 -0.194 0 0 17.661 12.376 16.965
1 130 0 0.4759 0.6250 0 0 15.224 14.675 15.240
1 131 6 0.3915 -0.110 0 0 15.983 13.082 11.869
1 132 3 0.1626 -0.867 0 0 15.147 9.602 13.171
1 133 12 0.4096 0.5180 0 0 11.862 10.919 14.590
1 134 0 0.5722 0.3682 0 0 11.010 12.596 11.292
1 135 1 0.2831 -0.850 0 0 11.618 9.313 9.423
1 136 17 0.1867 0.1223 0 0 9.454 7.391 11.901
1 137 20 0.4337 0.5228 0 0 6.703 9.965 11.328
1 138 9 0.3614 0.0000 0 0 7.272 9.748 7.580
1 139 11 0.6385 0.7572 0 0 7.819 13.508 7.183
1 140 16 0.7048 0.3385 0 0 10.753 15.783 6.277
1 141 20 0.7771 -0.077 0 0 13.042 17.292 8.894
1 142 11 0.8072 0.2475 0 0 14.281 20.857 8.300
1 143 7 0.7650 -0.718 0 0 16.525 22.898 10.602
1 144 18 0.8012 0.9790 0 0 15.908 26.637 10.702
1 145 17 0.6506 -0.986 0 0 17.070 29.849 12.291
1 146 0 0.6987 0.4622 0 0 14.592 32.731 12.384
1 147 13 0.3975 -0.762 0 0 17.637 34.791 13.423
1 148 18 0.2530 -0.160 0 0 19.776 34.255 10.306
1 149 1 0.4638 0.0003 0 0 16.859 33.150 8.081
1 150 6 0.4578 -0.193 0 0 18.570 29.848 7.321
1 151 9 0.6867 0.0000 0 0 15.998 27.271 6.283
1 152 22 0.8132 -0.080 0 0 12.966 29.553 6.689
1 153 7 0.7228 -0.866 0 0 11.669 29.551 3.066
1 154 3 0.7289 -0.434 0 0 12.779 25.940 2.811
1 155 0 0.9216 0.6833 0 0 10.520 24.875 5.698
1 156 15 0.9156 0.5096 0 0 7.458 26.752 4.393
1 157 20 0.7349 -0.484 0 0 7.840 25.872 0.661
1 158 18 0.7590 0.1074 0 0 8.579 22.257 1.496
1 159 12 0.8674 0.7906 0 0 5.270 22.157 3.412
1 160 22 0.7108 -0.309 0 0 3.393 23.696 0.446
1 161 1 0.4819 -0.121 0 0 4.889 21.016 -1.795
1 162 7 0.5783 0.3066 0 0 3.858 18.303 0.654
1 163 11 0.5240 0.5674 0 0 0.254 19.574 0.478
1 164 1 0.2590 0.0694 0 0 0.572 19.521 -3.328
1 165 6 0.1265 0.3420 0 0 1.465 15.798 -3.432
1 166 10 0.2048 0.2661 0 0 -1.046 14.774 -0.761
