1 1 14 0.0 0.3779 0 0 25.590 34.382 0.062
1 2 18 0.0421 0.1632 0 0 29.082 32.883 -0.386
1 3 7 0.1987 0.0345 0 0 31.918 33.728 2.006
1 4 20 0.5120 -0.210 0 0 35.502 33.377 0.687
1 5 13 0.6807 -0.616 0 0 38.453 33.388 3.073
1 6 12 0.9036 0.0829 0 0 41.583 35.085 1.737
1 7 22 0.9397 -0.629 0 0 44.995 35.227 3.413
1 8 22 0.9879 0.2969 0 0 47.654 37.700 2.256
1 9 22 0.9698 -0.537 0 0 51.184 36.350 2.795
1 10 9 0.9277 0.0000 0 0 54.652 37.779 2.181
1 11 0 0.8012 -0.512 0 0 57.850 39.293 3.510
1 12 9 0.6506 0.0000 0 0 57.827 42.484 5.566
1 13 9 0.6084 0.0000 0 0 57.182 45.776 3.829
1 14 22 0.8192 0.6138 0 0 56.295 44.217 0.468
1 15 9 0.8614 0.0000 0 0 52.891 45.859 0.371
1 16 13 0.9518 0.1947 0 0 50.360 43.432 1.818
1 17 17 0.8373 -0.551 0 0 48.562 45.865 4.148
1 18 0 0.7771 -0.251 0 0 48.767 48.556 1.451
1 19 12 0.8975 0.6612 0 0 47.252 46.316 -1.266
1 20 18 0.8855 0.2433 0 0 44.505 45.148 1.035
1 21 11 0.6626 -0.473 0 0 43.435 48.590 2.207
1 22 6 0.6024 -0.357 0 0 43.350 49.774 -1.403
1 23 12 0.6867 0.5463 0 0 40.777 47.164 -2.402
1 24 11 0.5060 0.3819 0 0 38.666 47.858 0.688
1 25 6 0.2831 0.0118 0 0 39.032 51.516 1.849
1 26 2 0.3012 -0.389 0 0 40.100 52.457 -1.676
1 27 10 0.2048 -0.206 0 0 43.069 54.793 -1.031
1 28 15 0.3313 0.0616 0 0 46.896 54.417 -0.821
1 29 22 0.3253 0.4828 0 0 48.384 54.044 2.666
1 30 3 0.1144 -0.830 0 0 51.537 56.122 2.423
1 31 7 0.0963 -0.343 0 0 52.902 55.011 5.796
1 32 20 0.2409 0.3766 0 0 54.563 51.870 7.148
1 33 3 0.2108 -0.264 0 0 52.853 50.422 10.218
1 34 16 0.3554 -0.844 0 0 54.034 46.834 11.007
1 35 18 0.4939 0.8682 0 0 51.006 44.540 10.901
1 36 11 0.3734 -0.989 0 0 50.443 42.040 13.719
1 37 7 0.4819 -0.186 0 0 47.117 40.770 12.444
1 38 3 0.5240 -0.241 0 0 44.109 42.461 10.856
1 39 17 0.5602 -0.764 0 0 41.010 41.087 9.149
1 40 20 0.5542 0.2857 0 0 38.902 42.988 6.629
1 41 1 0.4397 -0.645 0 0 35.790 41.941 4.730
1 42 13 0.3433 0.1632 0 0 33.706 43.636 2.074
1 43 6 0.0903 -0.957 0 0 30.475 43.256 0.080
1 44 22 0.1686 0.9881 0 0 31.536 42.461 -3.461
1 45 22 0.0662 -0.832 0 0 30.075 41.359 -6.757
1 46 11 0.1807 0.9756 0 0 32.564 39.346 -8.818
1 47 3 0.0361 0.6155 0 0 31.273 37.800 -12.079
1 48 9 0.0060 0.0000 0 0 27.687 38.627 -11.195
1 49 7 0.0180 0.5138 0 0 28.243 36.594 -8.025
1 50 18 0.0240 -0.811 0 0 27.618 38.474 -4.794
1 51 5 0.1325 0.6733 0 0 30.096 37.388 -2.190
1 52 12 0.2289 -0.412 0 0 31.496 38.453 1.133
1 53 12 0.5361 0.5767 0 0 35.251 37.939 1.221
1 54 3 0.5843 -0.470 0 0 37.016 37.719 4.579
1 55 11 0.8253 0.4989 0 0 40.607 38.991 4.162
1 56 12 0.8313 -0.446 0 0 43.325 38.138 6.716
1 57 3 0.8734 -0.042 0 0 46.281 40.521 6.668
1 58 18 0.8493 0.3470 0 0 49.333 38.643 7.927
1 59 0 0.6927 -0.939 0 0 52.399 39.869 9.788
1 60 9 0.7168 0.0000 0 0 55.518 40.015 7.646
1 61 6 0.4036 -0.342 0 0 57.837 40.277 10.650
1 62 7 0.2710 -0.909 0 0 59.320 36.924 11.686
1 63 7 0.0602 -0.326 0 0 58.909 38.174 15.272
1 64 20 0.1746 -0.041 0 0 55.186 37.372 14.948
1 65 17 0.2530 -0.861 0 0 56.020 33.961 13.527
1 66 0 0.0783 -0.810 0 0 54.150 31.275 15.498
1 67 14 0.2771 0.3788 0 0 50.726 32.528 14.354
1 68 1 0.4698 -0.147 0 0 51.406 31.168 10.850
1 69 3 0.3132 -0.715 0 0 49.880 27.699 11.383
1 70 6 0.2168 -0.506 0 0 46.510 28.599 12.930
1 71 20 0.5180 0.5864 0 0 45.600 31.045 10.147
1 72 14 0.6265 0.3364 0 0 47.085 29.074 7.237
1 73 1 0.3795 -0.810 0 0 44.780 26.192 8.199
1 74 18 0.3975 -0.658 0 0 41.512 28.030 7.864
1 75 9 0.6686 0.0000 0 0 41.941 29.959 4.643
1 76 7 0.6566 -0.500 0 0 40.719 29.022 1.197
1 77 9 0.8674 0.0000 0 0 42.967 31.113 -0.989
1 78 15 0.9638 -0.647 0 0 46.396 32.633 -0.594
1 79 12 0.9939 0.6874 0 0 47.955 35.466 -2.462
1 80 5 0.9819 -0.814 0 0 51.727 35.434 -2.097
1 81 22 0.9759 0.4833 0 0 53.282 38.850 -2.243
1 82 15 0.8915 -0.321 0 0 56.783 39.981 -3.105
1 83 0 0.7650 -0.398 0 0 58.054 43.485 -3.944
1 84 11 0.5301 -0.090 0 0 59.776 43.896 -7.279
1 85 2 0.3192 0.0711 0 0 62.543 45.986 -5.682
1 86 2 0.3915 0.3890 0 0 63.198 43.456 -2.929
1 87 18 0.2951 -0.921 0 0 65.066 40.387 -4.223
1 88 13 0.3493 -0.298 0 0 64.891 38.592 -0.899
1 89 17 0.6445 0.4415 0 0 61.125 38.913 -0.752
1 90 15 0.6144 -0.216 0 0 61.024 37.003 -4.075
1 91 7 0.4216 -0.827 0 0 63.332 34.196 -3.031
1 92 3 0.5722 -0.219 0 0 61.143 34.058 0.090
1 93 11 0.7891 0.7466 0 0 58.013 33.081 -1.843
1 94 10 0.5421 -0.931 0 0 59.310 29.522 -2.102
1 95 6 0.4638 -0.043 0 0 59.401 28.800 1.626
1 96 20 0.7590 0.4949 0 0 55.994 30.457 2.047
1 97 1 0.7289 -0.263 0 0 54.564 28.182 -0.663
1 98 7 0.4337 -0.615 0 0 55.882 25.079 1.100
1 99 6 0.4457 0.0936 0 0 54.611 26.079 4.529
1 100 11 0.6325 0.9597 0 0 51.219 26.539 2.941
1 101 13 0.4096 -0.154 0 0 50.994 23.149 1.265
1 102 1 0.1566 -0.316 0 0 52.672 21.595 4.259
1 103 22 0.1626 0.7147 0 0 50.112 22.505 6.937
1 104 13 0.2469 0.7280 0 0 47.266 21.940 4.483
1 105 3 0.0481 -0.995 0 0 48.782 18.639 3.396
1 106 17 0.0843 0.3961 0 0 47.925 19.152 -0.290
1 107 3 0.1204 -0.729 0 0 49.896 19.602 -3.523
1 108 3 0.3373 -0.098 0 0 47.286 22.062 -4.709
1 109 22 0.5662 0.3068 0 0 45.879 25.043 -2.787
1 110 16 0.7530 -0.500 0 0 44.392 28.136 -4.466
1 111 14 0.9096 -0.065 0 0 47.285 30.564 -4.765
1 112 22 0.9337 0.0508 0 0 48.044 33.680 -6.813
1 113 12 0.9457 -0.584 0 0 51.491 35.321 -7.001
1 114 22 0.9578 0.6544 0 0 51.658 39.117 -6.843
1 115 9 0.8554 0.0000 0 0 54.536 41.371 -7.888
1 116 2 0.8433 0.2735 0 0 53.889 44.629 -6.011
1 117 13 0.5963 0.0901 0 0 55.335 48.186 -6.046
1 118 5 0.4518 0.2405 0 0 55.748 47.917 -9.794
1 119 3 0.2349 0.2589 0 0 55.328 51.692 -9.968
1 120 12 0.1084 0.4342 0 0 58.950 52.118 -8.838
1 121 0 0.0120 -0.918 0 0 61.936 52.579 -11.169
1 122 0 0.0301 0.2286 0 0 64.184 50.476 -8.968
1 123 1 0.0722 0.5075 0 0 63.765 46.858 -10.039
1 124 18 0.0542 0.0466 0 0 65.937 43.993 -8.931
1 125 22 0.2228 0.9661 0 0 63.527 41.229 -10.006
1 126 7 0.1265 -0.983 0 0 62.510 40.741 -13.630
1 127 17 0.2891 -0.153 0 0 58.992 39.739 -14.660
1 128 1 0.1024 -0.692 0 0 60.272 36.579 -16.355
1 129 6 0.1867 -0.306 0 0 61.789 35.454 -13.100
1 130 0 0.5 0.6009 0 0 58.290 35.609 -11.601
1 131 6 0.3674 -0.487 0 0 56.610 34.220 -14.700
1 132 3 0.1506 -0.797 0 0 58.929 31.215 -14.561
1 133 12 0.4156 0.5175 0 0 58.257 30.635 -10.868
1 134 0 0.5783 0.4395 0 0 54.494 31.065 -11.040
1 135 1 0.3072 -0.960 0 0 54.545 28.744 -14.025
1 136 17 0.1445 0.1162 0 0 56.342 25.894 -12.272
1 137 20 0.4277 0.5185 0 0 53.868 26.273 -9.418
1 138 9 0.3614 0.0000 0 0 51.014 26.128 -11.884
1 139 11 0.6204 0.7425 0 0 49.532 29.408 -10.721
1 140 16 0.7048 0.3345 0 0 48.793 32.858 -12.142
1 141 20 0.7831 -0.111 0 0 51.010 35.898 -11.662
1 142 11 0.8072 0.2783 0 0 49.963 39.544 -11.483
1 143 7 0.7469 -0.714 0 0 51.966 42.766 -11.156
1 144 18 0.7951 0.9748 0 0 50.347 45.397 -8.959
1 145 17 0.6385 -0.990 0 0 50.878 48.908 -7.612
1 146 0 0.6987 0.4420 0 0 49.074 49.742 -4.380
1 147 13 0.3855 -0.792 0 0 50.142 53.303 -5.133
1 148 18 0.2590 -0.104 0 0 48.791 53.594 -8.696
1 149 1 0.4578 -0.032 0 0 46.130 50.965 -7.875
1 150 6 0.4759 -0.166 0 0 47.298 48.880 -10.858
1 151 9 0.6746 0.0000 0 0 46.126 45.258 -11.020
1 152 22 0.8132 -0.111 0 0 44.897 45.404 -7.440
1 153 7 0.7228 -0.905 0 0 41.409 44.097 -8.269
1 154 3 0.7349 -0.690 0 0 42.853 41.686 -10.820
1 155 0 0.9156 0.6721 0 0 44.883 40.096 -8.016
1 156 15 0.9216 0.5083 0 0 42.147 39.524 -5.432
1 157 20 0.7409 -0.493 0 0 39.452 38.613 -7.950
1 158 18 0.7710 0.0712 0 0 41.678 36.098 -9.734
1 159 12 0.8795 0.7536 0 0 42.229 34.532 -6.327
1 160 22 0.7108 -0.131 0 0 38.515 33.873 -5.810
1 161 1 0.4879 -0.132 0 0 38.057 32.780 -9.431
1 162 7 0.5903 0.2936 0 0 40.822 30.373 -8.488
1 163 11 0.5481 0.5280 0 0 39.238 28.959 -5.358
1 164 1 0.2650 0.0777 0 0 35.997 28.178 -7.194
1 165 6 0.1385 0.2098 0 0 37.748 26.186 -9.947
1 166 10 0.1927 0.3228 0 0 39.302 24.196 -7.130
