1 1 14 0.0 0.3434 0 0 -4.359 58.288 32.726
1 2 18 0.0481 0.1882 0 0 -8.053 57.870 33.503
1 3 7 0.2289 -0.140 0 0 -10.397 59.405 30.931
1 4 20 0.5180 -0.235 0 0 -13.968 60.461 31.698
1 5 13 0.6686 -0.794 0 0 -16.338 60.883 28.771
1 6 12 0.9036 0.1142 0 0 -18.958 63.468 29.760
1 7 22 0.9457 -0.628 0 0 -21.916 64.596 27.647
1 8 22 0.9879 0.3389 0 0 -23.958 67.747 28.291
1 9 22 0.9698 -0.248 0 0 -27.604 67.664 27.188
1 10 9 0.9277 0.0000 0 0 -30.745 69.740 27.619
1 11 0 0.7891 -0.522 0 0 -33.099 72.166 25.890
1 12 9 0.6385 0.0000 0 0 -31.912 74.938 23.645
1 13 9 0.6204 0.0000 0 0 -30.527 77.995 25.381
1 14 22 0.8192 0.6113 0 0 -30.249 76.656 28.924
1 15 9 0.8554 0.0000 0 0 -26.511 77.326 29.045
1 16 13 0.9518 0.1354 0 0 -24.837 74.021 28.170
1 17 17 0.8373 -0.607 0 0 -22.095 75.669 26.137
1 18 0 0.7650 -0.278 0 0 -21.599 78.498 28.630
1 19 12 0.8975 0.6609 0 0 -21.146 75.942 31.422
1 20 18 0.8795 0.3192 0 0 -18.633 73.865 29.478
1 21 11 0.6506 -0.409 0 0 -16.708 76.921 28.314
1 22 6 0.6024 -0.423 0 0 -16.620 78.348 31.841
1 23 12 0.6927 0.5652 0 0 -15.208 75.037 33.117
1 24 11 0.5060 0.3740 0 0 -12.610 74.595 30.375
1 25 6 0.3012 0.0645 0 0 -11.718 78.175 29.371
1 26 2 0.2590 -0.234 0 0 -12.638 80.235 32.427
1 27 10 0.1867 -0.066 0 0 -14.740 82.918 30.769
1 28 15 0.3313 0.1682 0 0 -18.448 83.538 30.251
1 29 22 0.3192 0.4024 0 0 -19.935 83.418 26.756
1 30 3 0.1325 -0.608 0 0 -22.521 86.241 26.632
1 31 7 0.0843 -0.320 0 0 -23.767 85.656 23.103
1 32 20 0.2168 0.4159 0 0 -26.026 82.884 21.919
1 33 3 0.2048 -0.641 0 0 -24.639 80.717 19.114
1 34 16 0.3554 -0.793 0 0 -26.619 77.451 18.822
1 35 18 0.4819 0.8332 0 0 -24.515 74.271 19.026
1 36 11 0.4216 -0.993 0 0 -24.676 71.110 16.946
1 37 7 0.5361 -0.228 0 0 -21.963 69.027 18.691
1 38 3 0.5301 -0.255 0 0 -18.624 70.422 19.970
1 39 17 0.5542 -0.922 0 0 -15.930 68.583 21.932
1 40 20 0.5240 0.3292 0 0 -13.528 69.808 24.617
1 41 1 0.3975 -0.535 0 0 -10.687 67.995 26.389
1 42 13 0.3132 0.0946 0 0 -8.684 68.935 29.433
1 43 6 0.1204 -0.989 0 0 -6.452 67.333 32.019
1 44 22 0.1506 0.9885 0 0 -7.446 68.125 35.589
1 45 22 0.0542 -0.967 0 0 -6.802 66.707 39.056
1 46 11 0.1746 0.9694 0 0 -9.979 65.570 40.816
1 47 3 0.0421 0.6652 0 0 -9.724 64.227 44.357
1 48 9 0.0060 0.0000 0 0 -5.993 63.628 43.881
1 49 7 0.0120 0.4816 0 0 -6.408 61.778 40.599
1 50 18 0.0180 -0.702 0 0 -4.951 63.224 37.427
1 51 5 0.1144 0.7378 0 0 -7.474 62.566 34.709
1 52 12 0.2409 -0.274 0 0 -8.655 63.669 31.310
1 53 12 0.5662 0.4692 0 0 -12.133 65.057 30.812
1 54 3 0.5843 -0.369 0 0 -13.532 64.573 27.330
1 55 11 0.8253 0.5118 0 0 -16.679 66.671 27.123
1 56 12 0.8313 -0.399 0 0 -19.256 66.544 24.365
1 57 3 0.8915 -0.095 0 0 -21.304 69.749 24.284
1 58 18 0.8493 0.3910 0 0 -24.546 68.980 22.450
1 59 9 0.7289 0.0000 0 0 -27.144 71.436 21.167
1 60 9 0.7048 0.0000 0 0 -30.810 71.470 22.178
1 61 6 0.4698 -0.097 0 0 -32.974 69.159 20.115
1 62 7 0.2469 -0.152 0 0 -36.668 68.738 19.396
1 63 7 0.0722 -0.820 0 0 -36.248 66.542 16.315
1 64 20 0.0602 -0.351 0 0 -34.728 63.100 15.747
1 65 17 0.1084 0.6102 0 0 -31.028 62.957 14.907
1 66 0 0.0361 -0.978 0 0 -29.455 59.583 14.224
1 67 14 0.0963 -0.568 0 0 -26.036 61.218 14.447
1 68 1 0.4036 0.7491 0 0 -26.833 62.730 17.841
1 69 3 0.3493 -0.355 0 0 -27.790 59.341 19.263
1 70 6 0.1987 -0.962 0 0 -24.560 57.816 17.956
1 71 20 0.4277 -0.398 0 0 -22.320 60.489 19.450
1 72 14 0.6265 0.5715 0 0 -24.057 60.027 22.799
1 73 1 0.3915 -0.946 0 0 -23.557 56.238 22.865
1 74 18 0.4096 -0.435 0 0 -20.003 56.498 24.188
1 75 9 0.7168 0.0000 0 0 -20.812 58.941 26.968
1 76 7 0.6566 -0.642 0 0 -19.995 57.600 30.450
1 77 9 0.8674 0.0000 0 0 -21.781 60.319 32.403
1 78 15 0.9638 -0.672 0 0 -24.369 62.946 31.474
1 79 12 0.9939 0.7574 0 0 -25.164 66.420 32.718
1 80 5 0.9819 -0.763 0 0 -28.888 67.027 32.191
1 81 22 0.9759 0.4740 0 0 -29.286 70.802 32.156
1 82 15 0.8855 -0.334 0 0 -32.373 73.013 32.454
1 83 0 0.7409 -0.401 0 0 -32.550 76.755 33.296
1 84 11 0.5 -0.156 0 0 -34.257 77.899 36.489
1 85 2 0.2951 0.1656 0 0 -36.050 80.686 34.609
1 86 2 0.3614 0.3737 0 0 -37.455 78.364 31.900
1 87 18 0.2710 -0.876 0 0 -40.169 75.977 33.075
1 88 13 0.3072 -0.261 0 0 -40.397 74.260 29.692
1 89 17 0.6144 0.4399 0 0 -36.678 73.327 29.874
1 90 15 0.6084 -0.271 0 0 -37.369 71.615 33.216
1 91 7 0.3855 -0.875 0 0 -40.383 69.793 31.754
1 92 3 0.5602 -0.186 0 0 -38.118 68.623 28.885
1 93 11 0.7831 0.6707 0 0 -35.653 66.868 31.233
1 94 10 0.5421 -0.793 0 0 -37.550 63.598 31.349
1 95 6 0.4939 -0.033 0 0 -37.234 63.264 27.534
1 96 20 0.7951 0.3451 0 0 -33.481 63.782 27.666
1 97 1 0.7530 -0.151 0 0 -33.148 61.150 30.376
1 98 7 0.4518 -0.748 0 0 -35.186 58.760 28.223
1 99 6 0.5120 0.4218 0 0 -32.854 59.417 25.284
1 100 11 0.6746 0.9266 0 0 -29.855 58.657 27.492
1 101 13 0.4337 -0.225 0 0 -31.446 55.425 28.732
1 102 1 0.2349 -0.126 0 0 -32.032 54.458 25.127
1 103 22 0.3433 0.7905 0 0 -28.552 55.189 23.770
1 104 13 0.3373 0.6657 0 0 -26.885 53.465 26.740
1 105 3 0.0903 -0.558 0 0 -29.458 50.658 26.966
1 106 17 0.1445 0.3018 0 0 -29.360 50.955 30.706
1 107 3 0.1807 -0.809 0 0 -31.573 52.267 33.482
1 108 3 0.3253 -0.351 0 0 -28.496 52.995 35.577
1 109 22 0.5722 0.3495 0 0 -26.415 55.677 33.868
1 110 16 0.7469 -0.539 0 0 -24.254 58.194 35.797
1 111 14 0.9096 -0.186 0 0 -26.056 61.560 35.620
1 112 22 0.9397 0.0608 0 0 -26.404 64.858 37.452
1 113 12 0.9337 -0.663 0 0 -29.423 67.207 37.136
1 114 22 0.9578 0.6916 0 0 -28.269 70.815 36.747
1 115 9 0.8614 0.0000 0 0 -30.409 73.909 37.251
1 116 2 0.8433 0.2985 0 0 -28.464 76.668 35.492
1 117 13 0.5903 0.0950 0 0 -28.702 80.473 35.394
1 118 5 0.4457 0.2994 0 0 -29.099 80.635 39.190
1 119 3 0.2228 0.3349 0 0 -27.757 84.215 39.069
1 120 12 0.1265 0.3711 0 0 -31.012 85.295 37.430
1 121 0 0.0240 -0.926 0 0 -33.894 86.532 39.558
1 122 0 0.0301 -0.045 0 0 -36.799 85.402 37.339
1 123 1 0.0783 0.4435 0 0 -37.015 81.921 38.850
1 124 18 0.0662 0.0219 0 0 -39.924 79.706 37.798
1 125 22 0.2530 0.8706 0 0 -38.427 76.386 38.905
1 126 7 0.1385 -0.999 0 0 -37.938 76.133 42.664
1 127 17 0.2831 -0.037 0 0 -35.010 74.181 44.081
1 128 1 0.1024 -0.974 0 0 -37.370 71.769 45.876
1 129 6 0.1626 -0.350 0 0 -39.134 70.827 42.635
1 130 0 0.4759 0.6340 0 0 -35.819 69.942 41.000
1 131 6 0.3734 -0.489 0 0 -34.607 68.140 44.137
1 132 3 0.1686 -0.849 0 0 -37.734 65.953 43.979
1 133 12 0.4156 0.5931 0 0 -37.149 65.129 40.328
1 134 0 0.5783 0.4530 0 0 -33.505 64.225 40.915
1 135 1 0.2891 -0.750 0 0 -34.484 62.083 43.921
1 136 17 0.2108 0.2797 0 0 -36.864 60.110 41.726
1 137 20 0.4397 0.5466 0 0 -33.945 59.351 39.388
1 138 9 0.3674 0.0000 0 0 -31.531 58.575 42.208
1 139 11 0.6325 0.7590 0 0 -29.165 61.371 41.196
1 140 16 0.6867 0.2334 0 0 -27.853 64.666 42.650
1 141 20 0.7710 -0.072 0 0 -29.329 68.118 41.905
1 142 11 0.8072 0.2497 0 0 -26.867 71.054 41.670
1 143 7 0.7590 -0.724 0 0 -27.604 74.690 40.745
1 144 18 0.8012 0.9793 0 0 -25.095 76.607 38.646
1 145 17 0.6445 -0.977 0 0 -24.353 79.943 37.033
1 146 0 0.6807 0.4493 0 0 -22.123 79.913 33.968
1 147 13 0.3795 -0.756 0 0 -22.066 83.677 34.438
1 148 18 0.2650 -0.118 0 0 -20.663 83.843 37.985
1 149 1 0.4638 0.0115 0 0 -19.078 80.360 37.828
1 150 6 0.4578 -0.367 0 0 -21.100 79.378 40.916
1 151 9 0.6626 0.0000 0 0 -21.376 75.563 41.089
1 152 22 0.8132 -0.071 0 0 -19.737 74.954 37.715
1 153 7 0.6987 -0.922 0 0 -16.793 72.917 38.957
1 154 3 0.7228 -0.421 0 0 -19.117 71.248 41.491
1 155 0 0.9156 0.6753 0 0 -21.486 70.042 38.748
1 156 15 0.9216 0.5295 0 0 -18.851 68.531 36.486
1 157 20 0.7349 -0.531 0 0 -16.778 67.080 39.334
1 158 18 0.7771 0.0691 0 0 -19.846 65.568 40.953
1 159 12 0.8734 0.7756 0 0 -20.620 63.887 37.631
1 160 22 0.7108 -0.381 0 0 -17.127 62.377 37.756
1 161 1 0.4879 -0.132 0 0 -17.753 61.208 41.348
1 162 7 0.5963 0.2807 0 0 -21.006 59.581 40.157
1 163 11 0.5481 0.5273 0 0 -19.276 57.680 37.377
1 164 1 0.2771 0.0830 0 0 -16.862 56.448 40.076
1 165 6 0.1566 0.3067 0 0 -19.674 54.916 42.138
1 166 10 0.1927 0.2010 0 0 -20.849 53.043 39.054
