1 1 14 0.0060 0.4674 0 0 -4.070 43.854 26.153
1 2 18 0.0421 0.1421 0 0 -1.790 40.966 27.106
1 3 7 0.2409 -0.372 0 0 -1.857 37.889 24.880
1 4 20 0.5421 -0.260 0 0 -0.734 34.429 26.042
1 5 13 0.6927 -0.464 0 0 0.213 31.824 23.403
1 6 12 0.9096 0.1269 0 0 -0.591 28.308 24.661
1 7 22 0.9518 -0.671 0 0 -0.036 24.966 22.939
1 8 22 0.9879 0.3565 0 0 -1.841 21.740 23.860
1 9 22 0.9698 -0.239 0 0 0.174 18.572 23.206
1 10 9 0.9277 0.0000 0 0 -0.128 14.876 23.981
1 11 0 0.7771 -0.524 0 0 -0.977 11.433 22.580
1 12 9 0.6506 0.0000 0 0 -4.033 11.013 20.383
1 13 9 0.5963 0.0000 0 0 -7.279 10.369 22.213
1 14 22 0.8072 0.6176 0 0 -6.300 11.858 25.573
1 15 9 0.8614 0.0000 0 0 -8.729 14.783 25.292
1 16 13 0.9457 0.0527 0 0 -6.712 17.712 23.912
1 17 17 0.8253 -0.654 0 0 -9.574 18.886 21.700
1 18 0 0.7891 -0.258 0 0 -12.226 18.175 24.315
1 19 12 0.8975 0.6700 0 0 -10.342 20.259 26.883
1 20 18 0.8795 0.2929 0 0 -9.962 23.184 24.497
1 21 11 0.6686 -0.454 0 0 -13.577 23.045 23.334
1 22 6 0.6325 -0.372 0 0 -14.711 22.930 26.967
1 23 12 0.7168 0.5558 0 0 -12.713 26.069 27.761
1 24 11 0.5301 0.2405 0 0 -13.894 27.843 24.579
1 25 6 0.3192 -0.343 0 0 -17.543 26.827 24.315
1 26 2 0.3253 -0.235 0 0 -18.391 25.241 27.670
1 27 10 0.2108 -0.116 0 0 -19.594 21.962 26.187
1 28 15 0.3433 0.1924 0 0 -18.326 18.399 25.971
1 29 22 0.2349 0.0802 0 0 -18.102 16.576 22.652
1 30 3 0.1024 -0.644 0 0 -18.076 12.772 22.406
1 31 7 0.0963 -0.925 0 0 -16.538 12.853 18.943
1 32 20 0.3313 0.5447 0 0 -14.239 15.476 17.459
1 33 3 0.1325 -0.515 0 0 -12.524 14.948 14.108
1 34 16 0.3795 -0.608 0 0 -9.032 13.853 15.294
1 35 18 0.2289 -0.993 0 0 -7.520 15.458 12.179
1 36 11 0.3493 -0.303 0 0 -8.823 18.972 12.839
1 37 7 0.5 -0.064 0 0 -5.869 21.074 13.987
1 38 3 0.4939 -0.760 0 0 -6.568 24.754 14.583
1 39 17 0.5662 -0.620 0 0 -6.160 27.757 16.847
1 40 20 0.5481 0.2222 0 0 -8.791 29.235 19.091
1 41 1 0.4457 -0.601 0 0 -8.996 32.562 20.869
1 42 13 0.4156 0.3084 0 0 -10.634 33.529 24.134
1 43 6 0.1445 -0.967 0 0 -10.754 36.777 26.088
1 44 22 0.2048 0.8030 0 0 -10.721 36.228 29.850
1 45 22 0.0722 -0.969 0 0 -9.816 37.998 33.078
1 46 11 0.1867 0.9711 0 0 -7.136 36.223 35.097
1 47 3 0.0361 0.6133 0 0 -6.173 37.785 38.427
1 48 9 0.0 0.0000 0 0 -7.730 41.105 37.441
1 49 7 0.0240 0.4561 0 0 -5.934 41.222 34.122
1 50 18 0.0301 -0.694 0 0 -7.924 41.097 30.903
1 51 5 0.1144 0.6073 0 0 -6.051 38.916 28.456
1 52 12 0.3132 -0.420 0 0 -6.382 37.035 25.189
1 53 12 0.5903 0.4650 0 0 -5.508 33.355 25.024
1 54 3 0.6204 -0.451 0 0 -4.187 32.120 21.667
1 55 11 0.8433 0.4886 0 0 -4.516 28.347 21.878
1 56 12 0.8493 -0.441 0 0 -3.222 25.795 19.414
1 57 3 0.8915 -0.138 0 0 -4.947 22.409 19.678
1 58 18 0.8373 0.5427 0 0 -2.349 20.134 18.070
1 59 9 0.6626 0.0000 0 0 -3.518 17.194 15.985
1 60 9 0.4518 0.0000 0 0 -1.646 14.324 14.357
1 61 6 0.4397 0.0078 0 0 1.806 13.242 15.494
1 62 7 0.1566 -0.801 0 0 5.053 12.626 13.602
1 63 7 0.1204 -0.659 0 0 4.017 15.544 11.391
1 64 20 0.1686 -0.059 0 0 4.888 19.245 11.316
1 65 17 0.1265 0.7832 0 0 2.195 21.546 9.951
1 66 0 0.0542 -0.825 0 0 3.477 25.027 9.102
1 67 14 0.2530 0.3513 0 0 1.202 26.296 11.878
1 68 1 0.5120 0.5401 0 0 2.247 23.822 14.570
1 69 3 0.3554 -0.659 0 0 5.944 24.526 14.039
1 70 6 0.2831 -0.746 0 0 5.139 28.227 14.388
1 71 20 0.5783 0.1632 0 0 3.262 27.845 17.678
1 72 14 0.6265 0.4593 0 0 5.796 25.289 18.867
1 73 1 0.3734 -0.956 0 0 8.586 27.826 18.330
1 74 18 0.3975 -0.448 0 0 6.569 30.903 19.346
1 75 9 0.6867 0.0000 0 0 4.434 29.166 21.960
1 76 7 0.6746 -0.560 0 0 4.904 30.583 25.451
1 77 9 0.8734 0.0000 0 0 3.471 27.696 27.435
1 78 15 0.9638 -0.734 0 0 2.537 24.071 26.922
1 79 12 0.9939 0.6030 0 0 -0.228 21.934 28.361
1 80 5 0.9819 -0.747 0 0 1.155 18.362 28.198
1 81 22 0.9759 0.4754 0 0 -1.870 16.088 28.398
1 82 15 0.8674 -0.323 0 0 -2.290 12.366 29.091
1 83 0 0.7349 -0.425 0 0 -5.428 10.418 30.163
1 84 11 0.5180 -0.445 0 0 -5.787 8.822 33.620
1 85 2 0.2891 0.1130 0 0 -6.972 5.564 32.006
1 86 2 0.3674 0.4146 0 0 -4.281 5.439 29.286
1 87 18 0.2469 -0.904 0 0 -0.924 4.289 30.642
1 88 13 0.3012 -0.214 0 0 0.799 4.591 27.275
1 89 17 0.6024 0.4348 0 0 -0.248 8.260 26.941
1 90 15 0.6084 -0.277 0 0 1.349 8.924 30.355
1 91 7 0.3915 -0.835 0 0 4.565 7.113 29.388
1 92 3 0.5361 -0.133 0 0 4.475 9.187 26.161
1 93 11 0.7530 0.6842 0 0 4.791 12.478 28.082
1 94 10 0.5060 -0.954 0 0 8.592 12.075 28.255
1 95 6 0.4759 -0.384 0 0 8.744 12.327 24.444
1 96 20 0.7710 0.3903 0 0 6.651 15.520 24.288
1 97 1 0.7108 -0.156 0 0 8.765 17.217 26.921
1 98 7 0.4216 -0.730 0 0 12.071 16.216 25.287
1 99 6 0.4638 0.4202 0 0 10.687 17.686 22.055
1 100 11 0.6385 0.9667 0 0 9.700 20.950 23.698
1 101 13 0.4036 -0.129 0 0 13.080 21.293 25.447
1 102 1 0.1626 -0.445 0 0 14.748 20.853 22.037
1 103 22 0.2710 0.6601 0 0 12.658 23.479 20.235
1 104 13 0.2590 0.7677 0 0 13.246 26.013 23.010
1 105 3 0.0481 -0.997 0 0 16.812 24.804 23.665
1 106 17 0.0903 0.2518 0 0 15.984 25.011 27.366
1 107 3 0.2168 -0.693 0 0 14.785 22.948 30.338
1 108 3 0.3373 -0.436 0 0 12.920 25.912 31.873
1 109 22 0.5602 0.2903 0 0 9.788 26.192 29.722
1 110 16 0.7469 -0.567 0 0 6.324 27.171 31.066
1 111 14 0.9036 -0.000 0 0 4.448 23.885 31.236
1 112 22 0.9397 0.0926 0 0 1.666 22.113 33.111
1 113 12 0.9337 -0.699 0 0 1.219 18.308 33.221
1 114 22 0.9578 0.7348 0 0 -2.485 17.477 32.804
1 115 9 0.8554 0.0000 0 0 -4.098 14.154 33.729
1 116 2 0.8313 0.3004 0 0 -7.429 14.145 31.877
1 117 13 0.5843 0.0896 0 0 -10.630 12.022 32.016
1 118 5 0.4578 0.2999 0 0 -10.700 12.041 35.828
1 119 3 0.1987 0.3488 0 0 -14.452 11.321 35.667
1 120 12 0.0843 0.3824 0 0 -13.727 7.764 34.504
1 121 0 0.0180 -0.933 0 0 -13.480 4.873 36.947
1 122 0 0.0120 -0.630 0 0 -10.602 2.448 37.535
1 123 1 0.0662 0.4688 0 0 -7.738 4.758 36.625
1 124 18 0.0602 0.0091 0 0 -4.498 3.089 35.477
1 125 22 0.2228 0.8552 0 0 -2.173 6.031 36.261
1 126 7 0.1084 -0.956 0 0 -2.197 7.121 39.915
1 127 17 0.2771 -0.035 0 0 -2.119 10.799 40.891
1 128 1 0.0783 -0.688 0 0 1.114 10.050 42.782
1 129 6 0.1385 -0.304 0 0 2.856 8.730 39.641
1 130 0 0.4879 0.6303 0 0 1.963 11.893 37.747
1 131 6 0.3855 -0.468 0 0 2.862 14.102 40.711
1 132 3 0.1746 -0.843 0 0 6.301 12.432 40.715
1 133 12 0.4277 0.5421 0 0 6.756 12.994 36.987
1 134 0 0.5722 0.4356 0 0 5.728 16.663 37.253
1 135 1 0.2951 -0.766 0 0 8.049 17.189 40.230
1 136 17 0.1807 0.2410 0 0 10.932 15.679 38.233
1 137 20 0.4337 0.5203 0 0 10.304 18.296 35.530
1 138 9 0.3614 0.0000 0 0 9.738 21.126 38.002
1 139 11 0.6445 0.7411 0 0 6.179 21.807 36.812
1 140 16 0.6987 0.2402 0 0 2.639 21.616 38.290
1 141 20 0.7831 -0.100 0 0 0.342 18.583 37.892
1 142 11 0.8132 0.2757 0 0 -3.412 19.187 37.552
1 143 7 0.7590 -0.741 0 0 -6.158 16.602 36.990
1 144 18 0.8012 0.9773 0 0 -9.074 17.437 34.718
1 145 17 0.6566 -0.981 0 0 -12.280 16.241 33.107
1 146 0 0.7048 0.4668 0 0 -13.307 17.851 29.800
1 147 13 0.4096 -0.774 0 0 -16.643 16.090 30.381
1 148 18 0.2650 -0.152 0 0 -17.541 17.602 33.774
1 149 1 0.4819 0.0629 0 0 -15.341 20.698 33.440
1 150 6 0.4698 -0.405 0 0 -13.470 19.815 36.644
1 151 9 0.6807 0.0000 0 0 -10.040 21.494 36.670
1 152 22 0.8192 -0.054 0 0 -10.270 22.749 33.070
1 153 7 0.7289 -0.911 0 0 -10.082 26.457 33.862
1 154 3 0.7409 -0.822 0 0 -7.462 25.726 36.518
1 155 0 0.9156 0.6718 0 0 -5.214 23.910 34.046
1 156 15 0.9216 0.5218 0 0 -5.261 26.698 31.454
1 157 20 0.7650 -0.408 0 0 -5.124 29.558 33.966
1 158 18 0.7951 0.0271 0 0 -2.296 27.914 35.905
1 159 12 0.8855 0.7749 0 0 -0.344 27.658 32.650
1 160 22 0.7228 -0.360 0 0 -0.853 31.428 32.295
1 161 1 0.5240 -0.165 0 0 0.443 31.909 35.860
1 162 7 0.6144 0.2816 0 0 3.500 29.790 35.009
1 163 11 0.5542 0.5602 0 0 4.282 31.946 32.004
1 164 1 0.3072 0.0701 0 0 4.065 34.950 34.394
1 165 6 0.1506 0.2766 0 0 6.709 33.562 36.750
1 166 10 0.1927 0.2972 0 0 8.972 33.132 33.717
