1 1 14 0.0059 0.3772 0 0 68.013 41.369 55.245
1 2 18 0.0419 0.1799 0 0 68.551 42.354 51.601
1 3 7 0.2095 -0.086 0 0 69.514 45.964 50.848
1 4 20 0.5209 -0.191 0 0 68.683 47.725 47.580
1 5 13 0.6706 -0.817 0 0 70.232 50.961 46.318
1 6 12 0.8982 0.0287 0 0 67.389 52.716 44.509
1 7 22 0.9520 -0.628 0 0 68.072 56.001 42.719
1 8 22 0.9880 0.2515 0 0 65.401 58.460 41.496
1 9 22 0.9700 -0.223 0 0 66.473 60.431 38.396
1 10 9 0.9281 0.0000 0 0 64.812 62.823 35.957
1 11 0 0.7844 -0.542 0 0 64.646 66.428 34.766
1 12 9 0.6347 0.0000 0 0 63.941 69.236 37.229
1 13 9 0.6047 0.0000 0 0 60.470 69.701 38.662
1 14 22 0.8083 0.5997 0 0 59.152 66.320 37.487
1 15 9 0.8502 0.0000 0 0 58.287 65.241 41.031
1 16 13 0.9401 0.1393 0 0 61.242 63.091 42.111
1 17 17 0.8383 -0.651 0 0 61.127 64.387 45.681
1 18 0 0.7485 -0.222 0 0 57.339 64.367 45.919
1 19 12 0.9041 0.7326 0 0 57.412 60.705 44.842
1 20 18 0.8802 0.3100 0 0 60.066 59.666 47.365
1 21 11 0.6467 -0.431 0 0 58.522 61.682 50.208
1 22 6 0.5988 -0.364 0 0 55.121 60.111 49.470
1 23 12 0.6946 0.5583 0 0 56.601 56.629 49.741
1 24 11 0.4970 0.3422 0 0 58.683 57.173 52.891
1 25 6 0.2994 0.0258 0 0 56.598 59.716 54.826
1 26 2 0.2814 -0.493 0 0 53.153 59.155 53.274
1 27 10 0.2035 -0.081 0 0 52.485 62.870 52.700
1 28 15 0.2754 0.3262 0 0 52.444 65.536 49.992
1 29 22 0.1017 -0.333 0 0 53.014 69.296 50.076
1 30 3 0.0898 -0.201 0 0 53.083 71.638 47.089
1 31 13 0.0838 -0.214 0 0 56.487 73.306 47.475
1 32 20 0.0958 -0.193 0 0 59.194 74.745 45.219
1 33 3 0.1616 -0.071 0 0 62.487 73.392 46.549
1 34 16 0.3532 -0.835 0 0 65.169 72.209 44.077
1 35 18 0.4730 0.8624 0 0 67.149 69.206 45.318
1 36 11 0.3652 -0.988 0 0 70.940 68.994 45.507
1 37 7 0.4850 -0.172 0 0 70.965 65.389 46.806
1 38 3 0.5389 -0.109 0 0 68.656 63.744 49.350
1 39 17 0.5329 -0.460 0 0 68.802 60.294 50.947
1 40 20 0.5269 0.3276 0 0 66.017 58.262 52.547
1 41 1 0.4131 -0.823 0 0 65.674 54.760 53.991
1 42 13 0.3592 0.3090 0 0 62.779 52.371 54.630
1 43 6 0.1377 -0.961 0 0 62.465 48.763 55.791
1 44 22 0.1856 0.8282 0 0 59.743 47.045 53.747
1 45 22 0.0538 -0.965 0 0 58.514 43.488 53.190
1 46 11 0.1556 0.9759 0 0 58.309 42.788 49.457
1 47 3 0.0359 0.6261 0 0 57.061 39.380 48.282
1 48 9 0.0 0.0000 0 0 57.811 37.765 51.631
1 49 7 0.0119 0.6199 0 0 61.365 39.008 52.196
1 50 18 0.0299 -0.838 0 0 62.054 42.068 54.363
1 51 5 0.1497 0.5448 0 0 64.117 44.692 52.524
1 52 12 0.2335 -0.533 0 0 66.296 47.697 53.332
1 53 12 0.5449 0.4889 0 0 65.326 50.367 50.796
1 54 3 0.5868 -0.891 0 0 68.024 53.008 50.351
1 55 11 0.8203 0.4549 0 0 66.611 55.816 48.223
1 56 12 0.8323 -0.470 0 0 68.805 58.544 46.717
1 57 3 0.8742 -0.094 0 0 66.714 61.515 45.578
1 58 18 0.8443 0.4936 0 0 68.827 63.337 42.987
1 59 0 0.6826 -0.934 0 0 69.027 66.793 41.442
1 60 9 0.7065 0.0000 0 0 67.081 67.625 38.306
1 61 6 0.3952 -0.492 0 0 69.085 70.846 37.840
1 62 7 0.2514 0.1494 0 0 72.031 70.653 35.440
1 63 7 0.0778 -0.680 0 0 73.904 72.466 38.221
1 64 20 0.2275 -0.202 0 0 74.823 69.104 39.727
1 65 17 0.3053 -0.288 0 0 75.315 67.232 36.437
1 66 0 0.1197 -0.910 0 0 78.799 66.074 37.478
1 67 14 0.3233 0.0331 0 0 77.480 64.025 40.409
1 68 1 0.4910 0.3111 0 0 75.642 61.682 38.002
1 69 3 0.3353 -0.797 0 0 78.656 59.514 37.167
1 70 6 0.2694 -0.609 0 0 79.218 58.460 40.782
1 71 20 0.5568 0.6961 0 0 75.608 57.799 41.831
1 72 14 0.6407 0.2890 0 0 74.853 55.980 38.573
1 73 1 0.3832 -0.671 0 0 77.614 53.397 38.991
1 74 18 0.4011 -0.211 0 0 76.749 52.878 42.668
1 75 9 0.7005 0.0000 0 0 72.968 52.739 42.235
1 76 7 0.6646 -0.621 0 0 71.426 49.297 41.703
1 77 9 0.8682 0.0000 0 0 68.048 50.312 40.301
1 78 15 0.9640 -0.717 0 0 66.855 53.516 38.659
1 79 12 0.9940 0.5103 0 0 63.481 55.219 38.720
1 80 5 0.9820 -0.752 0 0 63.488 57.277 35.514
1 81 22 0.9760 0.4241 0 0 60.904 59.993 36.098
1 82 15 0.8922 -0.313 0 0 59.266 62.493 33.744
1 83 0 0.7365 -0.431 0 0 56.063 64.548 33.977
1 84 11 0.5089 -0.119 0 0 53.084 63.915 31.690
1 85 2 0.3173 0.1421 0 0 52.563 67.681 31.281
1 86 2 0.3712 0.3945 0 0 56.233 68.280 30.443
1 87 18 0.2934 -0.900 0 0 57.298 67.153 26.971
1 88 13 0.3473 -0.236 0 0 60.920 68.215 27.472
1 89 17 0.6227 0.4058 0 0 61.216 66.029 30.587
1 90 15 0.6167 -0.258 0 0 60.064 63.057 28.488
1 91 7 0.4251 -0.880 0 0 62.734 63.857 25.890
1 92 3 0.5688 -0.300 0 0 65.332 64.240 28.656
1 93 11 0.8023 0.7996 0 0 64.543 60.819 30.127
1 94 10 0.5748 -0.418 0 0 66.127 59.227 27.049
1 95 6 0.5029 -0.736 0 0 69.426 60.957 27.844
1 96 20 0.7784 0.4446 0 0 69.325 59.691 31.445
1 97 1 0.7544 -0.447 0 0 68.623 56.161 30.232
1 98 7 0.4431 -0.483 0 0 71.516 56.488 27.755
1 99 6 0.4610 0.1269 0 0 73.846 57.956 30.388
1 100 11 0.6287 0.9799 0 0 73.099 55.255 32.972
1 101 13 0.4311 -0.355 0 0 73.700 52.432 30.484
1 102 1 0.1676 -0.093 0 0 76.962 54.068 29.381
1 103 22 0.2155 0.5327 0 0 78.344 54.700 32.883
1 104 13 0.2634 0.7070 0 0 77.397 51.198 34.071
1 105 3 0.0479 -0.992 0 0 78.757 49.699 30.829
1 106 17 0.1257 0.3385 0 0 75.881 47.225 30.933
1 107 3 0.1437 -0.695 0 0 72.894 46.740 28.633
1 108 3 0.3293 -0.322 0 0 70.971 45.196 31.534
1 109 22 0.5628 0.4749 0 0 70.438 47.592 34.444
1 110 16 0.7664 -0.533 0 0 67.306 47.690 36.686
1 111 14 0.9101 -0.027 0 0 65.041 50.533 35.604
1 112 22 0.9461 0.0299 0 0 61.412 51.692 35.517
1 113 12 0.9341 -0.692 0 0 59.952 54.512 33.419
1 114 22 0.9580 0.7054 0 0 57.730 56.721 35.588
1 115 9 0.8622 0.0000 0 0 55.094 59.092 34.235
1 116 2 0.8562 0.2468 0 0 54.408 61.314 37.244
1 117 13 0.5928 0.1081 0 0 51.630 63.900 37.682
1 118 5 0.4491 0.2479 0 0 48.944 61.683 36.131
1 119 3 0.2215 0.3683 0 0 46.444 63.574 38.311
1 120 12 0.1137 0.4020 0 0 46.627 66.562 35.932
1 121 0 0.0239 -0.920 0 0 44.054 66.871 33.138
1 122 0 0.0179 -0.299 0 0 46.303 69.025 30.953
1 123 1 0.0718 0.5253 0 0 48.571 66.288 29.576
1 124 18 0.0598 0.1408 0 0 51.193 66.975 26.909
1 125 22 0.2455 0.8843 0 0 52.862 63.563 26.764
1 126 7 0.1317 -0.834 0 0 50.666 60.782 25.420
1 127 17 0.3113 0.0756 0 0 50.598 57.693 27.640
1 128 1 0.1077 -0.903 0 0 51.001 55.544 24.524
1 129 6 0.1736 -0.228 0 0 54.271 57.294 23.582
1 130 0 0.4790 0.6034 0 0 55.735 56.527 26.990
1 131 6 0.4071 -0.683 0 0 54.671 52.871 26.989
1 132 3 0.1976 -0.825 0 0 56.148 52.452 23.509
1 133 12 0.4191 0.5309 0 0 59.421 53.876 24.880
1 134 0 0.5808 0.4699 0 0 59.487 51.575 27.914
1 135 1 0.3413 -0.720 0 0 58.823 48.596 25.618
1 136 17 0.1916 0.1994 0 0 61.769 49.505 23.371
1 137 20 0.4371 0.5161 0 0 63.862 49.774 26.546
1 138 9 0.3892 0.0000 0 0 62.437 46.516 27.878
1 139 11 0.6586 0.7210 0 0 61.328 48.038 31.194
1 140 16 0.7185 0.2107 0 0 58.010 48.569 33.046
1 141 20 0.7904 -0.121 0 0 56.073 51.818 32.550
1 142 11 0.8263 0.2470 0 0 54.206 53.173 35.551
1 143 7 0.7604 -0.721 0 0 52.129 56.342 35.708
1 144 18 0.7964 0.9585 0 0 52.150 57.987 39.113
1 145 17 0.6526 -0.997 0 0 50.890 60.937 41.095
1 146 0 0.6886 0.4824 0 0 52.726 61.941 44.263
1 147 13 0.3772 -0.736 0 0 49.800 64.249 44.978
1 148 18 0.2574 -0.124 0 0 47.180 61.478 45.190
1 149 1 0.4550 0.0428 0 0 49.584 58.610 46.047
1 150 6 0.4670 -0.285 0 0 48.481 56.778 42.879
1 151 9 0.6766 0.0000 0 0 51.022 54.227 41.636
1 152 22 0.8143 -0.076 0 0 53.821 55.349 43.986
1 153 7 0.7245 -0.887 0 0 54.375 51.972 45.694
1 154 3 0.7305 -0.300 0 0 53.946 50.276 42.323
1 155 0 0.9221 0.6369 0 0 56.777 52.351 40.837
1 156 15 0.9161 0.5136 0 0 59.177 51.643 43.701
1 157 20 0.7425 -0.347 0 0 58.350 48.019 44.525
1 158 18 0.7724 0.0469 0 0 58.376 47.088 40.834
1 159 12 0.8862 0.7847 0 0 61.885 48.525 40.560
1 160 22 0.7125 -0.322 0 0 62.905 46.232 43.425
1 161 1 0.5149 -0.236 0 0 61.372 43.311 41.536
1 162 7 0.6107 0.2325 0 0 63.428 44.320 38.506
1 163 11 0.5508 0.5474 0 0 66.635 44.331 40.556
1 164 1 0.2874 0.0364 0 0 65.979 40.749 41.711
1 165 6 0.1796 0.3227 0 0 65.404 39.571 38.132
1 166 10 0.2395 0.3227 0 0 68.728 41.223 37.273
1 167 13 0.0658 0.3834 0 0 70.454 39.430 40.169
