1 1 14 0.0059 0.2757 0 0 70.425 108.907 29.683
1 2 18 0.0419 0.1287 0 0 69.924 108.054 33.356
1 3 7 0.2155 0.0269 0 0 70.628 104.482 34.453
1 4 20 0.5149 -0.204 0 0 68.195 102.638 36.712
1 5 13 0.6826 -0.786 0 0 69.178 99.652 38.831
1 6 12 0.9041 0.1155 0 0 66.127 97.433 39.320
1 7 22 0.9520 -0.636 0 0 66.095 94.267 41.422
1 8 22 0.9880 0.2146 0 0 63.480 91.513 41.077
1 9 22 0.9700 -0.187 0 0 62.928 89.755 44.413
1 10 9 0.9281 0.0000 0 0 60.569 87.097 45.762
1 11 0 0.7844 -0.555 0 0 60.223 83.434 46.741
1 12 9 0.6407 0.0000 0 0 61.333 80.636 44.441
1 13 9 0.5988 0.0000 0 0 59.153 79.804 41.467
1 14 22 0.8083 0.6090 0 0 56.968 82.925 41.558
1 15 9 0.8562 0.0000 0 0 58.047 84.005 38.073
1 16 13 0.9401 0.1418 0 0 60.915 86.471 38.609
1 17 17 0.8263 -0.628 0 0 63.012 85.242 35.676
1 18 0 0.7604 -0.209 0 0 59.962 84.816 33.452
1 19 12 0.8982 0.7088 0 0 58.939 88.426 34.198
1 20 18 0.8802 0.2475 0 0 62.430 89.794 33.522
1 21 11 0.6526 -0.444 0 0 62.908 87.792 30.313
1 22 6 0.6167 -0.367 0 0 59.455 88.845 29.096
1 23 12 0.6886 0.5768 0 0 60.439 92.508 29.467
1 24 11 0.5269 0.3519 0 0 64.019 92.283 28.172
1 25 6 0.3353 -0.035 0 0 63.683 89.575 25.512
1 26 2 0.3113 -0.190 0 0 59.943 89.803 24.855
1 27 10 0.2035 -0.174 0 0 59.222 86.061 25.045
1 28 15 0.2814 0.3035 0 0 57.991 83.331 27.396
1 29 22 0.1077 -0.308 0 0 58.978 79.675 27.474
1 30 3 0.1137 -0.153 0 0 57.760 77.409 30.276
1 31 13 0.0778 -0.151 0 0 60.950 75.971 31.762
1 32 20 0.0898 -0.191 0 0 62.248 74.840 35.161
1 33 3 0.1676 -0.074 0 0 65.526 76.656 35.791
1 34 16 0.3592 -0.832 0 0 66.230 77.988 39.345
1 35 18 0.4670 0.8474 0 0 68.248 81.231 39.419
1 36 11 0.3712 -0.983 0 0 71.467 81.895 41.325
1 37 7 0.4910 -0.101 0 0 71.870 85.459 40.008
1 38 3 0.5209 -0.152 0 0 71.337 86.773 36.470
1 39 17 0.5329 -0.399 0 0 71.845 90.301 35.151
1 40 20 0.5389 0.2914 0 0 70.135 92.116 32.287
1 41 1 0.4251 -0.596 0 0 70.366 95.518 30.652
1 42 13 0.3532 0.1439 0 0 68.146 97.217 28.097
1 43 6 0.1437 -0.950 0 0 67.842 100.797 26.893
1 44 22 0.1916 0.8663 0 0 64.171 101.810 26.720
1 45 22 0.0658 -0.828 0 0 61.946 104.899 26.438
1 46 11 0.1976 0.9693 0 0 59.767 105.714 29.457
1 47 3 0.0359 0.6580 0 0 57.657 108.895 29.549
1 48 9 0.0 0.0000 0 0 59.356 110.596 26.617
1 49 7 0.0119 0.2812 0 0 62.916 109.932 27.788
1 50 18 0.0299 -0.527 0 0 65.394 107.156 27.012
1 51 5 0.1257 0.7562 0 0 67.114 105.494 29.962
1 52 12 0.2395 -0.384 0 0 69.234 102.440 30.758
1 53 12 0.5508 0.4698 0 0 67.538 99.647 32.698
1 54 3 0.5928 -0.863 0 0 69.830 97.372 34.702
1 55 11 0.8383 0.4886 0 0 67.833 94.414 35.990
1 56 12 0.8323 -0.471 0 0 69.189 92.051 38.624
1 57 3 0.8742 -0.079 0 0 67.208 88.794 38.569
1 58 18 0.8443 0.5107 0 0 67.822 87.184 41.975
1 59 0 0.6766 -0.947 0 0 67.458 83.732 43.533
1 60 9 0.7125 0.0000 0 0 64.227 82.807 45.277
1 61 6 0.4131 -0.510 0 0 65.906 79.825 46.931
1 62 7 0.2514 -0.169 0 0 67.133 80.278 50.489
1 63 7 0.0598 -0.649 0 0 70.383 78.617 49.338
1 64 20 0.2215 -0.141 0 0 71.643 81.978 48.031
1 65 17 0.3293 -0.615 0 0 70.310 84.267 50.769
1 66 0 0.1017 -0.885 0 0 73.760 85.558 51.782
1 67 14 0.3053 0.0319 0 0 73.792 87.578 48.557
1 68 1 0.4850 0.2406 0 0 70.721 89.587 49.640
1 69 3 0.3173 -0.723 0 0 72.574 92.195 51.713
1 70 6 0.2634 -0.561 0 0 74.951 93.066 48.869
1 71 20 0.5449 0.7030 0 0 72.330 93.540 46.139
1 72 14 0.6347 0.2897 0 0 69.834 95.282 48.435
1 73 1 0.3652 -0.713 0 0 72.455 97.932 49.213
1 74 18 0.4071 -0.231 0 0 73.219 98.663 45.555
1 75 9 0.6946 0.0000 0 0 69.700 98.192 44.176
1 76 7 0.6646 -0.655 0 0 67.718 101.402 43.685
1 77 9 0.8682 0.0000 0 0 64.267 99.899 43.115
1 78 15 0.9640 -0.726 0 0 62.759 96.506 43.939
1 79 12 0.9940 0.5732 0 0 60.083 94.488 42.188
1 80 5 0.9820 -0.711 0 0 58.604 92.409 45.017
1 81 22 0.9760 0.4130 0 0 57.035 89.427 43.267
1 82 15 0.8922 -0.279 0 0 54.695 86.699 44.501
1 83 0 0.7365 -0.458 0 0 52.348 84.303 42.655
1 84 11 0.5089 -0.155 0 0 48.572 84.658 43.087
1 85 2 0.2934 0.1128 0 0 48.264 80.866 43.401
1 86 2 0.3832 0.3927 0 0 50.991 80.643 46.061
1 87 18 0.2754 -0.898 0 0 49.879 81.864 49.495
1 88 13 0.3413 -0.336 0 0 53.308 81.154 50.986
1 89 17 0.6227 0.4110 0 0 55.059 83.449 48.499
1 90 15 0.6107 -0.255 0 0 52.583 86.188 49.436
1 91 7 0.4311 -0.872 0 0 53.533 85.678 53.088
1 92 3 0.5628 -0.244 0 0 57.242 85.678 52.196
1 93 11 0.7964 0.7886 0 0 56.939 89.028 50.445
1 94 10 0.5688 -0.438 0 0 56.608 90.659 53.878
1 95 6 0.4970 -0.769 0 0 60.097 89.386 54.786
1 96 20 0.7724 0.4650 0 0 61.701 90.824 51.638
1 97 1 0.7425 -0.421 0 0 60.203 94.268 52.301
1 98 7 0.4371 -0.463 0 0 61.425 94.420 55.907
1 99 6 0.4491 0.1810 0 0 64.854 93.074 54.938
1 100 11 0.6287 0.9783 0 0 65.288 95.685 52.186
1 101 13 0.4011 -0.054 0 0 64.387 98.505 54.602
1 102 1 0.1556 -0.128 0 0 66.736 97.041 57.220
1 103 22 0.2095 0.5343 0 0 69.746 96.715 54.896
1 104 13 0.2574 0.8017 0 0 69.244 100.095 53.179
1 105 3 0.0479 -0.999 0 0 68.057 101.728 56.417
1 106 17 0.1377 0.4120 0 0 65.320 103.799 54.778
1 107 3 0.1497 -0.821 0 0 61.559 104.206 55.210
1 108 3 0.3473 -0.244 0 0 61.123 105.146 51.549
1 109 22 0.5808 0.2886 0 0 62.671 102.585 49.203
1 110 16 0.7664 -0.523 0 0 61.229 102.486 45.652
1 111 14 0.9101 -0.193 0 0 59.150 99.282 45.487
1 112 22 0.9461 0.0956 0 0 56.309 97.688 43.530
1 113 12 0.9341 -0.706 0 0 54.259 94.768 44.864
1 114 22 0.9580 0.6929 0 0 53.701 92.341 41.992
1 115 9 0.8622 0.0000 0 0 51.101 89.585 41.897
1 116 2 0.8502 0.2731 0 0 52.374 87.343 39.108
1 117 13 0.5868 0.0987 0 0 50.640 84.456 37.317
1 118 5 0.4550 0.3381 0 0 47.296 86.286 37.096
1 119 3 0.2275 0.3570 0 0 46.540 84.163 34.013
1 120 12 0.1197 0.3939 0 0 45.956 81.099 36.217
1 121 0 0.0179 -0.935 0 0 42.384 80.486 37.380
1 122 0 0.0239 -0.166 0 0 43.405 78.740 40.627
1 123 1 0.0718 0.4904 0 0 43.807 81.952 42.647
1 124 18 0.0538 0.1149 0 0 44.624 81.500 46.358
1 125 22 0.2455 0.8661 0 0 45.569 85.124 47.053
1 126 7 0.1317 -0.672 0 0 42.769 87.646 46.475
1 127 17 0.2874 -0.069 0 0 43.640 90.984 44.844
1 128 1 0.0838 -0.635 0 0 42.024 92.789 47.789
1 129 6 0.1616 -0.007 0 0 44.486 91.522 50.424
1 130 0 0.4790 0.5694 0 0 47.422 92.347 48.148
1 131 6 0.3952 -0.417 0 0 46.172 95.886 47.431
1 132 3 0.1736 -0.793 0 0 45.657 96.492 51.157
1 133 12 0.4191 0.5160 0 0 49.216 95.282 51.805
1 134 0 0.5748 0.4631 0 0 50.575 97.573 49.090
1 135 1 0.2994 -0.894 0 0 48.491 100.410 50.525
1 136 17 0.1856 0.1929 0 0 49.955 99.813 53.997
1 137 20 0.4431 0.5042 0 0 53.408 99.726 52.389
1 138 9 0.3772 0.0000 0 0 52.418 102.885 50.524
1 139 11 0.6467 0.7468 0 0 53.554 101.406 47.221
1 140 16 0.7065 0.3849 0 0 51.673 100.393 44.056
1 141 20 0.7784 -0.094 0 0 50.218 96.930 43.449
1 142 11 0.8143 0.2468 0 0 50.301 95.464 39.939
1 143 7 0.7544 -0.746 0 0 49.048 92.027 38.867
1 144 18 0.8023 0.9664 0 0 51.097 90.479 36.079
1 145 17 0.6586 -0.996 0 0 51.473 87.448 33.861
1 146 0 0.7005 0.4906 0 0 54.880 86.679 32.382
1 147 13 0.3892 -0.733 0 0 53.044 84.232 30.112
1 148 18 0.2694 -0.138 0 0 50.578 86.596 28.454
1 149 1 0.4730 0.0015 0 0 52.831 89.620 29.126
1 150 6 0.4610 -0.322 0 0 49.898 91.225 30.967
1 151 9 0.6706 0.0000 0 0 51.068 94.108 33.172
1 152 22 0.8203 -0.095 0 0 54.765 93.309 32.662
1 153 7 0.7185 -0.922 0 0 55.747 96.710 31.245
1 154 3 0.7245 -0.306 0 0 53.504 98.486 33.755
1 155 0 0.9161 0.6205 0 0 55.249 96.722 36.666
1 156 15 0.9221 0.5235 0 0 58.798 97.564 35.591
1 157 20 0.7485 -0.450 0 0 58.034 101.076 34.311
1 158 18 0.7904 0.0242 0 0 56.123 101.976 37.468
1 159 12 0.8862 0.7997 0 0 59.189 100.961 39.472
1 160 22 0.7305 -0.299 0 0 61.358 103.186 37.257
1 161 1 0.5029 -0.050 0 0 59.039 106.158 37.832
1 162 7 0.6047 0.3177 0 0 59.101 105.356 41.553
1 163 11 0.5568 0.5857 0 0 62.909 105.522 41.581
1 164 1 0.3233 -0.165 0 0 62.811 108.769 39.596
1 165 6 0.1796 0.4192 0 0 60.375 110.292 42.119
1 166 10 0.2335 0.2845 0 0 62.679 109.258 44.987
1 167 13 0.0958 0.3997 0 0 65.871 110.398 43.232
