1 1 14 0.0060 0.2643 0 0 37.826 40.252 53.656
1 2 18 0.0421 0.1915 0 0 37.894 41.824 57.136
1 3 7 0.1927 -0.102 0 0 34.812 41.536 59.375
1 4 20 0.5060 -0.213 0 0 33.777 44.426 61.659
1 5 13 0.6686 -0.859 0 0 31.382 44.138 64.586
1 6 12 0.8975 0.0909 0 0 29.450 47.364 64.979
1 7 22 0.9397 -0.633 0 0 26.974 48.005 67.765
1 8 22 0.9879 0.3093 0 0 24.319 50.732 67.675
1 9 22 0.9698 -0.218 0 0 23.230 52.066 71.080
1 10 9 0.9277 0.0000 0 0 21.195 54.952 72.491
1 11 0 0.7891 -0.534 0 0 17.840 55.834 74.082
1 12 9 0.6566 0.0000 0 0 14.682 54.208 72.749
1 13 9 0.6084 0.0000 0 0 13.088 56.015 69.829
1 14 22 0.8132 0.6224 0 0 16.164 57.896 68.579
1 15 9 0.8554 0.0000 0 0 16.424 56.004 65.297
1 16 13 0.9518 0.0876 0 0 18.909 53.191 65.868
1 17 17 0.8433 -0.639 0 0 16.820 50.743 63.802
1 18 0 0.7590 -0.260 0 0 15.795 53.206 61.119
1 19 12 0.9036 0.7060 0 0 19.463 54.169 60.595
1 20 18 0.8795 0.3262 0 0 20.504 50.519 60.316
1 21 11 0.6325 -0.434 0 0 17.677 49.550 57.940
1 22 6 0.5963 -0.360 0 0 18.323 52.620 55.778
1 23 12 0.6867 0.5841 0 0 21.973 51.495 55.490
1 24 11 0.4939 0.3182 0 0 21.058 47.873 54.847
1 25 6 0.2469 -0.110 0 0 18.063 48.156 52.515
1 26 2 0.2530 -0.312 0 0 17.891 51.827 51.496
1 27 10 0.2108 -0.426 0 0 14.453 51.870 53.102
1 28 15 0.3313 0.1547 0 0 13.048 54.225 55.740
1 29 22 0.2951 0.3733 0 0 10.948 52.616 58.450
1 30 3 0.0963 -0.706 0 0 8.192 55.054 59.417
1 31 7 0.0602 -0.163 0 0 6.441 52.935 62.071
1 32 20 0.2048 0.4640 0 0 7.950 52.408 65.524
1 33 3 0.1867 -0.530 0 0 8.602 48.842 66.701
1 34 16 0.3433 -0.826 0 0 10.799 48.792 69.829
1 35 18 0.4698 0.8325 0 0 13.835 46.582 69.383
1 36 11 0.3554 -0.995 0 0 14.893 43.809 71.685
1 37 7 0.4638 -0.621 0 0 17.979 42.654 69.751
1 38 3 0.5180 -0.227 0 0 18.518 42.364 65.957
1 39 17 0.5301 -0.451 0 0 21.509 41.601 63.761
1 40 20 0.5240 0.3539 0 0 22.372 42.540 60.149
1 41 1 0.3855 -0.522 0 0 25.157 41.780 57.679
1 42 13 0.3674 0.3943 0 0 26.520 44.029 54.916
1 43 6 0.1084 -0.993 0 0 29.328 43.463 52.429
1 44 22 0.1506 0.8886 0 0 30.633 46.848 51.301
1 45 22 0.0481 -0.977 0 0 33.832 48.303 49.825
1 46 11 0.1445 0.9779 0 0 35.257 51.085 52.015
1 47 3 0.0361 0.6475 0 0 38.362 53.062 50.997
1 48 9 0.0 0.0000 0 0 38.997 50.480 48.284
1 49 7 0.0120 -0.123 0 0 38.807 47.578 50.729
1 50 18 0.0301 -0.670 0 0 36.054 44.956 50.879
1 51 5 0.1325 0.5943 0 0 34.515 44.721 54.368
1 52 12 0.2289 -0.434 0 0 31.884 42.520 55.956
1 53 12 0.5481 0.5060 0 0 29.905 44.545 58.483
1 54 3 0.5783 -0.852 0 0 28.041 42.793 61.310
1 55 11 0.8253 0.4611 0 0 25.660 45.317 62.812
1 56 12 0.8373 -0.462 0 0 24.015 44.713 66.149
1 57 3 0.8855 -0.069 0 0 20.952 46.877 66.688
1 58 18 0.8313 0.4719 0 0 20.100 47.023 70.408
1 59 9 0.6807 0.0000 0 0 16.978 48.076 72.303
1 60 9 0.7349 0.0000 0 0 17.363 51.397 74.058
1 61 6 0.5120 -0.099 0 0 16.637 53.017 77.415
1 62 7 0.3072 0.2424 0 0 14.385 50.036 78.077
1 63 7 0.1265 -0.623 0 0 15.991 49.962 81.540
1 64 20 0.1385 -0.276 0 0 17.540 46.566 80.808
1 65 17 0.1987 -0.814 0 0 21.033 47.395 82.034
1 66 0 0.0542 -0.800 0 0 21.635 43.678 82.530
1 67 14 0.2228 -0.187 0 0 21.329 42.734 78.861
1 68 1 0.5 0.2937 0 0 22.984 45.861 77.420
1 69 3 0.3795 -0.585 0 0 26.338 44.946 78.905
1 70 6 0.3132 -0.677 0 0 25.951 41.707 76.958
1 71 20 0.5903 0.0947 0 0 25.899 43.533 73.603
1 72 14 0.6506 0.3735 0 0 28.976 45.661 74.321
1 73 1 0.3614 -0.569 0 0 31.293 42.788 75.121
1 74 18 0.4156 0.0167 0 0 31.436 41.570 71.507
1 75 9 0.6927 0.0000 0 0 31.428 44.887 69.636
1 76 7 0.6445 -0.596 0 0 34.538 46.484 68.147
1 77 9 0.8674 0.0000 0 0 32.919 49.872 67.589
1 78 15 0.9638 -0.719 0 0 29.890 51.740 68.805
1 79 12 0.9939 0.4898 0 0 27.526 54.196 67.205
1 80 5 0.9819 -0.748 0 0 26.101 56.273 70.078
1 81 22 0.9759 0.4734 0 0 22.847 57.764 68.869
1 82 15 0.8915 -0.304 0 0 20.599 60.542 70.144
1 83 0 0.7530 -0.445 0 0 17.882 62.496 68.313
1 84 11 0.5361 -0.108 0 0 18.503 66.229 67.854
1 85 2 0.3192 0.1148 0 0 14.922 66.958 68.916
1 86 2 0.3493 0.2405 0 0 15.141 65.084 72.204
1 87 18 0.2771 -0.893 0 0 17.322 66.570 74.942
1 88 13 0.3253 -0.216 0 0 16.830 63.594 77.237
1 89 17 0.6144 0.4297 0 0 18.358 61.234 74.657
1 90 15 0.6204 -0.229 0 0 21.392 63.539 74.393
1 91 7 0.4096 -0.849 0 0 21.716 63.570 78.178
1 92 3 0.5602 -0.173 0 0 21.629 59.727 78.159
1 93 11 0.7831 0.6584 0 0 24.734 59.547 75.930
1 94 10 0.5542 -0.844 0 0 27.313 59.837 78.704
1 95 6 0.4819 -0.339 0 0 25.698 56.851 80.438
1 96 20 0.7771 0.4425 0 0 26.287 54.746 77.333
1 97 1 0.7228 -0.476 0 0 29.884 55.958 76.938
1 98 7 0.4277 -0.449 0 0 30.570 55.216 80.595
1 99 6 0.4457 0.3121 0 0 29.033 51.740 80.277
1 100 11 0.6265 0.9605 0 0 31.088 50.958 77.167
1 101 13 0.3975 -0.536 0 0 34.265 52.239 78.816
1 102 1 0.1626 -0.115 0 0 33.400 50.072 81.797
1 103 22 0.2409 0.5969 0 0 32.444 46.860 80.002
1 104 13 0.2710 0.7369 0 0 35.408 46.870 77.606
1 105 3 0.0662 -0.994 0 0 37.642 48.449 80.241
1 106 17 0.1204 0.3426 0 0 39.243 50.907 77.833
1 107 3 0.1686 -0.434 0 0 39.292 54.688 77.449
1 108 3 0.3373 -0.709 0 0 39.636 54.666 73.668
1 109 22 0.5722 0.3256 0 0 37.025 52.318 72.258
1 110 16 0.7409 -0.582 0 0 36.200 53.184 68.629
1 111 14 0.9096 -0.055 0 0 32.978 55.163 68.453
1 112 22 0.9457 0.0976 0 0 30.985 57.824 66.690
1 113 12 0.9337 -0.673 0 0 28.483 60.263 68.204
1 114 22 0.9578 0.7212 0 0 25.393 60.400 66.009
1 115 9 0.8614 0.0000 0 0 22.784 63.150 66.135
1 116 2 0.8493 0.2800 0 0 19.866 61.625 64.259
1 117 13 0.6024 0.0905 0 0 16.647 63.057 62.826
1 118 5 0.4397 0.3139 0 0 18.398 66.127 61.379
1 119 3 0.2349 0.3303 0 0 15.622 66.388 58.782
1 120 12 0.0903 0.3841 0 0 13.306 67.778 61.490
1 121 0 0.0180 -0.941 0 0 13.174 71.539 62.099
1 122 0 0.0240 -0.222 0 0 12.301 71.406 65.821
1 123 1 0.0783 0.4732 0 0 15.888 70.913 67.054
1 124 18 0.0722 0.0910 0 0 16.507 71.033 70.813
1 125 22 0.2650 0.8612 0 0 20.137 69.926 70.870
1 126 7 0.1144 -0.908 0 0 22.526 72.361 69.229
1 127 17 0.2891 -0.094 0 0 25.357 71.005 67.085
1 128 1 0.0843 -0.783 0 0 27.907 72.890 69.168
1 129 6 0.1566 -0.042 0 0 26.880 71.208 72.409
1 130 0 0.4879 0.6086 0 0 27.104 67.751 70.792
1 131 6 0.4036 -0.111 0 0 30.427 68.583 69.081
1 132 3 0.1807 -0.836 0 0 31.892 69.670 72.450
1 133 12 0.4216 0.5365 0 0 30.871 66.344 73.966
1 134 0 0.5843 0.3979 0 0 32.390 64.444 71.027
1 135 1 0.3012 -0.728 0 0 35.665 66.361 71.446
1 136 17 0.2168 0.2682 0 0 35.655 65.527 75.155
1 137 20 0.4337 0.5077 0 0 35.486 61.834 74.188
1 138 9 0.3734 0.0000 0 0 37.980 62.219 71.347
1 139 11 0.6385 0.7588 0 0 35.485 61.088 68.692
1 140 16 0.7048 0.3225 0 0 33.695 62.448 65.607
1 141 20 0.7951 -0.083 0 0 30.182 63.841 65.661
1 142 11 0.8192 0.2338 0 0 27.979 63.148 62.666
1 143 7 0.7710 -0.725 0 0 24.422 64.381 62.124
1 144 18 0.8012 0.9644 0 0 22.132 62.071 60.226
1 145 17 0.6626 -0.988 0 0 18.641 61.394 58.982
1 146 0 0.6987 0.4558 0 0 17.514 57.799 58.507
1 147 13 0.3915 -0.774 0 0 14.622 59.321 56.556
1 148 18 0.2590 -0.097 0 0 16.478 61.292 53.882
1 149 1 0.4578 -0.109 0 0 19.607 59.160 54.231
1 150 6 0.4518 -0.357 0 0 21.777 62.238 54.944
1 151 9 0.6746 0.0000 0 0 25.012 61.328 56.746
1 152 22 0.8072 -0.079 0 0 23.985 57.663 57.177
1 153 7 0.7168 -0.928 0 0 26.841 56.054 55.262
1 154 3 0.7289 -0.340 0 0 29.252 58.611 56.692
1 155 0 0.9156 0.6710 0 0 28.347 57.599 60.239
1 156 15 0.9216 0.5045 0 0 28.789 53.854 59.766
1 157 20 0.7469 -0.346 0 0 31.797 54.033 57.482
1 158 18 0.7650 0.0788 0 0 33.590 56.520 59.724
1 159 12 0.8734 0.7718 0 0 33.127 54.011 62.559
1 160 22 0.7108 -0.329 0 0 34.610 51.272 60.374
1 161 1 0.4759 -0.075 0 0 37.633 53.509 59.641
1 162 7 0.5662 0.6530 0 0 38.132 54.031 63.372
1 163 11 0.5421 0.6121 0 0 38.061 50.304 64.105
1 164 1 0.2831 -0.144 0 0 40.487 49.760 61.238
1 165 6 0.1024 0.0881 0 0 43.056 52.323 62.462
1 166 10 0.1746 0.3107 0 0 42.664 51.303 66.113
