1 1 14 0.0240 0.3819 0 0 50.233 12.258 38.509
1 2 18 0.1325 0.1800 0 0 47.278 11.873 36.151
1 3 7 0.3433 0.1245 0 0 44.071 13.713 37.002
1 4 20 0.5963 -0.247 0 0 40.684 12.387 35.906
1 5 13 0.6987 -0.810 0 0 37.783 14.815 35.456
1 6 12 0.9096 0.1476 0 0 34.589 12.936 36.195
1 7 22 0.9578 -0.731 0 0 31.077 14.338 35.744
1 8 22 0.9879 0.5026 0 0 28.008 12.886 37.458
1 9 22 0.9638 -0.329 0 0 24.749 13.456 35.544
1 10 9 0.8975 0.0000 0 0 21.148 12.365 35.847
1 11 0 0.7108 -0.566 0 0 17.650 13.469 36.803
1 12 9 0.6265 0.0000 0 0 17.188 15.464 39.971
1 13 9 0.5903 0.0000 0 0 16.668 13.483 43.148
1 14 22 0.7951 0.5167 0 0 18.421 10.231 42.163
1 15 9 0.8313 0.0000 0 0 21.225 10.532 44.703
1 16 13 0.9457 0.0587 0 0 24.029 11.906 42.514
1 17 17 0.8614 -0.649 0 0 25.289 14.113 45.352
1 18 0 0.8132 -0.343 0 0 25.253 11.337 47.922
1 19 12 0.9216 0.6882 0 0 27.495 9.236 45.643
1 20 18 0.9036 0.1856 0 0 30.013 12.045 45.213
1 21 11 0.7048 -0.460 0 0 29.961 12.758 48.953
1 22 6 0.6867 -0.416 0 0 30.323 9.069 49.823
1 23 12 0.7831 0.5651 0 0 33.344 8.784 47.551
1 24 11 0.6204 0.3421 0 0 35.064 11.976 48.676
1 25 6 0.4216 -0.003 0 0 34.174 12.682 52.318
1 26 2 0.1506 -0.965 0 0 35.760 11.277 55.441
1 27 10 0.1385 0.8785 0 0 33.233 8.741 56.773
1 28 15 0.0180 0.2187 0 0 34.808 8.983 60.189
1 29 22 0.0060 0.1496 0 0 34.231 12.633 61.098
1 30 3 0.0 -0.926 0 0 31.148 14.160 62.746
1 31 7 0.0120 -0.885 0 0 30.760 17.074 60.341
1 32 20 0.0843 0.9696 0 0 30.828 17.529 56.567
1 33 3 0.0722 -0.724 0 0 31.163 20.892 54.810
1 34 16 0.2530 -0.042 0 0 30.829 20.995 51.006
1 35 18 0.0783 -0.732 0 0 31.779 24.680 50.928
1 36 11 0.0481 -0.534 0 0 35.383 23.855 51.888
1 37 7 0.0542 -0.457 0 0 38.172 24.086 49.300
1 38 3 0.1987 -0.663 0 0 38.852 21.021 47.155
1 39 17 0.3614 -0.060 0 0 36.057 19.039 48.787
1 40 20 0.5843 -0.547 0 0 35.667 17.723 45.233
1 41 1 0.4819 -0.379 0 0 39.105 16.151 44.784
1 42 13 0.4457 0.1237 0 0 40.420 12.833 46.085
1 43 6 0.2831 -0.966 0 0 43.719 11.056 45.511
1 44 22 0.3373 0.9922 0 0 43.203 7.333 45.039
1 45 22 0.1867 -0.959 0 0 44.985 4.168 43.916
1 46 11 0.3132 0.9618 0 0 43.297 2.191 41.152
1 47 3 0.1144 0.5547 0 0 44.903 -1.055 39.950
1 48 9 0.0301 0.0000 0 0 48.192 -0.008 41.529
1 49 7 0.0662 0.1848 0 0 48.156 3.310 39.666
1 50 18 0.0903 -0.606 0 0 47.870 6.445 41.816
1 51 5 0.2349 0.8082 0 0 45.736 9.261 40.457
1 52 12 0.3855 -0.374 0 0 43.712 12.344 41.282
1 53 12 0.6385 0.4914 0 0 39.946 12.315 40.846
1 54 3 0.6506 -0.465 0 0 38.272 15.662 40.219
1 55 11 0.8674 0.5631 0 0 34.507 15.243 40.488
1 56 12 0.8493 -0.491 0 0 31.872 17.609 39.152
1 57 3 0.8915 0.0281 0 0 28.488 16.990 40.701
1 58 18 0.7771 -0.101 0 0 25.772 19.472 39.819
1 59 9 0.7650 0.0000 0 0 23.088 17.843 41.935
1 60 9 0.4879 0.0000 0 0 20.677 20.580 42.941
1 61 6 0.4397 0.0274 0 0 21.151 22.472 39.659
1 62 7 0.5 0.6486 0 0 19.140 20.153 37.415
1 63 7 0.2108 -0.353 0 0 16.634 22.912 36.567
1 64 20 0.1927 -0.331 0 0 19.434 24.946 34.875
1 65 17 0.2590 -0.641 0 0 19.046 22.734 31.794
1 66 0 0.1084 -0.972 0 0 20.753 25.199 29.449
1 67 14 0.2409 -0.179 0 0 23.962 25.009 31.526
1 68 1 0.4759 0.3401 0 0 24.190 21.260 30.969
1 69 3 0.3915 -0.647 0 0 26.342 21.411 27.842
1 70 6 0.3192 -0.528 0 0 28.867 23.645 29.531
1 71 20 0.5662 -0.067 0 0 29.122 21.475 32.669
1 72 14 0.6626 0.2754 0 0 29.427 18.302 30.551
1 73 1 0.4518 -0.930 0 0 32.175 19.592 28.265
1 74 18 0.5180 0.2230 0 0 34.526 19.747 31.275
1 75 9 0.7289 0.0000 0 0 34.563 15.952 31.729
1 76 7 0.6566 -0.442 0 0 36.634 13.046 30.411
1 77 9 0.8734 0.0000 0 0 34.266 10.399 31.766
1 78 15 0.9698 -0.747 0 0 30.636 10.342 32.843
1 79 12 0.9939 0.7231 0 0 28.521 8.596 35.466
1 80 5 0.9819 -0.734 0 0 24.907 8.453 34.206
1 81 22 0.9759 0.5916 0 0 22.751 7.946 37.293
1 82 15 0.8433 -0.312 0 0 19.092 6.975 37.688
1 83 0 0.6927 -0.449 0 0 17.162 5.831 40.777
1 84 11 0.5060 -0.006 0 0 15.991 2.217 40.781
1 85 2 0.3012 0.1302 0 0 12.622 3.231 42.221
1 86 2 0.3674 0.1568 0 0 12.128 5.949 39.600
1 87 18 0.2650 -0.877 0 0 11.316 4.772 36.107
1 88 13 0.2771 -0.266 0 0 11.262 8.266 34.638
1 89 17 0.5722 0.4698 0 0 14.861 8.882 35.740
1 90 15 0.5542 -0.249 0 0 15.734 5.592 33.974
1 91 7 0.3734 -0.854 0 0 13.946 6.685 30.780
1 92 3 0.4939 -0.095 0 0 15.858 9.998 30.872
1 93 11 0.6807 0.6683 0 0 19.226 8.165 30.588
1 94 10 0.4698 -0.915 0 0 18.999 7.872 26.809
1 95 6 0.4277 -0.836 0 0 18.857 11.642 26.341
1 96 20 0.6746 0.3937 0 0 21.720 12.269 28.774
1 97 1 0.6445 -0.197 0 0 23.914 9.895 26.778
1 98 7 0.4096 -0.525 0 0 22.985 11.543 23.488
1 99 6 0.4337 0.1332 0 0 23.748 14.995 24.918
1 100 11 0.6144 0.9669 0 0 27.125 13.837 26.212
1 101 13 0.4156 -0.157 0 0 27.990 12.434 22.780
1 102 1 0.2048 -0.471 0 0 26.981 15.714 21.201
1 103 22 0.2951 0.7604 0 0 28.995 18.018 23.473
1 104 13 0.3253 0.7519 0 0 32.090 15.778 23.343
1 105 3 0.1024 -0.979 0 0 31.502 15.311 19.596
1 106 17 0.1445 0.4540 0 0 32.330 11.602 19.716
1 107 3 0.1626 -0.690 0 0 30.378 8.356 19.587
1 108 3 0.3072 -0.264 0 0 32.770 6.727 22.035
1 109 22 0.5481 0.3384 0 0 32.761 8.605 25.349
1 110 16 0.7168 -0.482 0 0 33.843 6.876 28.579
1 111 14 0.8855 -0.225 0 0 30.768 6.319 30.687
1 112 22 0.9277 0.2044 0 0 29.127 4.065 33.207
1 113 12 0.9156 -0.732 0 0 25.401 3.523 33.806
1 114 22 0.9518 0.8098 0 0 24.664 3.688 37.535
1 115 9 0.8373 0.0000 0 0 21.472 2.536 39.229
1 116 2 0.8253 0.2883 0 0 21.209 3.932 42.742
1 117 13 0.5783 -0.871 0 0 18.992 2.722 45.595
1 118 5 0.5120 0.4490 0 0 17.934 5.886 47.517
1 119 3 0.2228 -0.170 0 0 15.497 4.499 50.062
1 120 12 0.0602 -0.401 0 0 13.340 1.483 50.869
1 121 0 0.0421 0.3732 0 0 10.498 2.360 48.464
1 122 0 0.0361 -0.809 0 0 9.720 -0.379 45.911
1 123 1 0.1265 0.4893 0 0 12.209 -0.938 43.101
1 124 18 0.0963 0.0931 0 0 10.662 -0.266 39.683
1 125 22 0.2469 0.8169 0 0 13.671 -0.856 37.409
1 126 7 0.1566 -0.870 0 0 15.042 -4.405 37.619
1 127 17 0.2891 -0.315 0 0 18.733 -5.270 37.306
1 128 1 0.1204 -0.737 0 0 18.104 -7.011 33.965
1 129 6 0.1746 -0.247 0 0 16.433 -4.002 32.302
1 130 0 0.4638 0.6484 0 0 19.390 -1.854 33.283
1 131 6 0.3975 0.0360 0 0 21.951 -4.501 32.254
1 132 3 0.1807 -0.856 0 0 20.232 -4.734 28.837
1 133 12 0.3795 0.5261 0 0 20.217 -0.941 28.410
1 134 0 0.5301 0.5169 0 0 23.920 -0.760 29.343
1 135 1 0.2710 -0.669 0 0 24.764 -3.588 26.938
1 136 17 0.1686 0.1958 0 0 22.898 -1.902 24.085
1 137 20 0.4036 0.4482 0 0 25.153 1.138 24.732
1 138 9 0.3554 0.0000 0 0 28.329 -0.880 25.156
1 139 11 0.6024 0.6658 0 0 28.989 0.387 28.677
1 140 16 0.6686 0.2568 0 0 29.190 -1.115 32.182
1 141 20 0.7469 -0.070 0 0 26.324 -1.118 34.658
1 142 11 0.8192 0.4237 0 0 26.935 -0.640 38.388
1 143 7 0.7530 -0.780 0 0 24.295 -0.642 41.087
1 144 18 0.8072 0.9654 0 0 24.824 1.365 44.231
1 145 17 0.6325 -0.999 0 0 23.406 2.199 47.615
1 146 0 0.7349 0.5750 0 0 25.110 5.488 48.458
1 147 13 0.4578 -0.762 0 0 23.475 5.269 51.917
1 148 18 0.3493 -0.206 0 0 25.346 2.071 52.877
1 149 1 0.5361 -0.411 0 0 28.349 2.948 50.721
1 150 6 0.5240 -0.781 0 0 27.926 -0.219 48.638
1 151 9 0.7228 0.0000 0 0 29.155 0.035 45.059
1 152 22 0.8554 -0.047 0 0 30.269 3.676 45.294
1 153 7 0.7710 -0.920 0 0 33.989 3.016 44.777
1 154 3 0.7590 -0.448 0 0 33.130 0.447 42.141
1 155 0 0.9337 0.7032 0 0 31.130 2.964 40.070
1 156 15 0.9397 0.6095 0 0 33.870 5.618 39.993
1 157 20 0.7891 -0.470 0 0 36.810 3.197 39.660
1 158 18 0.8012 0.0617 0 0 35.061 1.413 36.809
1 159 12 0.8795 0.7224 0 0 34.715 4.774 35.074
1 160 22 0.7409 -0.280 0 0 38.402 5.558 35.517
1 161 1 0.5421 -0.058 0 0 39.228 2.163 34.001
1 162 7 0.6084 0.2882 0 0 37.033 3.062 31.023
1 163 11 0.5602 0.5932 0 0 39.030 6.265 30.616
1 164 1 0.3313 0.1106 0 0 42.385 4.480 30.879
1 165 6 0.2168 -0.039 0 0 41.280 1.940 28.294
1 166 10 0.2289 0.1032 0 0 39.903 4.414 25.758
