1 1 14 0.0240 0.3699 0 0 50.348 12.407 38.507
1 2 18 0.1385 0.1664 0 0 47.311 11.942 36.280
1 3 7 0.3614 0.0907 0 0 44.085 13.742 37.174
1 4 20 0.6024 -0.237 0 0 40.782 12.372 35.932
1 5 13 0.7168 -0.800 0 0 37.857 14.737 35.413
1 6 12 0.9156 0.1279 0 0 34.662 12.820 36.099
1 7 22 0.9578 -0.711 0 0 31.147 14.142 35.589
1 8 22 0.9879 0.4406 0 0 28.050 12.809 37.326
1 9 22 0.9638 -0.256 0 0 24.959 13.259 35.179
1 10 9 0.8975 0.0000 0 0 21.323 12.317 35.605
1 11 0 0.7228 -0.585 0 0 17.836 13.494 36.547
1 12 9 0.6265 0.0000 0 0 17.383 15.378 39.814
1 13 9 0.5903 0.0000 0 0 16.623 13.270 42.886
1 14 22 0.8012 0.5208 0 0 18.499 10.121 41.871
1 15 9 0.8373 0.0000 0 0 21.218 10.560 44.486
1 16 13 0.9457 0.0745 0 0 24.066 11.989 42.394
1 17 17 0.8493 -0.954 0 0 25.102 14.149 45.318
1 18 0 0.8132 -0.336 0 0 25.182 11.267 47.812
1 19 12 0.9216 0.7238 0 0 27.413 9.228 45.465
1 20 18 0.9036 0.2056 0 0 29.968 12.004 45.182
1 21 11 0.7108 -0.501 0 0 29.864 12.686 48.929
1 22 6 0.6927 -0.401 0 0 30.317 9.000 49.761
1 23 12 0.7771 0.5881 0 0 33.375 8.820 47.490
1 24 11 0.6204 0.3436 0 0 35.098 12.002 48.700
1 25 6 0.4216 -0.005 0 0 34.185 12.816 52.306
1 26 2 0.1506 -0.978 0 0 35.919 11.536 55.430
1 27 10 0.1325 0.8842 0 0 33.685 8.790 56.817
1 28 15 0.0180 0.2160 0 0 34.851 8.984 60.402
1 29 22 0.0060 0.1078 0 0 34.287 12.646 61.300
1 30 3 0.0 -0.921 0 0 31.150 14.141 62.872
1 31 7 0.0120 -0.886 0 0 30.795 17.127 60.529
1 32 20 0.0843 0.9708 0 0 30.879 17.714 56.786
1 33 3 0.0542 -0.744 0 0 31.262 21.141 55.204
1 34 16 0.2168 0.0489 0 0 31.066 21.173 51.386
1 35 18 0.0602 -0.730 0 0 31.793 24.914 51.591
1 36 11 0.0421 -0.662 0 0 35.482 23.987 51.996
1 37 7 0.0783 -0.834 0 0 38.110 23.725 49.241
1 38 3 0.1987 -0.600 0 0 39.134 20.314 47.872
1 39 17 0.4036 -0.180 0 0 35.708 18.844 48.571
1 40 20 0.5843 -0.567 0 0 35.871 17.621 44.949
1 41 1 0.4819 -0.351 0 0 39.397 16.178 44.797
1 42 13 0.4578 0.1582 0 0 40.521 12.768 46.082
1 43 6 0.2831 -0.962 0 0 43.828 10.973 45.572
1 44 22 0.3313 0.9880 0 0 43.369 7.242 45.107
1 45 22 0.1867 -0.958 0 0 45.120 4.091 43.938
1 46 11 0.3192 0.9573 0 0 43.466 2.158 41.117
1 47 3 0.1144 0.5631 0 0 45.015 -1.103 39.923
1 48 9 0.0301 0.0000 0 0 48.310 -0.117 41.503
1 49 7 0.0722 0.1832 0 0 48.311 3.270 39.779
1 50 18 0.0903 -0.621 0 0 48.018 6.429 41.905
1 51 5 0.2590 0.7892 0 0 45.801 9.131 40.441
1 52 12 0.3915 -0.354 0 0 43.798 12.236 41.297
1 53 12 0.6385 0.5210 0 0 40.016 12.214 40.905
1 54 3 0.6506 -0.469 0 0 38.329 15.550 40.237
1 55 11 0.8674 0.6509 0 0 34.553 15.173 40.542
1 56 12 0.8433 -0.406 0 0 32.478 17.700 38.622
1 57 3 0.8915 0.2613 0 0 29.145 17.311 40.388
1 58 18 0.7469 -0.178 0 0 26.475 19.992 40.033
1 59 0 0.7650 0.4318 0 0 23.666 18.213 41.890
1 60 9 0.5 0.0000 0 0 20.849 20.593 42.823
1 61 6 0.4337 0.0158 0 0 21.360 22.632 39.626
1 62 7 0.5060 0.6811 0 0 19.431 20.360 37.282
1 63 7 0.2228 -0.357 0 0 16.868 23.086 36.523
1 64 20 0.1927 -0.336 0 0 19.667 25.112 34.817
1 65 17 0.2530 -0.631 0 0 19.273 22.952 31.724
1 66 0 0.1084 -0.971 0 0 20.975 25.400 29.353
1 67 14 0.2289 -0.183 0 0 24.171 25.193 31.425
1 68 1 0.4759 0.3776 0 0 24.457 21.429 30.880
1 69 3 0.3795 -0.638 0 0 26.605 21.527 27.719
1 70 6 0.3132 -0.512 0 0 29.246 23.717 29.371
1 71 20 0.5542 -0.090 0 0 29.390 21.583 32.554
1 72 14 0.6566 0.3160 0 0 29.789 18.381 30.516
1 73 1 0.4457 -0.929 0 0 32.424 19.428 27.978
1 74 18 0.4879 0.1184 0 0 35.182 19.453 30.593
1 75 9 0.7349 0.0000 0 0 34.664 15.823 31.669
1 76 7 0.6626 -0.439 0 0 36.738 12.881 30.447
1 77 9 0.8734 0.0000 0 0 34.379 10.195 31.730
1 78 15 0.9698 -0.761 0 0 30.720 10.186 32.712
1 79 12 0.9939 0.7238 0 0 28.595 8.479 35.339
1 80 5 0.9819 -0.733 0 0 25.045 8.223 33.958
1 81 22 0.9759 0.5977 0 0 22.933 7.724 37.075
1 82 15 0.8554 -0.325 0 0 19.266 6.803 37.526
1 83 0 0.6867 -0.452 0 0 17.188 5.694 40.522
1 84 11 0.5120 0.0123 0 0 16.053 2.071 40.579
1 85 2 0.2951 0.1590 0 0 12.658 3.119 42.026
1 86 2 0.3554 0.2098 0 0 12.121 5.831 39.354
1 87 18 0.2650 -0.867 0 0 11.336 4.647 35.806
1 88 13 0.2771 -0.295 0 0 11.344 8.225 34.496
1 89 17 0.5722 0.4531 0 0 14.993 8.726 35.501
1 90 15 0.5602 -0.279 0 0 15.840 5.458 33.755
1 91 7 0.3734 -0.851 0 0 14.099 6.478 30.527
1 92 3 0.4939 -0.146 0 0 15.933 9.849 30.568
1 93 11 0.6746 0.6528 0 0 19.292 8.017 30.256
1 94 10 0.4698 -0.930 0 0 19.091 7.759 26.482
1 95 6 0.4277 -0.981 0 0 19.022 11.542 25.998
1 96 20 0.6807 0.3824 0 0 21.772 12.169 28.550
1 97 1 0.6445 -0.198 0 0 24.039 9.857 26.566
1 98 7 0.4096 -0.681 0 0 23.128 11.561 23.293
1 99 6 0.4397 0.2446 0 0 23.848 14.975 24.816
1 100 11 0.6144 0.9668 0 0 27.214 13.746 26.088
1 101 13 0.4156 -0.169 0 0 28.153 12.433 22.637
1 102 1 0.2048 -0.498 0 0 27.158 15.752 21.102
1 103 22 0.3072 0.7865 0 0 29.111 17.960 23.514
1 104 13 0.3373 0.7542 0 0 32.231 15.739 23.349
1 105 3 0.1024 -0.960 0 0 31.829 15.493 19.567
1 106 17 0.1445 0.4288 0 0 32.542 11.782 19.766
1 107 3 0.1626 -0.554 0 0 30.674 8.533 19.302
1 108 3 0.3012 -0.649 0 0 32.845 6.679 21.828
1 109 22 0.5481 0.3378 0 0 32.856 8.484 25.168
1 110 16 0.6987 -0.487 0 0 33.987 6.721 28.391
1 111 14 0.8795 -0.264 0 0 30.873 6.164 30.526
1 112 22 0.9277 0.2439 0 0 29.218 3.906 33.061
1 113 12 0.9096 -0.743 0 0 25.516 3.364 33.731
1 114 22 0.9518 0.8050 0 0 24.740 3.573 37.459
1 115 9 0.8313 0.0000 0 0 21.565 2.296 39.093
1 116 2 0.8253 0.3274 0 0 21.255 3.821 42.550
1 117 13 0.5783 -0.885 0 0 19.029 2.654 45.418
1 118 5 0.5301 0.4157 0 0 17.993 5.858 47.251
1 119 3 0.2349 -0.265 0 0 15.642 4.448 49.873
1 120 12 0.0662 -0.328 0 0 13.325 1.617 50.908
1 121 0 0.0481 0.4770 0 0 10.666 2.383 48.267
1 122 0 0.0361 -0.817 0 0 9.763 -0.361 45.769
1 123 1 0.1265 0.4856 0 0 12.196 -1.047 42.929
1 124 18 0.0963 0.1025 0 0 10.668 -0.324 39.496
1 125 22 0.2469 0.7974 0 0 13.690 -0.999 37.276
1 126 7 0.1566 -0.848 0 0 15.052 -4.556 37.497
1 127 17 0.2891 -0.002 0 0 18.761 -5.266 37.028
1 128 1 0.1204 -0.735 0 0 18.109 -7.152 33.792
1 129 6 0.1807 -0.261 0 0 16.534 -4.078 32.157
1 130 0 0.4638 0.6417 0 0 19.552 -1.994 33.120
1 131 6 0.3855 -0.158 0 0 22.039 -4.635 32.009
1 132 3 0.1746 -0.849 0 0 20.320 -4.902 28.619
1 133 12 0.3674 0.5435 0 0 20.363 -1.114 28.158
1 134 0 0.5240 0.4899 0 0 24.023 -0.974 29.211
1 135 1 0.2710 -0.681 0 0 24.880 -3.818 26.799
1 136 17 0.1686 0.2142 0 0 23.114 -2.041 23.952
1 137 20 0.3975 0.4427 0 0 25.386 0.971 24.514
1 138 9 0.3433 0.0000 0 0 28.529 -1.079 25.062
1 139 11 0.5963 0.6662 0 0 29.100 0.133 28.597
1 140 16 0.6686 0.1927 0 0 29.391 -1.265 32.148
1 141 20 0.7530 -0.077 0 0 26.432 -1.311 34.539
1 142 11 0.8192 0.3922 0 0 26.963 -0.769 38.266
1 143 7 0.7590 -0.761 0 0 24.360 -0.776 40.999
1 144 18 0.8072 0.9618 0 0 24.960 1.280 44.130
1 145 17 0.6325 -0.998 0 0 23.501 2.165 47.499
1 146 0 0.7289 0.5716 0 0 25.114 5.467 48.499
1 147 13 0.4518 -0.797 0 0 23.305 5.318 51.856
1 148 18 0.3493 -0.208 0 0 25.001 2.009 52.742
1 149 1 0.5180 -0.351 0 0 28.195 2.768 50.821
1 150 6 0.5361 -0.795 0 0 27.825 -0.240 48.518
1 151 9 0.7048 0.0000 0 0 29.278 -0.090 45.034
1 152 22 0.8614 -0.053 0 0 30.276 3.565 45.233
1 153 7 0.7891 -0.885 0 0 34.012 3.115 44.756
1 154 3 0.7710 -0.463 0 0 33.290 0.475 42.145
1 155 0 0.9337 0.7064 0 0 31.266 2.910 40.021
1 156 15 0.9397 0.6232 0 0 33.988 5.560 39.848
1 157 20 0.7831 -0.431 0 0 36.916 3.110 39.590
1 158 18 0.7951 0.0556 0 0 35.165 1.303 36.728
1 159 12 0.8855 0.7227 0 0 34.844 4.636 34.934
1 160 22 0.7409 -0.233 0 0 38.553 5.438 35.469
1 161 1 0.5421 -0.027 0 0 39.482 2.019 34.003
1 162 7 0.6084 0.5601 0 0 37.212 2.786 31.059
1 163 11 0.5662 0.6150 0 0 39.100 6.056 30.500
1 164 1 0.3253 0.1083 0 0 42.514 4.322 30.730
1 165 6 0.2108 -0.314 0 0 41.505 1.649 28.216
1 166 10 0.2409 0.1072 0 0 40.144 4.250 25.792
