1 1 14 0.0060 0.2915 0 0 37.890 40.660 53.528
1 2 18 0.0421 0.1238 0 0 37.892 42.015 57.085
1 3 7 0.1867 -0.105 0 0 34.993 41.700 59.530
1 4 20 0.5120 -0.218 0 0 33.882 44.521 61.863
1 5 13 0.6746 -0.843 0 0 31.451 44.250 64.766
1 6 12 0.8975 0.1138 0 0 29.547 47.503 65.192
1 7 22 0.9457 -0.615 0 0 27.019 48.170 67.950
1 8 22 0.9879 0.3059 0 0 24.329 50.857 67.844
1 9 22 0.9698 -0.232 0 0 23.348 52.163 71.280
1 10 9 0.9277 0.0000 0 0 21.301 55.060 72.646
1 11 0 0.7951 -0.497 0 0 18.025 55.997 74.355
1 12 9 0.6566 0.0000 0 0 14.783 54.440 73.146
1 13 9 0.6144 0.0000 0 0 13.225 56.062 70.091
1 14 22 0.8132 0.6335 0 0 16.259 58.027 68.863
1 15 9 0.8554 0.0000 0 0 16.308 56.039 65.621
1 16 13 0.9518 0.1136 0 0 18.917 53.330 66.146
1 17 17 0.8433 -0.635 0 0 16.848 50.889 64.048
1 18 0 0.7710 -0.271 0 0 15.924 53.430 61.367
1 19 12 0.9036 0.6988 0 0 19.573 54.376 60.792
1 20 18 0.8855 0.2739 0 0 20.495 50.699 60.598
1 21 11 0.6385 -0.444 0 0 17.714 49.723 58.177
1 22 6 0.5963 -0.368 0 0 18.325 52.796 56.011
1 23 12 0.6867 0.5946 0 0 21.952 51.661 55.704
1 24 11 0.5060 0.3137 0 0 21.081 47.988 55.066
1 25 6 0.2590 -0.049 0 0 18.049 48.302 52.801
1 26 2 0.2469 -0.298 0 0 17.944 51.971 51.726
1 27 10 0.2048 -0.449 0 0 14.493 52.023 53.309
1 28 15 0.3373 0.1488 0 0 13.092 54.350 55.985
1 29 22 0.3253 0.3881 0 0 11.037 52.685 58.724
1 30 3 0.1144 -0.677 0 0 8.205 54.995 59.825
1 31 7 0.0783 -0.941 0 0 6.775 52.546 62.378
1 32 20 0.2108 0.4127 0 0 8.029 52.526 65.952
1 33 3 0.1746 -0.659 0 0 8.555 48.930 67.081
1 34 16 0.3493 -0.828 0 0 10.848 48.780 70.167
1 35 18 0.4879 0.8618 0 0 13.895 46.633 69.631
1 36 11 0.3614 -0.995 0 0 14.904 43.784 71.895
1 37 7 0.4638 -0.736 0 0 17.991 42.562 69.988
1 38 3 0.5240 -0.329 0 0 18.700 42.478 66.227
1 39 17 0.5542 -0.349 0 0 21.688 41.814 63.995
1 40 20 0.5301 0.3393 0 0 22.419 42.760 60.377
1 41 1 0.3855 -0.526 0 0 25.130 41.872 57.881
1 42 13 0.3795 0.3903 0 0 26.538 44.128 55.121
1 43 6 0.1325 -0.994 0 0 29.323 43.596 52.576
1 44 22 0.1506 0.8734 0 0 30.770 46.923 51.467
1 45 22 0.0481 -0.983 0 0 33.948 48.431 50.049
1 46 11 0.1445 0.9817 0 0 35.422 51.193 52.234
1 47 3 0.0361 0.6252 0 0 38.527 53.115 51.173
1 48 9 0.0 0.0000 0 0 39.180 50.479 48.520
1 49 7 0.0120 -0.373 0 0 38.988 47.574 51.019
1 50 18 0.0301 -0.660 0 0 36.199 45.001 51.079
1 51 5 0.1024 0.7547 0 0 34.729 44.308 54.479
1 52 12 0.2349 -0.472 0 0 31.860 42.630 56.207
1 53 12 0.5602 0.4593 0 0 29.955 44.711 58.709
1 54 3 0.5903 -0.872 0 0 28.154 42.939 61.556
1 55 11 0.8253 0.4741 0 0 25.736 45.462 63.057
1 56 12 0.8313 -0.466 0 0 24.041 44.875 66.385
1 57 3 0.8795 -0.110 0 0 20.923 46.975 66.900
1 58 18 0.8373 0.4968 0 0 20.231 47.276 70.644
1 59 0 0.6807 -0.948 0 0 17.229 48.080 72.802
1 60 9 0.7289 0.0000 0 0 16.978 51.639 74.073
1 61 6 0.4156 -0.259 0 0 14.134 50.975 76.528
1 62 7 0.2891 0.3988 0 0 15.707 50.799 80.003
1 63 7 0.0602 -0.423 0 0 13.638 47.686 80.680
1 64 0 0.1927 0.5704 0 0 16.545 45.732 79.180
1 65 17 0.2710 -0.100 0 0 19.563 47.371 80.853
1 66 0 0.0722 -0.855 0 0 20.563 43.968 82.223
1 67 14 0.2168 -0.058 0 0 21.402 42.536 78.794
1 68 1 0.4759 0.3889 0 0 23.575 45.536 77.846
1 69 3 0.3433 -0.582 0 0 26.937 44.420 79.210
1 70 6 0.2650 -0.595 0 0 26.348 41.275 77.130
1 71 20 0.5481 0.6752 0 0 26.737 43.017 73.769
1 72 14 0.6265 0.3292 0 0 29.367 45.587 74.723
1 73 1 0.3554 -0.629 0 0 32.020 42.962 75.382
1 74 18 0.4096 -0.062 0 0 31.829 41.599 71.827
1 75 9 0.6927 0.0000 0 0 31.575 44.965 70.042
1 76 7 0.6626 -0.574 0 0 34.638 46.598 68.456
1 77 9 0.8674 0.0000 0 0 33.009 49.917 67.705
1 78 15 0.9638 -0.704 0 0 30.011 51.848 68.967
1 79 12 0.9939 0.5485 0 0 27.589 54.293 67.394
1 80 5 0.9819 -0.736 0 0 26.219 56.363 70.299
1 81 22 0.9759 0.4649 0 0 22.947 57.864 69.103
1 82 15 0.8915 -0.320 0 0 20.675 60.615 70.442
1 83 0 0.7530 -0.455 0 0 17.954 62.638 68.660
1 84 11 0.5180 -0.095 0 0 18.484 66.404 68.160
1 85 2 0.3132 0.1230 0 0 14.895 67.098 69.255
1 86 2 0.3674 0.2767 0 0 15.224 65.171 72.521
1 87 18 0.2831 -0.875 0 0 17.399 66.627 75.273
1 88 13 0.3313 -0.770 0 0 17.021 63.632 77.571
1 89 17 0.6204 0.4142 0 0 18.414 61.262 74.909
1 90 15 0.6325 -0.253 0 0 21.423 63.556 74.607
1 91 7 0.4277 -0.890 0 0 21.875 63.524 78.370
1 92 3 0.5783 -0.190 0 0 21.717 59.711 78.369
1 93 11 0.7891 0.6225 0 0 24.845 59.589 76.136
1 94 10 0.5361 -0.413 0 0 27.159 60.104 79.105
1 95 6 0.4939 -0.867 0 0 25.882 56.883 80.685
1 96 20 0.7771 0.4574 0 0 26.380 54.803 77.551
1 97 1 0.7228 -0.429 0 0 29.940 56.093 77.184
1 98 7 0.4337 -0.920 0 0 30.746 55.210 80.803
1 99 6 0.4518 0.2576 0 0 29.250 51.692 80.568
1 100 11 0.6084 0.9729 0 0 31.238 50.957 77.409
1 101 13 0.4036 -0.532 0 0 34.431 52.293 78.990
1 102 1 0.1385 -0.087 0 0 33.839 50.154 82.090
1 103 22 0.2289 0.5994 0 0 32.883 46.877 80.432
1 104 13 0.2530 0.7745 0 0 35.629 46.891 77.821
1 105 3 0.0542 -0.999 0 0 37.837 48.420 80.517
1 106 17 0.1204 0.3403 0 0 39.379 50.957 78.158
1 107 3 0.1626 -0.386 0 0 39.375 54.737 77.722
1 108 3 0.3192 -0.451 0 0 40.166 54.367 74.024
1 109 22 0.5662 0.3576 0 0 37.151 52.573 72.511
1 110 16 0.7469 -0.581 0 0 36.253 53.311 68.842
1 111 14 0.9096 -0.112 0 0 33.006 55.284 68.691
1 112 22 0.9397 0.0899 0 0 31.059 58.004 66.960
1 113 12 0.9337 -0.675 0 0 28.561 60.424 68.465
1 114 22 0.9578 0.7177 0 0 25.480 60.625 66.257
1 115 9 0.8614 0.0000 0 0 22.779 63.277 66.399
1 116 2 0.8493 0.2750 0 0 19.861 61.747 64.493
1 117 13 0.6024 0.1117 0 0 16.659 63.265 63.063
1 118 5 0.4457 0.5359 0 0 18.320 66.334 61.475
1 119 3 0.2228 0.3716 0 0 15.475 66.564 58.977
1 120 12 0.0963 0.3768 0 0 13.172 67.824 61.718
1 121 0 0.0180 -0.928 0 0 13.149 71.574 62.371
1 122 0 0.0240 -0.191 0 0 12.321 71.477 66.121
1 123 1 0.0843 0.4766 0 0 15.916 71.186 67.362
1 124 18 0.0662 0.1392 0 0 16.466 71.168 71.137
1 125 22 0.2409 0.8517 0 0 20.180 70.244 71.097
1 126 7 0.1084 -0.913 0 0 22.654 72.613 69.463
1 127 17 0.3012 -0.114 0 0 25.401 71.209 67.237
1 128 1 0.0903 -0.827 0 0 27.936 73.049 69.382
1 129 6 0.1566 -0.371 0 0 26.968 71.266 72.629
1 130 0 0.5 0.6073 0 0 27.187 67.850 70.961
1 131 6 0.3915 -0.121 0 0 30.459 68.851 69.324
1 132 3 0.1686 -0.819 0 0 31.935 69.866 72.727
1 133 12 0.4216 0.5591 0 0 30.957 66.538 74.234
1 134 0 0.5843 0.3694 0 0 32.449 64.684 71.241
1 135 1 0.3072 -0.734 0 0 35.728 66.568 71.652
1 136 17 0.1987 0.2181 0 0 35.776 65.706 75.373
1 137 20 0.4397 0.5064 0 0 35.595 62.048 74.311
1 138 9 0.3734 0.0000 0 0 38.037 62.413 71.433
1 139 11 0.6445 0.7578 0 0 35.511 61.197 68.876
1 140 16 0.6987 0.3266 0 0 33.757 62.676 65.827
1 141 20 0.7831 -0.089 0 0 30.203 64.000 65.858
1 142 11 0.8192 0.2354 0 0 28.022 63.255 62.855
1 143 7 0.7650 -0.732 0 0 24.495 64.538 62.338
1 144 18 0.8012 0.9515 0 0 22.160 62.262 60.402
1 145 17 0.6506 -0.989 0 0 18.678 61.614 59.154
1 146 0 0.7048 0.4694 0 0 17.543 58.009 58.753
1 147 13 0.3975 -0.764 0 0 14.666 59.494 56.777
1 148 18 0.2771 -0.152 0 0 16.626 61.317 54.070
1 149 1 0.4698 -0.170 0 0 19.872 59.251 54.312
1 150 6 0.4578 -0.046 0 0 21.720 62.448 55.104
1 151 9 0.6686 0.0000 0 0 24.966 61.556 56.891
1 152 22 0.8072 -0.044 0 0 24.019 57.891 57.355
1 153 7 0.7168 -0.917 0 0 26.871 56.290 55.371
1 154 3 0.7349 -0.342 0 0 29.253 58.819 56.893
1 155 0 0.9156 0.6972 0 0 28.468 57.792 60.477
1 156 15 0.9216 0.5041 0 0 28.826 54.026 59.981
1 157 20 0.7409 -0.340 0 0 31.841 54.245 57.654
1 158 18 0.7590 0.0894 0 0 33.676 56.685 59.877
1 159 12 0.8734 0.7631 0 0 33.175 54.174 62.691
1 160 22 0.7108 -0.311 0 0 34.667 51.471 60.496
1 161 1 0.4819 -0.108 0 0 37.703 53.697 59.817
1 162 7 0.5722 0.6696 0 0 38.214 54.202 63.546
1 163 11 0.5421 0.6205 0 0 38.162 50.472 64.265
1 164 1 0.2951 -0.232 0 0 40.546 49.872 61.373
1 165 6 0.1265 -0.344 0 0 43.087 52.426 62.643
1 166 10 0.1807 0.3279 0 0 42.681 51.485 66.306
