1 1 14 0.0060 0.2699 0 0 37.997 40.403 53.597
1 2 18 0.0421 0.1687 0 0 38.071 41.625 57.184
1 3 7 0.2048 -0.080 0 0 35.043 41.508 59.495
1 4 20 0.5060 -0.225 0 0 34.024 44.408 61.731
1 5 13 0.6807 -0.833 0 0 31.681 44.299 64.715
1 6 12 0.9036 0.0673 0 0 29.630 47.464 65.070
1 7 22 0.9457 -0.599 0 0 27.125 48.087 67.864
1 8 22 0.9879 0.2768 0 0 24.488 50.832 67.724
1 9 22 0.9698 -0.236 0 0 23.567 52.124 71.198
1 10 9 0.9277 0.0000 0 0 21.524 55.007 72.622
1 11 0 0.7951 -0.484 0 0 18.253 56.066 74.268
1 12 9 0.6506 0.0000 0 0 15.072 54.471 72.964
1 13 9 0.6084 0.0000 0 0 13.468 56.264 70.044
1 14 22 0.8072 0.6646 0 0 16.560 58.141 68.819
1 15 9 0.8554 0.0000 0 0 16.576 56.167 65.582
1 16 13 0.9518 0.1080 0 0 19.128 53.397 66.077
1 17 17 0.8433 -0.631 0 0 17.033 50.918 64.060
1 18 0 0.7590 -0.242 0 0 16.091 53.414 61.359
1 19 12 0.8975 0.7008 0 0 19.739 54.304 60.726
1 20 18 0.8855 0.3398 0 0 20.680 50.632 60.448
1 21 11 0.6325 -0.483 0 0 17.852 49.642 58.115
1 22 6 0.5963 -0.356 0 0 18.589 52.711 55.986
1 23 12 0.6927 0.5979 0 0 22.194 51.538 55.707
1 24 11 0.5120 0.2644 0 0 21.293 47.898 55.040
1 25 6 0.2710 -0.071 0 0 18.234 48.280 52.806
1 26 2 0.2530 -0.257 0 0 18.081 51.920 51.677
1 27 10 0.2108 -0.378 0 0 14.617 51.879 53.213
1 28 15 0.3253 0.2014 0 0 13.227 54.233 55.868
1 29 22 0.3132 0.5039 0 0 11.313 52.542 58.665
1 30 3 0.1084 -0.722 0 0 8.592 55.124 59.376
1 31 7 0.0662 -0.138 0 0 6.739 53.407 62.262
1 32 20 0.1807 0.4650 0 0 8.003 52.723 65.790
1 33 3 0.1867 -0.683 0 0 8.723 49.116 66.789
1 34 16 0.3433 -0.808 0 0 10.920 48.714 69.920
1 35 18 0.4879 0.8694 0 0 14.068 46.651 69.470
1 36 11 0.3554 -0.997 0 0 15.103 43.857 71.815
1 37 7 0.4698 -0.736 0 0 18.148 42.614 69.876
1 38 3 0.5180 -0.228 0 0 18.751 42.473 66.111
1 39 17 0.5481 -0.467 0 0 21.652 41.731 63.805
1 40 20 0.5421 0.3639 0 0 22.461 42.760 60.230
1 41 1 0.3795 -0.520 0 0 25.213 41.795 57.839
1 42 13 0.3674 0.3876 0 0 26.602 43.991 55.034
1 43 6 0.1325 -0.993 0 0 29.413 43.447 52.542
1 44 22 0.1566 0.8786 0 0 30.796 46.798 51.433
1 45 22 0.0542 -0.984 0 0 33.994 48.197 49.940
1 46 11 0.1506 0.9747 0 0 35.429 50.970 52.126
1 47 3 0.0361 0.6553 0 0 38.591 52.831 51.069
1 48 9 0.0 0.0000 0 0 39.278 50.259 48.351
1 49 7 0.0120 0.0766 0 0 39.083 47.394 50.874
1 50 18 0.0301 -0.636 0 0 36.246 44.829 51.029
1 51 5 0.1385 0.6119 0 0 34.628 44.608 54.464
1 52 12 0.2349 -0.493 0 0 32.025 42.449 56.109
1 53 12 0.5542 0.4861 0 0 30.071 44.587 58.560
1 54 3 0.5903 -0.852 0 0 28.228 42.911 61.458
1 55 11 0.8373 0.4657 0 0 25.811 45.436 62.922
1 56 12 0.8253 -0.474 0 0 24.143 44.775 66.266
1 57 3 0.8795 -0.078 0 0 21.033 46.930 66.847
1 58 18 0.8313 0.5179 0 0 20.259 47.271 70.569
1 59 0 0.6686 -0.949 0 0 17.291 48.200 72.738
1 60 9 0.7409 0.0000 0 0 17.368 51.837 73.716
1 61 6 0.4337 -0.345 0 0 15.079 51.255 76.684
1 62 7 0.4036 0.3102 0 0 17.513 52.407 79.386
1 63 7 0.1024 -0.551 0 0 15.900 50.016 81.873
1 64 20 0.1445 -0.077 0 0 17.594 46.785 80.792
1 65 17 0.0903 -0.603 0 0 20.806 46.127 82.710
1 66 0 0.0481 -0.776 0 0 22.693 42.829 82.481
1 67 14 0.2168 -0.084 0 0 21.788 42.470 78.776
1 68 1 0.4518 0.3359 0 0 23.897 45.567 78.071
1 69 3 0.3313 -0.545 0 0 27.375 44.509 79.189
1 70 6 0.2469 -0.527 0 0 26.467 41.306 77.304
1 71 20 0.5240 0.6717 0 0 26.733 42.760 73.765
1 72 14 0.6385 0.4057 0 0 29.372 45.444 74.365
1 73 1 0.3493 -0.600 0 0 31.793 42.626 75.133
1 74 18 0.3915 -0.163 0 0 32.149 41.459 71.518
1 75 9 0.6867 0.0000 0 0 31.608 44.743 69.688
1 76 7 0.6626 -0.484 0 0 34.706 46.581 68.516
1 77 9 0.8674 0.0000 0 0 33.190 49.870 67.420
1 78 15 0.9638 -0.672 0 0 30.251 51.808 68.793
1 79 12 0.9939 0.5402 0 0 27.716 54.179 67.333
1 80 5 0.9819 -0.735 0 0 26.360 56.327 70.184
1 81 22 0.9759 0.4647 0 0 23.139 57.857 68.895
1 82 15 0.8915 -0.273 0 0 20.840 60.577 70.209
1 83 0 0.7349 -0.477 0 0 18.172 62.604 68.413
1 84 11 0.5361 -0.083 0 0 18.852 66.298 67.931
1 85 2 0.3192 0.0735 0 0 15.296 67.010 69.061
1 86 2 0.3614 0.3560 0 0 15.469 64.970 72.285
1 87 18 0.2771 -0.865 0 0 17.619 66.692 74.905
1 88 13 0.3012 -0.245 0 0 17.197 63.781 77.303
1 89 17 0.6144 0.3919 0 0 18.669 61.360 74.742
1 90 15 0.6204 -0.252 0 0 21.729 63.578 74.406
1 91 7 0.4096 -0.845 0 0 22.166 63.646 78.174
1 92 3 0.5662 -0.200 0 0 22.141 59.844 78.268
1 93 11 0.7831 0.6336 0 0 25.160 59.684 75.971
1 94 10 0.5602 -0.839 0 0 27.705 59.867 78.763
1 95 6 0.4939 -0.260 0 0 26.042 56.860 80.425
1 96 20 0.7771 0.4413 0 0 26.611 54.692 77.355
1 97 1 0.7228 -0.431 0 0 30.178 55.963 76.922
1 98 7 0.4216 -0.524 0 0 30.998 55.152 80.566
1 99 6 0.4578 0.2215 0 0 29.391 51.717 80.295
1 100 11 0.6265 0.9654 0 0 31.395 50.848 77.150
1 101 13 0.4156 -0.524 0 0 34.636 52.266 78.518
1 102 1 0.1927 -0.163 0 0 34.010 49.992 81.505
1 103 22 0.2650 0.5732 0 0 32.806 46.770 79.858
1 104 13 0.3072 0.7200 0 0 35.556 46.747 77.221
1 105 3 0.0783 -0.993 0 0 37.774 48.222 79.926
1 106 17 0.1144 0.2337 0 0 39.716 50.856 77.991
1 107 3 0.1686 -0.378 0 0 39.681 54.591 77.342
1 108 3 0.3373 -0.710 0 0 40.119 54.398 73.575
1 109 22 0.5783 0.2843 0 0 37.273 52.240 72.282
1 110 16 0.7469 -0.612 0 0 36.479 53.142 68.631
1 111 14 0.9096 -0.124 0 0 33.266 55.171 68.584
1 112 22 0.9397 0.1227 0 0 31.307 57.928 66.867
1 113 12 0.9337 -0.678 0 0 28.825 60.408 68.349
1 114 22 0.9578 0.7154 0 0 25.759 60.392 66.119
1 115 9 0.8614 0.0000 0 0 23.058 63.019 66.355
1 116 2 0.8493 0.2667 0 0 20.134 61.694 64.383
1 117 13 0.6024 0.0926 0 0 16.923 63.118 62.904
1 118 5 0.4457 0.2547 0 0 18.650 66.160 61.403
1 119 3 0.2289 0.3232 0 0 15.874 66.411 58.822
1 120 12 0.0963 0.4076 0 0 13.483 67.675 61.525
1 121 0 0.0180 -0.935 0 0 13.303 71.454 62.040
1 122 0 0.0240 -0.197 0 0 12.604 71.481 65.804
1 123 1 0.0722 0.4972 0 0 16.229 71.214 67.008
1 124 18 0.0602 0.0739 0 0 16.833 71.260 70.789
1 125 22 0.2409 0.8844 0 0 20.484 70.128 70.842
1 126 7 0.1204 -0.890 0 0 23.101 72.443 69.377
1 127 17 0.2891 -0.157 0 0 25.824 71.039 67.143
1 128 1 0.0843 -0.819 0 0 28.282 72.982 69.289
1 129 6 0.1626 -0.136 0 0 27.207 71.117 72.433
1 130 0 0.5 0.5580 0 0 27.387 67.714 70.739
1 131 6 0.3975 -0.193 0 0 30.679 68.662 69.125
1 132 3 0.1987 -0.847 0 0 32.105 69.637 72.513
1 133 12 0.4277 0.5247 0 0 31.130 66.249 73.880
1 134 0 0.5843 0.3794 0 0 32.768 64.453 70.954
1 135 1 0.2951 -0.714 0 0 35.968 66.428 71.415
1 136 17 0.2228 0.3107 0 0 36.022 65.576 75.132
1 137 20 0.4397 0.5038 0 0 35.773 61.883 74.203
1 138 9 0.3734 0.0000 0 0 38.233 62.330 71.363
1 139 11 0.6445 0.7680 0 0 35.765 61.048 68.758
1 140 16 0.6987 0.3209 0 0 34.105 62.517 65.639
1 141 20 0.7891 -0.071 0 0 30.548 63.889 65.662
1 142 11 0.8192 0.2327 0 0 28.261 63.120 62.738
1 143 7 0.7710 -0.740 0 0 24.702 64.357 62.293
1 144 18 0.8012 0.9476 0 0 22.434 62.092 60.312
1 145 17 0.6566 -0.996 0 0 18.900 61.459 59.123
1 146 0 0.7108 0.4650 0 0 17.719 57.876 58.731
1 147 13 0.3855 -0.772 0 0 14.875 59.376 56.716
1 148 18 0.2831 -0.220 0 0 16.924 61.078 54.003
1 149 1 0.4759 -0.217 0 0 20.173 58.985 54.253
1 150 6 0.4638 -0.387 0 0 21.963 62.232 55.064
1 151 9 0.6746 0.0000 0 0 25.215 61.240 56.749
1 152 22 0.8132 -0.066 0 0 24.218 57.607 57.259
1 153 7 0.7168 -0.927 0 0 27.138 56.023 55.406
1 154 3 0.7289 -0.334 0 0 29.451 58.670 56.826
1 155 0 0.9156 0.7019 0 0 28.678 57.538 60.382
1 156 15 0.9216 0.4978 0 0 28.937 53.769 59.863
1 157 20 0.7530 -0.355 0 0 31.943 53.898 57.564
1 158 18 0.7650 0.1147 0 0 33.779 56.415 59.715
1 159 12 0.8734 0.7784 0 0 33.426 53.916 62.565
1 160 22 0.7048 -0.324 0 0 34.879 51.216 60.319
1 161 1 0.4819 -0.068 0 0 37.933 53.362 59.601
1 162 7 0.5722 0.6531 0 0 38.422 53.932 63.327
1 163 11 0.5301 0.6344 0 0 38.382 50.196 64.032
1 164 1 0.2590 -0.145 0 0 40.883 49.675 61.210
1 165 6 0.1265 0.0960 0 0 43.263 52.416 62.398
1 166 10 0.1746 0.2643 0 0 43.000 51.384 66.066
