1 1 14 0.0240 0.3925 0 0 50.355 12.438 38.443
1 2 18 0.1325 0.1427 0 0 47.265 12.035 36.276
1 3 7 0.3614 0.1138 0 0 43.932 13.660 37.101
1 4 20 0.6084 -0.264 0 0 40.598 12.355 35.875
1 5 13 0.7228 -0.829 0 0 37.669 14.755 35.580
1 6 12 0.9156 0.0713 0 0 34.640 12.586 36.277
1 7 22 0.9578 -0.755 0 0 31.115 13.952 35.878
1 8 22 0.9879 0.4926 0 0 27.957 12.602 37.520
1 9 22 0.9638 -0.284 0 0 24.816 13.250 35.457
1 10 9 0.8975 0.0000 0 0 21.214 12.112 35.888
1 11 0 0.7108 -0.609 0 0 17.797 13.435 36.950
1 12 9 0.6265 0.0000 0 0 17.457 15.187 40.289
1 13 9 0.5903 0.0000 0 0 16.732 13.096 43.342
1 14 22 0.8072 0.5867 0 0 18.625 10.001 42.162
1 15 9 0.8313 0.0000 0 0 21.289 10.632 44.795
1 16 13 0.9457 0.0608 0 0 24.170 12.022 42.704
1 17 17 0.8614 -0.893 0 0 25.580 14.209 45.483
1 18 0 0.8132 -0.296 0 0 25.315 11.338 47.959
1 19 12 0.9216 0.7041 0 0 27.535 9.230 45.666
1 20 18 0.9096 0.1673 0 0 30.077 12.013 45.240
1 21 11 0.7168 -0.535 0 0 30.090 12.648 48.994
1 22 6 0.6927 -0.349 0 0 30.400 8.929 49.781
1 23 12 0.7831 0.6076 0 0 33.507 8.791 47.603
1 24 11 0.6204 0.3778 0 0 35.281 12.019 48.573
1 25 6 0.4216 0.0102 0 0 34.407 12.814 52.200
1 26 2 0.1626 -0.943 0 0 35.618 11.195 55.402
1 27 10 0.1506 0.7677 0 0 32.841 8.908 56.644
1 28 15 0.0180 0.1500 0 0 34.493 9.007 60.036
1 29 22 0.0120 0.1651 0 0 33.881 12.627 61.069
1 30 3 0.0 -0.908 0 0 30.836 14.163 62.807
1 31 7 0.0060 -0.918 0 0 30.722 17.229 60.557
1 32 20 0.0843 0.9593 0 0 31.025 17.792 56.816
1 33 3 0.0602 -0.786 0 0 31.293 21.261 55.320
1 34 16 0.2168 0.0038 0 0 30.957 21.268 51.497
1 35 18 0.0662 -0.642 0 0 31.799 24.975 51.540
1 36 11 0.0421 -0.653 0 0 35.454 24.073 52.111
1 37 7 0.0722 -0.434 0 0 38.135 23.697 49.434
1 38 3 0.2048 -0.452 0 0 38.951 20.545 47.458
1 39 17 0.3975 -0.107 0 0 35.835 18.767 48.661
1 40 20 0.5843 -0.505 0 0 35.941 17.443 45.083
1 41 1 0.4819 -0.384 0 0 39.474 16.032 44.781
1 42 13 0.4397 0.1757 0 0 40.651 12.657 46.121
1 43 6 0.2710 -0.971 0 0 43.912 10.803 45.619
1 44 22 0.3313 0.9859 0 0 43.393 7.086 45.085
1 45 22 0.1867 -0.968 0 0 45.238 4.037 43.807
1 46 11 0.3132 0.9704 0 0 43.485 2.111 41.055
1 47 3 0.1144 0.5543 0 0 45.014 -1.115 39.774
1 48 9 0.0301 0.0000 0 0 48.296 -0.010 41.297
1 49 7 0.0542 0.2742 0 0 48.526 3.275 39.380
1 50 18 0.0903 -0.574 0 0 48.071 6.344 41.623
1 51 5 0.2530 0.8223 0 0 45.823 9.056 40.238
1 52 12 0.3915 -0.412 0 0 43.797 12.058 41.363
1 53 12 0.6385 0.5249 0 0 40.001 12.056 41.082
1 54 3 0.6506 -0.468 0 0 38.339 15.403 40.397
1 55 11 0.8674 0.6031 0 0 34.590 14.944 40.701
1 56 12 0.8433 -0.365 0 0 32.300 17.413 38.953
1 57 3 0.8855 0.0738 0 0 29.054 17.214 40.937
1 58 18 0.7590 -0.040 0 0 26.283 19.749 40.198
1 59 0 0.7650 0.3059 0 0 23.528 18.157 42.247
1 60 9 0.4939 0.0000 0 0 20.768 20.633 43.029
1 61 6 0.4337 0.0550 0 0 21.368 22.568 39.800
1 62 7 0.5120 0.5670 0 0 19.286 20.236 37.618
1 63 7 0.2228 -0.480 0 0 16.894 23.098 36.737
1 64 20 0.1927 -0.352 0 0 19.673 25.113 35.017
1 65 17 0.2590 -0.612 0 0 19.255 22.885 31.963
1 66 0 0.1084 -0.988 0 0 20.937 25.259 29.548
1 67 14 0.2289 -0.220 0 0 24.143 25.265 31.597
1 68 1 0.4638 0.4113 0 0 24.377 21.524 31.073
1 69 3 0.3795 -0.654 0 0 26.572 21.453 27.941
1 70 6 0.3072 -0.495 0 0 29.199 23.666 29.548
1 71 20 0.5542 -0.083 0 0 29.396 21.514 32.695
1 72 14 0.6566 0.2894 0 0 29.748 18.305 30.714
1 73 1 0.4518 -0.927 0 0 32.361 19.276 28.121
1 74 18 0.4879 -0.257 0 0 35.309 19.150 30.559
1 75 9 0.7469 0.0000 0 0 34.422 15.719 31.865
1 76 7 0.6686 -0.519 0 0 36.560 12.829 30.622
1 77 9 0.8734 0.0000 0 0 34.178 10.190 31.895
1 78 15 0.9698 -0.727 0 0 30.558 10.141 32.929
1 79 12 0.9939 0.7090 0 0 28.535 8.395 35.612
1 80 5 0.9819 -0.748 0 0 24.949 8.222 34.313
1 81 22 0.9759 0.5135 0 0 22.991 7.725 37.547
1 82 15 0.8554 -0.349 0 0 19.306 6.886 38.060
1 83 0 0.6746 -0.488 0 0 17.174 5.616 40.953
1 84 11 0.5 0.0010 0 0 16.023 2.003 41.042
1 85 2 0.2951 0.1786 0 0 12.661 3.085 42.457
1 86 2 0.3554 0.3359 0 0 12.210 5.853 39.860
1 87 18 0.2650 -0.870 0 0 11.299 4.601 36.379
1 88 13 0.2831 -0.356 0 0 11.336 8.158 35.001
1 89 17 0.5722 0.3993 0 0 14.969 8.795 35.934
1 90 15 0.5662 -0.244 0 0 15.735 5.505 34.197
1 91 7 0.3734 -0.868 0 0 13.932 6.462 31.004
1 92 3 0.5060 -0.142 0 0 15.822 9.759 31.175
1 93 11 0.6867 0.6457 0 0 19.194 8.008 30.766
1 94 10 0.4759 -0.924 0 0 18.884 7.690 26.991
1 95 6 0.4277 -0.826 0 0 18.795 11.446 26.484
1 96 20 0.6807 0.4192 0 0 21.567 12.087 29.009
1 97 1 0.6445 -0.197 0 0 23.783 9.763 26.993
1 98 7 0.4096 -0.623 0 0 22.841 11.554 23.776
1 99 6 0.4457 0.1875 0 0 23.598 14.944 25.299
1 100 11 0.6144 0.9696 0 0 27.032 13.741 26.401
1 101 13 0.4156 -0.225 0 0 27.726 12.269 22.962
1 102 1 0.1987 -0.503 0 0 26.879 15.611 21.410
1 103 22 0.3012 0.7832 0 0 28.867 17.953 23.656
1 104 13 0.3373 0.7474 0 0 31.947 15.702 23.573
1 105 3 0.1024 -0.958 0 0 31.460 15.442 19.815
1 106 17 0.1385 0.4353 0 0 32.259 11.767 19.804
1 107 3 0.1566 -0.514 0 0 30.538 8.432 19.638
1 108 3 0.2891 -0.326 0 0 32.990 6.692 21.951
1 109 22 0.5481 0.2732 0 0 32.647 8.526 25.287
1 110 16 0.6987 -0.500 0 0 33.813 6.658 28.438
1 111 14 0.8795 -0.242 0 0 30.803 6.120 30.675
1 112 22 0.9277 0.2412 0 0 29.113 3.865 33.223
1 113 12 0.9036 -0.731 0 0 25.411 3.303 33.953
1 114 22 0.9518 0.7892 0 0 24.704 3.495 37.682
1 115 9 0.8373 0.0000 0 0 21.543 2.300 39.392
1 116 2 0.8253 0.2986 0 0 21.392 3.824 42.858
1 117 13 0.5783 -0.880 0 0 19.204 2.731 45.777
1 118 5 0.5180 0.3909 0 0 18.189 5.892 47.664
1 119 3 0.2409 -0.285 0 0 15.767 4.658 50.301
1 120 12 0.0783 -0.275 0 0 13.802 1.558 51.242
1 121 0 0.0481 0.4237 0 0 10.944 2.191 48.755
1 122 0 0.0361 -0.814 0 0 9.786 -0.373 46.188
1 123 1 0.1265 0.4815 0 0 12.324 -0.974 43.433
1 124 18 0.0963 0.1295 0 0 10.614 -0.419 40.064
1 125 22 0.2349 0.8254 0 0 13.532 -1.034 37.734
1 126 7 0.1445 -0.851 0 0 14.951 -4.542 37.833
1 127 17 0.3192 -0.340 0 0 18.679 -4.882 37.276
1 128 1 0.1204 -0.731 0 0 18.032 -7.044 34.214
1 129 6 0.1807 -0.185 0 0 16.415 -4.010 32.541
1 130 0 0.4578 0.6440 0 0 19.498 -1.977 33.340
1 131 6 0.3674 -0.096 0 0 21.955 -4.721 32.351
1 132 3 0.1746 -0.822 0 0 20.266 -4.875 28.940
1 133 12 0.3855 0.5381 0 0 20.216 -1.087 28.530
1 134 0 0.5240 0.4302 0 0 23.846 -0.933 29.613
1 135 1 0.2771 -0.668 0 0 24.709 -3.664 27.127
1 136 17 0.1686 0.1766 0 0 22.966 -1.961 24.240
1 137 20 0.4036 0.4325 0 0 25.138 1.091 24.915
1 138 9 0.3433 0.0000 0 0 28.210 -1.088 25.238
1 139 11 0.5963 0.6719 0 0 28.936 0.073 28.772
1 140 16 0.6626 0.2482 0 0 29.358 -1.234 32.344
1 141 20 0.7349 -0.092 0 0 26.433 -1.439 34.732
1 142 11 0.8192 0.4135 0 0 26.911 -0.928 38.476
1 143 7 0.7530 -0.758 0 0 24.298 -0.842 41.226
1 144 18 0.8012 0.9790 0 0 24.921 1.206 44.323
1 145 17 0.6325 -0.999 0 0 23.643 2.174 47.747
1 146 0 0.7289 0.6714 0 0 25.552 5.339 48.661
1 147 13 0.4698 -0.678 0 0 23.494 5.049 51.860
1 148 18 0.3493 -0.202 0 0 25.485 1.949 52.920
1 149 1 0.5301 -0.444 0 0 28.540 2.849 50.848
1 150 6 0.5361 -0.797 0 0 28.101 -0.258 48.701
1 151 9 0.7048 0.0000 0 0 29.415 -0.233 45.158
1 152 22 0.8493 0.0005 0 0 30.449 3.411 45.264
1 153 7 0.7771 -0.899 0 0 34.208 2.987 44.789
1 154 3 0.7710 -0.386 0 0 33.397 0.288 42.270
1 155 0 0.9337 0.6798 0 0 31.304 2.685 40.130
1 156 15 0.9397 0.6044 0 0 33.936 5.415 39.994
1 157 20 0.7891 -0.434 0 0 36.925 3.075 39.684
1 158 18 0.7951 0.0472 0 0 35.161 1.297 36.834
1 159 12 0.8915 0.7526 0 0 34.702 4.625 35.084
1 160 22 0.7409 -0.229 0 0 38.391 5.420 35.509
1 161 1 0.5421 -0.032 0 0 39.318 2.054 34.023
1 162 7 0.6024 0.3600 0 0 37.096 2.880 31.057
1 163 11 0.5602 0.6332 0 0 39.065 6.070 30.532
1 164 1 0.3253 0.0962 0 0 42.436 4.335 30.809
1 165 6 0.2108 -0.115 0 0 41.401 1.795 28.197
1 166 10 0.2469 0.2069 0 0 39.897 4.306 25.787
