1 1 14 0.0060 0.1759 0 0 40.459 58.232 45.722
1 2 18 0.0421 0.2338 0 0 38.814 58.308 42.261
1 3 7 0.1867 -0.130 0 0 39.531 61.180 39.876
1 4 20 0.5 -0.212 0 0 36.743 62.770 37.776
1 5 13 0.6506 -0.838 0 0 37.568 65.022 34.835
1 6 12 0.8975 0.1154 0 0 34.635 67.460 34.440
1 7 22 0.9397 -0.636 0 0 34.451 70.047 31.629
1 8 22 0.9819 0.3291 0 0 32.334 73.223 31.690
1 9 22 0.9698 -0.209 0 0 31.106 74.406 28.260
1 10 9 0.9277 0.0000 0 0 28.660 76.987 26.888
1 11 0 0.7891 -0.581 0 0 28.409 80.457 25.308
1 12 9 0.6686 0.0000 0 0 30.503 83.281 26.717
1 13 9 0.6024 0.0000 0 0 29.238 85.318 29.637
1 14 22 0.8192 0.6561 0 0 26.800 82.616 30.820
1 15 9 0.8614 0.0000 0 0 28.598 81.986 34.135
1 16 13 0.9518 0.0891 0 0 30.836 78.958 33.547
1 17 17 0.8433 -0.593 0 0 33.821 80.450 35.389
1 18 0 0.7710 -0.174 0 0 31.648 82.167 37.993
1 19 12 0.9036 0.7204 0 0 30.093 78.778 38.739
1 20 18 0.8795 0.2982 0 0 33.421 76.951 39.089
1 21 11 0.6325 -0.438 0 0 35.019 79.673 41.214
1 22 6 0.5963 -0.344 0 0 31.938 79.678 43.459
1 23 12 0.6867 0.5462 0 0 32.174 75.910 43.791
1 24 11 0.5120 0.2371 0 0 35.913 76.113 44.374
1 25 6 0.2530 -0.109 0 0 36.397 79.039 46.791
1 26 2 0.2650 -0.254 0 0 32.856 80.088 47.729
1 27 10 0.1987 -0.452 0 0 33.530 83.478 46.168
1 28 15 0.3192 0.2095 0 0 31.516 85.307 43.513
1 29 22 0.2831 0.3618 0 0 33.516 86.900 40.724
1 30 3 0.0963 -0.703 0 0 31.556 90.003 39.694
1 31 7 0.0602 -0.152 0 0 33.747 91.375 36.893
1 32 20 0.2228 0.4449 0 0 33.974 89.587 33.571
1 33 3 0.1746 -0.570 0 0 37.400 88.353 32.368
1 34 16 0.3373 -0.811 0 0 37.145 86.114 29.252
1 35 18 0.4759 0.8299 0 0 38.486 82.630 29.816
1 36 11 0.3614 -0.996 0 0 40.876 80.959 27.389
1 37 7 0.4638 -0.601 0 0 41.468 77.759 29.369
1 38 3 0.4698 -0.224 0 0 42.083 77.212 33.079
1 39 17 0.5240 -0.439 0 0 42.085 74.154 35.316
1 40 20 0.5301 0.3274 0 0 40.820 73.636 38.892
1 41 1 0.3915 -0.538 0 0 41.082 70.828 41.434
1 42 13 0.3674 0.3841 0 0 38.824 69.862 44.345
1 43 6 0.1084 -0.994 0 0 38.838 67.044 46.890
1 44 22 0.1626 0.8789 0 0 35.262 66.559 48.020
1 45 22 0.0542 -0.983 0 0 33.218 63.695 49.499
1 46 11 0.1686 0.9755 0 0 30.139 62.925 47.428
1 47 3 0.0361 0.6274 0 0 27.675 60.385 48.823
1 48 9 0.0 0.0000 0 0 30.322 59.288 51.310
1 49 7 0.0120 -0.062 0 0 32.996 58.670 48.645
1 50 18 0.0301 -0.641 0 0 36.130 60.864 48.392
1 51 5 0.1385 0.6541 0 0 36.738 62.249 44.924
1 52 12 0.2349 -0.512 0 0 39.191 64.592 43.331
1 53 12 0.5481 0.4746 0 0 37.582 66.874 40.749
1 54 3 0.5903 -0.872 0 0 39.559 68.239 37.796
1 55 11 0.8373 0.4808 0 0 37.394 70.981 36.419
1 56 12 0.8132 -0.462 0 0 38.438 72.359 33.049
1 57 3 0.8855 -0.051 0 0 36.766 75.755 32.597
1 58 18 0.8313 0.4565 0 0 36.731 76.607 28.874
1 59 9 0.6807 0.0000 0 0 36.278 79.749 26.775
1 60 9 0.7349 0.0000 0 0 32.827 80.133 25.269
1 61 6 0.5180 -0.098 0 0 31.360 81.015 21.868
1 62 7 0.2951 0.2809 0 0 34.640 82.751 21.009
1 63 7 0.1325 -0.634 0 0 34.286 80.921 17.661
1 64 20 0.1265 -0.257 0 0 37.471 78.871 18.274
1 65 17 0.1927 -0.752 0 0 35.906 75.559 17.205
1 66 0 0.0481 -0.788 0 0 39.404 74.170 16.538
1 67 14 0.2168 -0.208 0 0 40.351 74.257 20.207
1 68 1 0.5060 0.2773 0 0 36.994 73.396 21.808
1 69 3 0.3493 -0.573 0 0 37.406 69.921 20.289
1 70 6 0.3072 -0.671 0 0 40.631 69.509 22.291
1 71 20 0.5843 0.0686 0 0 38.907 70.191 25.619
1 72 14 0.6385 0.3975 0 0 36.194 67.612 25.011
1 73 1 0.3734 -0.599 0 0 38.529 64.754 24.164
1 74 18 0.4216 -0.003 0 0 39.721 64.538 27.774
1 75 9 0.7108 0.0000 0 0 36.516 65.307 29.692
1 76 7 0.6566 -0.603 0 0 34.453 62.505 31.248
1 77 9 0.8674 0.0000 0 0 31.399 64.596 32.009
1 78 15 0.9638 -0.704 0 0 30.204 67.973 30.815
1 79 12 0.9939 0.4546 0 0 28.388 70.845 32.445
1 80 5 0.9879 -0.751 0 0 26.570 72.563 29.535
1 81 22 0.9759 0.4448 0 0 25.672 76.079 30.681
1 82 15 0.8915 -0.247 0 0 23.434 78.853 29.370
1 83 0 0.7469 -0.459 0 0 22.000 81.901 31.150
1 84 11 0.5361 -0.114 0 0 18.242 81.958 31.737
1 85 2 0.3313 0.1047 0 0 18.389 85.637 30.729
1 86 2 0.3554 0.2868 0 0 19.998 85.069 27.329
1 87 18 0.2771 -0.875 0 0 17.968 83.113 24.769
1 88 13 0.3253 -0.189 0 0 20.846 82.927 22.284
1 89 17 0.6144 0.3516 0 0 22.888 81.040 24.877
1 90 15 0.6204 -0.222 0 0 20.049 78.519 25.263
1 91 7 0.4096 -0.814 0 0 19.842 78.123 21.514
1 92 3 0.5602 -0.166 0 0 23.582 77.318 21.351
1 93 11 0.7831 0.6407 0 0 23.307 74.330 23.730
1 94 10 0.5542 -0.804 0 0 22.419 71.807 21.028
1 95 6 0.4819 -0.356 0 0 25.569 72.815 19.136
1 96 20 0.7771 0.4755 0 0 27.691 71.881 22.161
1 97 1 0.7289 -0.474 0 0 25.768 68.689 22.869
1 98 7 0.4277 -0.483 0 0 26.182 67.705 19.185
1 99 6 0.4457 0.3090 0 0 29.912 68.494 19.216
1 100 11 0.6265 0.9543 0 0 30.600 66.511 22.419
1 101 13 0.3975 -0.507 0 0 28.659 63.633 20.914
1 102 1 0.1506 -0.101 0 0 30.714 63.994 17.759
1 103 22 0.2409 0.6012 0 0 34.137 64.262 19.423
1 104 13 0.2710 0.7270 0 0 33.689 61.480 21.948
1 105 3 0.0662 -0.997 0 0 31.585 59.461 19.487
1 106 17 0.1024 0.4380 0 0 28.876 58.339 21.940
1 107 3 0.1445 -0.439 0 0 25.168 59.051 22.367
1 108 3 0.3433 -0.670 0 0 25.226 58.934 26.170
1 109 22 0.5722 0.2813 0 0 28.100 61.116 27.322
1 110 16 0.7409 -0.582 0 0 27.522 62.054 30.970
1 111 14 0.9096 -0.109 0 0 26.359 65.646 31.209
1 112 22 0.9457 0.0877 0 0 24.064 68.123 32.902
1 113 12 0.9337 -0.662 0 0 22.087 71.089 31.559
1 114 22 0.9578 0.6606 0 0 22.586 74.162 33.714
1 115 9 0.8554 0.0000 0 0 20.446 77.288 33.519
1 116 2 0.8493 0.2521 0 0 22.660 79.709 35.395
1 117 13 0.6084 0.0808 0 0 21.847 83.236 36.660
1 118 5 0.4397 0.4153 0 0 18.531 82.263 38.228
1 119 3 0.2289 0.3124 0 0 18.938 85.011 40.817
1 120 12 0.0903 0.3610 0 0 18.001 87.518 38.112
1 121 0 0.0240 -0.956 0 0 14.347 88.405 37.478
1 122 0 0.0180 -0.131 0 0 14.545 89.239 33.736
1 123 1 0.0783 0.4604 0 0 14.226 85.547 32.724
1 124 18 0.0722 0.1512 0 0 13.884 85.000 28.970
1 125 22 0.2469 0.8750 0 0 14.065 81.191 28.891
1 126 7 0.1144 -0.903 0 0 11.378 79.183 30.664
1 127 17 0.3132 -0.128 0 0 12.292 76.223 32.887
1 128 1 0.0843 -0.762 0 0 9.828 74.055 30.982
1 129 6 0.1566 -0.045 0 0 11.568 74.693 27.673
1 130 0 0.4879 0.6305 0 0 14.962 73.811 29.140
1 131 6 0.4036 -0.178 0 0 13.508 70.863 31.036
1 132 3 0.2048 -0.826 0 0 12.147 69.456 27.764
1 133 12 0.4156 0.5499 0 0 15.453 69.855 25.925
1 134 0 0.5783 0.3079 0 0 17.040 68.095 28.886
1 135 1 0.3012 -0.700 0 0 14.588 65.209 28.659
1 136 17 0.2108 0.3200 0 0 15.233 65.011 24.920
1 137 20 0.4337 0.4885 0 0 18.910 64.259 25.657
1 138 9 0.3795 0.0000 0 0 18.019 62.165 28.699
1 139 11 0.6445 0.7385 0 0 20.084 64.297 31.079
1 140 16 0.7048 0.3018 0 0 19.131 66.313 34.172
1 141 20 0.7951 -0.082 0 0 18.468 70.051 34.269
1 142 11 0.8072 0.2953 0 0 19.517 72.217 37.214
1 143 7 0.7590 -0.745 0 0 18.968 75.935 37.647
1 144 18 0.8012 0.9626 0 0 21.964 77.559 39.309
1 145 17 0.6626 -0.994 0 0 23.174 80.889 40.617
1 146 0 0.6927 0.4960 0 0 26.893 81.405 40.982
1 147 13 0.3855 -0.775 0 0 25.967 84.693 42.717
1 148 18 0.2590 -0.065 0 0 23.856 83.378 45.597
1 149 1 0.4518 -0.051 0 0 25.408 79.886 45.369
1 150 6 0.4578 -0.258 0 0 22.022 78.302 44.700
1 151 9 0.6746 0.0000 0 0 22.263 74.886 43.088
1 152 22 0.8253 -0.062 0 0 25.963 75.066 42.320
1 153 7 0.7168 -0.935 0 0 26.991 72.062 44.405
1 154 3 0.7228 -0.308 0 0 24.025 70.168 43.002
1 155 0 0.9156 0.6396 0 0 25.028 70.960 39.420
1 156 15 0.9216 0.4771 0 0 28.604 69.668 39.737
1 157 20 0.7530 -0.391 0 0 27.989 66.766 42.131
1 158 18 0.7650 0.1397 0 0 25.054 65.516 40.045
1 159 12 0.8734 0.7801 0 0 27.413 65.333 37.087
1 160 22 0.6987 -0.305 0 0 29.850 63.354 39.270
1 161 1 0.4939 -0.129 0 0 26.962 61.011 40.049
1 162 7 0.5662 0.5330 0 0 26.333 60.397 36.374
1 163 11 0.5421 0.6243 0 0 29.956 59.768 35.440
1 164 1 0.2891 -0.141 0 0 29.952 57.459 38.441
1 165 6 0.1204 0.1167 0 0 27.006 55.316 37.277
1 166 10 0.1807 0.2852 0 0 27.820 55.352 33.562
