1 1 14 0.0240 0.3779 0 0 65.276 40.783 61.060
1 2 18 0.1325 0.2390 0 0 66.348 43.622 63.317
1 3 7 0.3373 -0.026 0 0 65.137 47.091 62.472
1 4 20 0.5963 -0.203 0 0 67.074 50.131 63.614
1 5 13 0.7048 -0.798 0 0 65.373 53.474 63.969
1 6 12 0.9036 0.2116 0 0 67.899 56.146 63.100
1 7 22 0.9578 -0.725 0 0 67.156 59.849 63.543
1 8 22 0.9879 0.5263 0 0 69.217 62.594 61.885
1 9 22 0.9638 -0.300 0 0 69.307 65.849 63.921
1 10 9 0.8975 0.0000 0 0 71.208 69.121 63.397
1 11 0 0.7228 -0.622 0 0 70.806 72.732 62.338
1 12 9 0.6325 0.0000 0 0 69.210 73.435 58.976
1 13 9 0.5783 0.0000 0 0 71.478 74.046 55.975
1 14 22 0.7891 0.5508 0 0 74.036 71.383 56.942
1 15 9 0.8313 0.0000 0 0 72.933 68.778 54.399
1 16 13 0.9518 0.0655 0 0 71.126 66.385 56.768
1 17 17 0.8554 -0.663 0 0 68.829 65.687 53.793
1 18 0 0.8132 -0.343 0 0 71.665 64.941 51.367
1 19 12 0.9277 0.7384 0 0 72.944 62.328 53.850
1 20 18 0.9096 0.1764 0 0 69.721 60.359 54.149
1 21 11 0.7289 -0.478 0 0 69.192 60.630 50.397
1 22 6 0.6927 -0.455 0 0 72.747 59.631 49.547
1 23 12 0.7831 0.5973 0 0 72.314 56.535 51.688
1 24 11 0.6204 0.2770 0 0 68.863 55.313 50.647
1 25 6 0.4216 -0.013 0 0 68.519 56.406 47.044
1 26 2 0.1566 -0.948 0 0 69.496 54.415 43.992
1 27 10 0.1385 0.8899 0 0 72.426 56.331 42.502
1 28 15 0.0180 0.1984 0 0 71.901 55.185 38.968
1 29 22 0.0060 0.1575 0 0 68.372 56.369 38.296
1 30 3 0.0 -0.940 0 0 67.484 59.719 36.728
1 31 7 0.0120 -0.862 0 0 64.612 60.550 39.072
1 32 20 0.0903 0.9748 0 0 64.318 60.364 42.890
1 33 3 0.0722 -0.721 0 0 60.984 60.655 44.708
1 34 16 0.2650 -0.130 0 0 60.752 61.266 48.469
1 35 18 0.0843 -0.769 0 0 56.943 61.139 48.748
1 36 11 0.0481 -0.520 0 0 57.170 57.504 47.614
1 37 7 0.0542 -0.465 0 0 56.298 54.778 50.096
1 38 3 0.2048 -0.629 0 0 59.268 53.539 52.084
1 39 17 0.3614 0.0027 0 0 61.912 55.673 50.377
1 40 20 0.5903 -0.538 0 0 63.161 56.167 53.930
1 41 1 0.4939 -0.415 0 0 63.758 52.444 54.532
1 42 13 0.4457 0.1708 0 0 66.645 50.342 53.324
1 43 6 0.2951 -0.959 0 0 67.870 46.838 53.987
1 44 22 0.3433 0.9886 0 0 71.608 46.571 54.482
1 45 22 0.1807 -0.945 0 0 74.245 44.058 55.615
1 46 11 0.3192 0.9521 0 0 76.522 45.366 58.369
1 47 3 0.1144 0.5694 0 0 79.446 43.180 59.439
1 48 9 0.0301 0.0000 0 0 77.714 40.225 57.805
1 49 7 0.0602 0.1884 0 0 74.478 40.830 59.719
1 50 18 0.0783 -0.558 0 0 71.398 41.845 57.696
1 51 5 0.2409 0.7793 0 0 69.031 44.447 59.127
1 52 12 0.3975 -0.313 0 0 66.521 47.164 58.251
1 53 12 0.6385 0.5129 0 0 67.434 50.861 58.498
1 54 3 0.6506 -0.539 0 0 64.408 53.115 59.157
1 55 11 0.8674 0.6099 0 0 65.607 56.714 58.817
1 56 12 0.8433 -0.462 0 0 63.870 59.793 60.158
1 57 3 0.8915 0.1812 0 0 64.998 62.986 58.446
1 58 18 0.7469 -0.089 0 0 62.852 66.026 59.133
1 59 9 0.7349 0.0000 0 0 64.837 68.413 57.003
1 60 9 0.4638 0.0000 0 0 63.045 71.694 56.413
1 61 6 0.4277 0.0830 0 0 61.010 71.461 59.588
1 62 7 0.4819 0.6565 0 0 63.685 72.999 61.815
1 63 7 0.1987 -0.759 0 0 61.495 76.006 62.580
1 64 20 0.1686 -0.343 0 0 58.924 73.695 64.225
1 65 17 0.2168 -0.698 0 0 61.052 73.599 67.437
1 66 0 0.0963 -0.947 0 0 58.266 72.361 69.702
1 67 14 0.2289 -0.191 0 0 58.059 69.023 67.770
1 68 1 0.4578 0.2791 0 0 61.688 68.162 68.396
1 69 3 0.3734 -0.625 0 0 61.102 66.015 71.463
1 70 6 0.3132 -0.559 0 0 58.468 63.929 69.682
1 71 20 0.5602 -0.080 0 0 60.583 63.212 66.616
1 72 14 0.6626 0.2936 0 0 63.689 62.424 68.694
1 73 1 0.4518 -0.933 0 0 61.990 59.981 71.044
1 74 18 0.5 0.1882 0 0 61.055 57.674 68.161
1 75 9 0.6987 0.0000 0 0 64.756 56.958 67.792
1 76 7 0.6566 -0.443 0 0 67.213 54.300 68.871
1 77 9 0.8734 0.0000 0 0 70.236 56.077 67.470
1 78 15 0.9698 -0.769 0 0 71.093 59.596 66.452
1 79 12 0.9939 0.7559 0 0 73.192 61.259 63.804
1 80 5 0.9819 -0.757 0 0 74.190 64.742 64.986
1 81 22 0.9759 0.5743 0 0 75.209 66.623 61.872
1 82 15 0.8493 -0.339 0 0 76.887 69.984 61.335
1 83 0 0.6867 -0.507 0 0 78.433 71.577 58.240
1 84 11 0.5120 -0.036 0 0 82.223 71.959 58.364
1 85 2 0.3012 0.1610 0 0 81.943 75.473 56.862
1 86 2 0.3674 0.2408 0 0 79.387 76.638 59.382
1 87 18 0.2590 -0.874 0 0 80.726 77.291 62.867
1 88 13 0.2771 -0.276 0 0 77.332 78.128 64.387
1 89 17 0.5542 0.4847 0 0 75.917 74.742 63.406
1 90 15 0.5662 -0.245 0 0 78.946 73.146 65.019
1 91 7 0.3915 -0.843 0 0 78.357 74.977 68.282
1 92 3 0.5060 -0.162 0 0 74.709 73.933 68.213
1 93 11 0.6807 0.6422 0 0 75.812 70.302 68.409
1 94 10 0.4879 -0.904 0 0 75.982 70.446 72.206
1 95 6 0.4337 -0.841 0 0 72.369 71.479 72.751
1 96 20 0.6686 0.4189 0 0 71.146 68.755 70.403
1 97 1 0.6445 -0.206 0 0 73.071 66.181 72.388
1 98 7 0.4096 -0.591 0 0 71.546 67.496 75.613
1 99 6 0.4397 0.1818 0 0 68.078 67.527 74.096
1 100 11 0.6144 0.9598 0 0 68.461 63.919 72.915
1 101 13 0.4156 -0.159 0 0 69.748 62.823 76.318
1 102 1 0.2108 -0.556 0 0 66.725 64.471 77.881
1 103 22 0.2710 0.7519 0 0 63.854 62.968 75.901
1 104 13 0.3253 0.7290 0 0 65.570 59.547 75.928
1 105 3 0.1024 -0.971 0 0 66.190 60.006 79.649
1 106 17 0.1445 0.4557 0 0 69.652 58.505 79.542
1 107 3 0.1626 -0.779 0 0 73.236 59.682 79.628
1 108 3 0.3072 -0.231 0 0 74.218 56.897 77.292
1 109 22 0.5481 0.2889 0 0 72.377 57.209 73.989
1 110 16 0.7168 -0.511 0 0 73.854 55.781 70.771
1 111 14 0.8855 -0.264 0 0 74.983 58.668 68.564
1 112 22 0.9337 0.1982 0 0 77.586 59.776 66.036
1 113 12 0.9156 -0.703 0 0 79.000 63.211 65.312
1 114 22 0.9457 0.7928 0 0 79.065 63.905 61.556
1 115 9 0.8373 0.0000 0 0 80.947 66.797 59.999
1 116 2 0.8253 0.3624 0 0 79.475 67.379 56.554
1 117 13 0.5843 -0.874 0 0 80.943 69.030 53.470
1 118 5 0.5301 0.4253 0 0 78.103 70.760 51.613
1 119 3 0.2349 -0.142 0 0 80.045 72.803 49.084
1 120 12 0.0662 -0.385 0 0 83.438 74.294 48.254
1 121 0 0.0421 0.4238 0 0 83.311 77.252 50.669
1 122 0 0.0361 -0.784 0 0 86.203 77.600 53.051
1 123 1 0.1204 0.5143 0 0 86.230 75.017 55.843
1 124 18 0.1084 0.0796 0 0 85.725 76.701 59.246
1 125 22 0.2530 0.8325 0 0 85.619 73.775 61.645
1 126 7 0.1506 -0.849 0 0 88.917 71.919 61.675
1 127 17 0.2831 -0.259 0 0 88.832 68.135 61.760
1 128 1 0.1265 -0.748 0 0 90.722 68.122 65.087
1 129 6 0.1927 -0.227 0 0 88.081 70.381 66.619
1 130 0 0.4698 0.7169 0 0 85.229 67.936 65.997
1 131 6 0.3795 -0.067 0 0 87.580 65.046 66.839
1 132 3 0.1867 -0.838 0 0 88.105 66.524 70.305
1 133 12 0.3855 0.5057 0 0 84.400 67.253 70.820
1 134 0 0.5361 0.4606 0 0 83.442 63.781 69.699
1 135 1 0.2891 -0.685 0 0 85.951 62.320 72.172
1 136 17 0.1746 0.2463 0 0 84.793 64.437 75.080
1 137 20 0.4036 0.4615 0 0 81.279 63.105 74.436
1 138 9 0.3554 0.0000 0 0 82.776 59.687 73.979
1 139 11 0.6084 0.6709 0 0 81.094 59.134 70.615
1 140 16 0.6746 0.2092 0 0 82.530 58.441 67.130
1 141 20 0.7710 -0.114 0 0 83.146 61.261 64.640
1 142 11 0.8192 0.4242 0 0 82.777 60.808 60.899
1 143 7 0.7590 -0.791 0 0 83.342 63.431 58.228
1 144 18 0.8072 0.9583 0 0 81.355 63.204 55.019
1 145 17 0.6265 -0.997 0 0 80.881 64.789 51.627
1 146 0 0.7530 0.6428 0 0 77.311 63.672 51.069
1 147 13 0.4759 0.0516 0 0 77.442 64.957 47.441
1 148 18 0.3493 -0.239 0 0 80.483 62.879 46.447
1 149 1 0.5240 -0.455 0 0 78.984 59.992 48.439
1 150 6 0.5180 -0.781 0 0 82.141 59.736 50.551
1 151 9 0.7108 0.0000 0 0 81.660 58.819 54.196
1 152 22 0.8614 -0.004 0 0 77.894 58.419 54.117
1 153 7 0.7771 -0.895 0 0 77.807 54.651 54.597
1 154 3 0.7650 -0.433 0 0 80.484 54.840 57.212
1 155 0 0.9216 0.6489 0 0 78.439 57.466 59.118
1 156 15 0.9397 0.5945 0 0 75.291 55.386 59.192
1 157 20 0.7951 -0.471 0 0 76.897 51.987 59.717
1 158 18 0.8012 0.1315 0 0 79.090 53.307 62.523
1 159 12 0.8795 0.7218 0 0 75.919 54.352 64.333
1 160 22 0.7409 -0.287 0 0 74.245 50.975 63.842
1 161 1 0.5421 -0.040 0 0 77.380 49.476 65.414
1 162 7 0.6024 0.3535 0 0 76.897 51.860 68.328
1 163 11 0.5722 0.5700 0 0 73.326 50.669 68.866
1 164 1 0.3313 0.1027 0 0 74.381 47.022 68.700
1 165 6 0.2228 -0.052 0 0 77.279 47.503 71.091
1 166 10 0.2469 0.1023 0 0 75.219 49.481 73.567
