1 1 14 0.0060 0.3064 0 0 -5.877 32.261 -6.746
1 2 18 0.0421 0.1406 0 0 -4.548 29.157 -5.018
1 3 7 0.2289 -0.338 0 0 -4.452 29.617 -1.259
1 4 20 0.5180 -0.247 0 0 -2.475 27.628 1.289
1 5 13 0.6746 -0.902 0 0 -3.633 27.620 4.913
1 6 12 0.8975 0.1191 0 0 -0.504 27.096 7.013
1 7 22 0.9518 -0.589 0 0 -0.346 26.811 10.804
1 8 22 0.9879 0.2953 0 0 2.780 27.172 12.920
1 9 22 0.9698 -0.246 0 0 2.614 25.164 16.166
1 10 9 0.9277 0.0000 0 0 4.986 24.270 18.993
1 11 0 0.7951 -0.542 0 0 5.983 25.095 22.591
1 12 9 0.6626 0.0000 0 0 6.120 28.723 23.687
1 13 9 0.6144 0.0000 0 0 9.326 30.642 23.039
1 14 22 0.8192 0.6205 0 0 10.689 28.353 20.318
1 15 9 0.8554 0.0000 0 0 10.480 31.104 17.706
1 16 13 0.9457 0.1239 0 0 7.186 30.556 15.892
1 17 17 0.8433 -0.614 0 0 6.545 34.283 15.542
1 18 0 0.7771 -0.270 0 0 10.132 35.120 14.686
1 19 12 0.9036 0.7069 0 0 10.060 32.630 11.836
1 20 18 0.8795 0.3280 0 0 6.790 33.978 10.498
1 21 11 0.6445 -0.485 0 0 7.928 37.620 10.787
1 22 6 0.6024 -0.333 0 0 11.209 36.833 8.993
1 23 12 0.6807 0.5783 0 0 9.152 35.418 6.123
1 24 11 0.5 0.3120 0 0 6.604 38.211 5.829
1 25 6 0.3012 -0.083 0 0 8.555 41.303 6.980
1 26 2 0.2891 -0.607 0 0 12.157 40.173 6.517
1 27 10 0.2048 -0.262 0 0 13.529 41.172 9.944
1 28 15 0.3192 0.1878 0 0 14.349 39.709 13.386
1 29 22 0.3072 0.6122 0 0 12.135 40.401 16.404
1 30 3 0.1325 -0.567 0 0 14.391 39.860 19.414
1 31 7 0.0843 -0.313 0 0 11.828 40.719 22.077
1 32 20 0.0963 -0.195 0 0 9.434 39.152 24.572
1 33 3 0.1927 -0.022 0 0 5.977 39.158 22.994
1 34 16 0.3554 -0.824 0 0 3.767 36.083 23.659
1 35 18 0.4939 0.8632 0 0 1.270 35.308 20.925
1 36 11 0.3674 -0.992 0 0 -2.463 34.733 21.461
1 37 7 0.4879 -0.190 0 0 -3.400 34.333 17.806
1 38 3 0.5301 -0.186 0 0 -1.934 36.185 14.818
1 39 17 0.5421 -0.503 0 0 -2.756 35.877 11.145
1 40 20 0.5240 0.3251 0 0 -0.624 36.844 8.154
1 41 1 0.3975 -0.494 0 0 -1.509 36.891 4.460
1 42 13 0.3253 0.0207 0 0 1.022 37.486 1.702
1 43 6 0.1024 -0.913 0 0 1.095 37.061 -2.069
1 44 22 0.1445 0.9905 0 0 4.067 35.066 -3.324
1 45 22 0.0542 -0.978 0 0 5.284 33.152 -6.342
1 46 11 0.1867 0.9688 0 0 6.429 29.640 -5.520
1 47 3 0.0361 0.6781 0 0 7.863 27.583 -8.365
1 48 9 0.0 0.0000 0 0 6.118 29.773 -10.923
1 49 7 0.0180 0.5519 0 0 2.761 29.400 -9.192
1 50 18 0.0240 -0.943 0 0 1.241 32.629 -7.919
1 51 5 0.1144 0.7114 0 0 -0.365 31.932 -4.571
1 52 12 0.2590 -0.313 0 0 -1.522 33.407 -1.301
1 53 12 0.5602 0.5044 0 0 0.001 32.111 1.901
1 54 3 0.5843 -0.422 0 0 -2.509 32.398 4.740
1 55 11 0.8253 0.4968 0 0 -0.494 31.865 7.891
1 56 12 0.8313 -0.477 0 0 -1.852 31.300 11.372
1 57 3 0.8734 -0.010 0 0 0.662 31.972 14.162
1 58 18 0.8373 0.5246 0 0 -0.453 30.149 17.307
1 59 0 0.6867 -0.959 0 0 0.158 30.508 21.042
1 60 9 0.7289 0.0000 0 0 2.550 28.019 22.616
1 61 6 0.4216 -0.410 0 0 0.960 28.484 26.044
1 62 7 0.2469 -0.553 0 0 -1.287 25.828 27.594
1 63 7 0.0602 -0.521 0 0 -4.427 27.830 28.433
1 64 20 0.2108 0.0137 0 0 -5.481 27.877 24.772
1 65 17 0.1746 -0.897 0 0 -6.322 24.186 24.998
1 66 0 0.0722 -0.837 0 0 -9.640 24.952 23.303
1 67 14 0.2409 0.2747 0 0 -8.994 27.240 20.340
1 68 1 0.4698 0.3998 0 0 -6.340 24.675 19.405
1 69 3 0.3493 -0.670 0 0 -8.744 22.254 17.715
1 70 6 0.2771 -0.615 0 0 -10.480 25.041 15.813
1 71 20 0.5542 0.6211 0 0 -7.343 26.100 13.954
1 72 14 0.6506 0.3300 0 0 -5.927 22.597 13.569
1 73 1 0.3855 -0.839 0 0 -9.226 21.636 11.950
1 74 18 0.4156 -0.263 0 0 -9.085 24.153 9.069
1 75 9 0.6987 0.0000 0 0 -5.326 24.181 8.460
1 76 7 0.6566 -0.576 0 0 -3.960 22.326 5.424
1 77 9 0.8674 0.0000 0 0 -0.329 22.261 6.509
1 78 15 0.9638 -0.734 0 0 1.557 22.544 9.781
1 79 12 0.9939 0.4364 0 0 5.034 23.674 10.715
1 80 5 0.9819 -0.742 0 0 5.887 21.868 13.915
1 81 22 0.9759 0.4413 0 0 8.638 23.922 15.499
1 82 15 0.8915 -0.342 0 0 10.881 23.179 18.467
1 83 0 0.7469 -0.455 0 0 14.135 24.811 19.589
1 84 11 0.5120 -0.142 0 0 17.450 22.965 19.223
1 85 2 0.3313 0.1053 0 0 18.477 24.242 22.661
1 86 2 0.3734 0.2921 0 0 15.324 23.108 24.426
1 87 18 0.2951 -0.899 0 0 14.835 19.365 24.961
1 88 13 0.3373 -0.346 0 0 11.357 19.867 26.430
1 89 17 0.6265 0.4037 0 0 10.117 21.609 23.233
1 90 15 0.6204 -0.299 0 0 11.466 18.697 21.201
1 91 7 0.4277 -0.900 0 0 9.622 16.122 23.338
1 92 3 0.5722 -0.277 0 0 6.400 18.091 23.162
1 93 11 0.7891 0.6519 0 0 6.465 17.656 19.398
1 94 10 0.5481 -0.901 0 0 4.811 14.227 19.619
1 95 6 0.4819 0.1058 0 0 1.923 15.705 21.562
1 96 20 0.7650 0.4230 0 0 1.209 18.362 18.916
1 97 1 0.7409 -0.047 0 0 1.341 15.841 16.056
1 98 7 0.4397 -0.678 0 0 -1.174 13.640 17.848
1 99 6 0.4518 0.0748 0 0 -3.643 16.461 18.442
1 100 11 0.6084 0.9618 0 0 -3.448 17.237 14.728
1 101 13 0.3915 0.0056 0 0 -4.157 13.599 13.792
1 102 1 0.1385 -0.176 0 0 -7.057 13.433 16.285
1 103 22 0.2228 0.5939 0 0 -8.678 16.643 15.006
1 104 13 0.2530 0.7838 0 0 -8.278 15.773 11.318
1 105 3 0.0481 -0.747 0 0 -9.011 12.056 11.696
1 106 17 0.1265 0.4721 0 0 -6.016 11.266 9.516
1 107 3 0.1686 -0.847 0 0 -2.569 9.648 9.786
1 108 3 0.3433 -0.641 0 0 -0.928 11.601 6.988
1 109 22 0.5783 0.3092 0 0 -1.315 15.366 7.139
1 110 16 0.7530 -0.552 0 0 1.084 17.769 5.413
1 111 14 0.9096 -0.154 0 0 3.788 18.430 7.983
1 112 22 0.9397 0.1118 0 0 7.355 19.637 8.336
1 113 12 0.9337 -0.668 0 0 9.463 19.368 11.487
1 114 22 0.9578 0.6795 0 0 11.455 22.491 12.182
1 115 9 0.8614 0.0000 0 0 14.446 22.766 14.492
1 116 2 0.8493 0.2857 0 0 14.803 26.514 15.077
1 117 13 0.5963 0.1075 0 0 17.592 28.657 16.594
1 118 5 0.4457 0.2570 0 0 20.333 26.739 14.767
1 119 3 0.2168 0.3709 0 0 22.433 29.884 15.195
1 120 12 0.1204 0.3832 0 0 23.009 29.128 18.882
1 121 0 0.0120 -0.926 0 0 26.060 27.214 20.121
1 122 0 0.0301 -0.173 0 0 24.396 25.620 23.171
1 123 1 0.0783 0.5014 0 0 22.636 22.766 21.366
1 124 18 0.0662 0.0990 0 0 20.899 20.144 23.541
1 125 22 0.2349 0.8752 0 0 19.098 18.314 20.728
1 126 7 0.1084 -0.933 0 0 21.422 16.619 18.263
1 127 17 0.2710 0.0984 0 0 20.478 16.863 14.620
1 128 1 0.0903 -0.808 0 0 20.495 13.083 13.948
1 129 6 0.1626 -0.089 0 0 18.027 12.844 16.815
1 130 0 0.4759 0.6526 0 0 15.449 15.093 15.167
1 131 6 0.3795 -0.157 0 0 16.213 13.482 11.795
1 132 3 0.1566 -0.839 0 0 15.357 9.978 13.076
1 133 12 0.4096 0.5993 0 0 12.079 11.295 14.476
1 134 0 0.5662 0.4081 0 0 11.207 13.039 11.209
1 135 1 0.2831 -0.815 0 0 12.056 9.799 9.398
1 136 17 0.1807 0.0939 0 0 9.587 7.786 11.491
1 137 20 0.4337 0.5128 0 0 6.859 10.367 10.876
1 138 9 0.3614 0.0000 0 0 7.515 10.177 7.168
1 139 11 0.6325 0.7156 0 0 8.011 13.956 7.130
1 140 16 0.7048 0.2544 0 0 10.868 16.364 6.219
1 141 20 0.7831 -0.084 0 0 13.201 17.890 8.810
1 142 11 0.8132 0.2748 0 0 14.582 21.408 8.387
1 143 7 0.7590 -0.741 0 0 16.799 23.420 10.696
1 144 18 0.8012 0.9689 0 0 16.233 27.150 10.706
1 145 17 0.6385 -0.994 0 0 17.398 30.393 12.267
1 146 0 0.6927 0.5168 0 0 14.922 33.283 12.405
1 147 13 0.4036 -0.776 0 0 17.984 35.233 13.556
1 148 18 0.2650 -0.169 0 0 20.213 34.834 10.473
1 149 1 0.4638 -0.028 0 0 17.275 33.821 8.247
1 150 6 0.4578 -0.207 0 0 18.869 30.464 7.398
1 151 9 0.6686 0.0000 0 0 16.360 27.895 6.130
1 152 22 0.8072 -0.101 0 0 13.300 30.088 6.728
1 153 7 0.7108 -0.903 0 0 11.972 30.123 3.136
1 154 3 0.7228 -0.438 0 0 13.123 26.534 2.826
1 155 0 0.9216 0.6867 0 0 10.819 25.530 5.689
1 156 15 0.9156 0.5224 0 0 7.729 27.300 4.365
1 157 20 0.7349 -0.502 0 0 8.092 26.481 0.679
1 158 18 0.7710 0.1081 0 0 8.733 22.846 1.564
1 159 12 0.8855 0.7743 0 0 5.527 22.705 3.600
1 160 22 0.7168 -0.369 0 0 3.670 24.159 0.603
1 161 1 0.5060 -0.120 0 0 5.162 21.569 -1.718
1 162 7 0.5903 0.2738 0 0 4.066 18.861 0.725
1 163 11 0.5361 0.5789 0 0 0.480 20.113 0.526
1 164 1 0.3132 -0.016 0 0 0.843 20.208 -3.247
1 165 6 0.1506 0.0646 0 0 1.765 16.494 -3.283
1 166 10 0.1987 0.3058 0 0 -1.020 15.545 -0.924
