1 1 14 0.0 0.3655 0 0 -5.843 32.103 -6.711
1 2 18 0.0432 0.2103 0 0 -4.714 29.035 -4.808
1 3 7 0.2222 -0.420 0 0 -4.596 29.640 -1.061
1 4 20 0.5308 -0.219 0 0 -2.472 27.545 1.289
1 5 13 0.6604 -0.869 0 0 -3.641 27.543 4.904
1 6 12 0.8950 0.1516 0 0 -0.527 26.978 7.005
1 7 22 0.9320 -0.669 0 0 -0.408 26.708 10.777
1 8 22 0.9814 0.3070 0 0 2.738 27.165 12.867
1 9 22 0.9691 -0.245 0 0 2.663 25.147 16.104
1 10 9 0.9197 0.0000 0 0 5.021 24.259 18.917
1 11 0 0.7654 -0.494 0 0 6.013 24.986 22.502
1 12 9 0.6234 0.0000 0 0 6.240 28.501 23.872
1 13 9 0.5864 0.0000 0 0 9.349 30.486 23.008
1 14 22 0.8024 0.6150 0 0 10.695 28.235 20.252
1 15 9 0.8456 0.0000 0 0 10.507 31.010 17.664
1 16 13 0.9444 0.0463 0 0 7.242 30.399 15.814
1 17 17 0.8395 -0.650 0 0 6.590 34.145 15.557
1 18 0 0.7592 -0.246 0 0 10.183 35.033 14.735
1 19 12 0.9012 0.7060 0 0 10.146 32.584 11.823
1 20 18 0.8765 0.2837 0 0 6.874 33.928 10.441
1 21 11 0.6358 -0.455 0 0 7.818 37.600 10.760
1 22 6 0.5987 -0.326 0 0 11.137 36.905 9.020
1 23 12 0.6851 0.5957 0 0 9.215 35.340 6.131
1 24 11 0.4938 0.3221 0 0 6.637 38.138 5.970
1 25 6 0.2592 -0.061 0 0 8.408 41.302 7.151
1 26 2 0.2777 -0.497 0 0 11.998 40.197 6.589
1 27 10 0.2037 -0.158 0 0 13.442 41.097 10.006
1 28 15 0.3333 0.1268 0 0 14.405 39.362 13.263
1 29 22 0.2839 0.3009 0 0 12.211 40.154 16.264
1 30 3 0.1172 -0.468 0 0 14.298 39.958 19.427
1 31 7 0.0555 -0.160 0 0 11.857 40.750 22.201
1 32 20 0.0740 -0.172 0 0 9.512 39.015 24.623
1 33 3 0.1543 0.0123 0 0 6.092 39.072 22.971
1 34 16 0.3209 -0.849 0 0 3.904 35.992 23.747
1 35 18 0.4444 0.8600 0 0 1.350 35.223 21.047
1 36 11 0.3395 -0.991 0 0 -2.341 34.563 21.530
1 37 7 0.4567 -0.123 0 0 -3.183 34.223 17.845
1 38 3 0.4876 -0.283 0 0 -2.029 36.173 14.789
1 39 17 0.5370 -0.766 0 0 -2.611 35.626 11.081
1 40 20 0.5123 0.3070 0 0 -0.545 36.813 8.134
1 41 1 0.3703 -0.563 0 0 -1.722 36.823 4.519
1 42 13 0.3271 -0.113 0 0 0.883 37.253 1.796
1 43 6 0.0925 -0.921 0 0 0.785 36.969 -1.998
1 44 22 0.1481 0.9939 0 0 3.795 35.026 -3.239
1 45 22 0.0679 -0.966 0 0 5.080 33.110 -6.240
1 46 11 0.1851 0.9695 0 0 6.315 29.610 -5.442
1 47 3 0.0493 0.6685 0 0 7.727 27.545 -8.312
1 48 9 0.0061 0.0000 0 0 5.946 29.732 -10.839
1 49 7 0.0308 0.5251 0 0 2.570 29.456 -9.126
1 50 18 0.0185 -0.945 0 0 0.838 32.618 -7.914
1 51 5 0.0987 0.7375 0 0 -0.596 31.858 -4.502
1 52 12 0.2469 -0.323 0 0 -1.725 33.252 -1.191
1 53 12 0.5555 0.5246 0 0 -0.053 32.096 1.985
1 54 3 0.5617 -0.496 0 0 -2.582 32.339 4.805
1 55 11 0.8148 0.5139 0 0 -0.422 31.784 7.868
1 56 12 0.8209 -0.495 0 0 -1.742 31.270 11.378
1 57 3 0.8641 -0.040 0 0 0.775 31.944 14.151
1 58 18 0.8086 0.4994 0 0 -0.409 30.206 17.336
1 59 0 0.6419 -0.964 0 0 0.246 30.355 21.069
1 60 9 0.6728 0.0000 0 0 2.633 27.996 22.787
1 61 6 0.3580 -0.586 0 0 0.796 28.518 26.080
1 62 7 0.1975 -0.581 0 0 -1.250 25.547 27.310
0 63 7 0 0 0 0 -1.250 25.547 27.310
0 64 20 0 0 0 0 -1.250 25.547 27.310
0 65 17 0 0 0 0 -1.250 25.547 27.310
0 66 0 0 0 0 0 -1.250 25.547 27.310
1 67 14 0.1790 0.1547 0 0 -8.790 26.841 20.600
1 68 1 0.4382 0.1637 0 0 -6.315 24.296 19.218
1 69 3 0.2901 -0.632 0 0 -8.757 21.814 17.703
1 70 6 0.2160 -0.440 0 0 -10.502 24.656 15.906
1 71 20 0.5061 0.6437 0 0 -7.416 25.899 14.061
1 72 14 0.6296 0.3005 0 0 -5.941 22.443 13.519
1 73 1 0.3518 -0.874 0 0 -9.158 21.376 11.792
1 74 18 0.3888 -0.324 0 0 -9.010 24.058 9.081
1 75 9 0.6790 0.0000 0 0 -5.239 23.995 8.550
1 76 7 0.6481 -0.586 0 0 -3.956 22.322 5.388
1 77 9 0.8703 0.0000 0 0 -0.319 22.085 6.445
1 78 15 0.9629 -0.750 0 0 1.586 22.382 9.704
1 79 12 0.9938 0.6812 0 0 5.024 23.622 10.641
1 80 5 0.9876 -0.748 0 0 5.929 21.814 13.879
1 81 22 0.9753 0.4578 0 0 8.666 23.823 15.545
1 82 15 0.8827 -0.267 0 0 11.027 23.114 18.441
1 83 0 0.7222 -0.467 0 0 14.256 24.846 19.510
1 84 11 0.5246 -0.122 0 0 17.518 22.914 19.198
1 85 2 0.3148 0.1127 0 0 18.547 24.227 22.623
1 86 2 0.3641 0.2838 0 0 15.352 23.138 24.403
1 87 18 0.2530 -0.888 0 0 14.952 19.379 24.843
1 88 13 0.3024 -0.520 0 0 11.489 19.754 26.349
1 89 17 0.5925 0.4309 0 0 10.228 21.579 23.243
1 90 15 0.6172 -0.240 0 0 11.517 18.655 21.176
1 91 7 0.4135 -0.892 0 0 9.693 16.087 23.320
1 92 3 0.5432 -0.220 0 0 6.479 18.145 23.234
1 93 11 0.7716 0.6835 0 0 6.425 17.700 19.439
1 94 10 0.5185 -0.921 0 0 4.861 14.259 19.840
1 95 6 0.4506 -0.813 0 0 1.857 15.800 21.611
1 96 20 0.7283 0.4321 0 0 1.258 18.278 18.784
1 97 1 0.6975 -0.150 0 0 1.470 15.713 15.983
1 98 7 0.4197 -0.542 0 0 -0.867 13.371 17.842
1 99 6 0.4259 0.1197 0 0 -3.429 16.130 18.398
1 100 11 0.5802 0.9825 0 0 -3.265 17.096 14.724
1 101 13 0.3827 -0.050 0 0 -3.780 13.496 13.611
1 102 1 0.1296 -0.132 0 0 -6.742 13.129 15.967
1 103 22 0.1913 0.5438 0 0 -8.430 16.336 14.801
1 104 13 0.2345 0.8109 0 0 -7.905 15.657 11.088
1 105 3 0.0370 -0.703 0 0 -8.756 11.938 11.312
1 106 17 0.1234 0.5286 0 0 -5.552 11.275 9.403
1 107 3 0.1358 -0.948 0 0 -2.329 9.327 9.857
1 108 3 0.3456 -0.750 0 0 -0.684 11.477 7.185
1 109 22 0.5740 0.2734 0 0 -1.092 15.248 7.181
1 110 16 0.7469 -0.560 0 0 1.176 17.698 5.311
1 111 14 0.9074 -0.037 0 0 3.712 18.511 7.993
1 112 22 0.9506 0.1464 0 0 7.319 19.660 8.336
1 113 12 0.9382 -0.682 0 0 9.473 19.276 11.460
1 114 22 0.9567 0.7085 0 0 11.479 22.440 12.101
1 115 9 0.8580 0.0000 0 0 14.525 22.668 14.347
1 116 2 0.8518 0.2756 0 0 14.860 26.405 15.002
1 117 13 0.6111 0.0799 0 0 17.596 28.576 16.566
1 118 5 0.4629 0.3327 0 0 20.340 26.620 14.781
1 119 3 0.2283 0.3517 0 0 22.554 29.710 15.085
1 120 12 0.1049 0.4155 0 0 23.044 28.937 18.798
1 121 0 0.0123 -0.925 0 0 26.046 26.930 20.001
1 122 0 0.0246 -0.150 0 0 24.379 25.520 23.140
1 123 1 0.0802 0.4967 0 0 22.588 22.748 21.237
1 124 18 0.0617 0.1242 0 0 20.938 20.049 23.364
1 125 22 0.2407 0.8541 0 0 19.071 18.268 20.565
1 126 7 0.1111 -0.942 0 0 21.278 16.490 18.025
1 127 17 0.3086 -0.042 0 0 20.253 16.837 14.384
1 128 1 0.0864 -0.951 0 0 20.421 13.046 14.081
1 129 6 0.1666 -0.211 0 0 17.838 12.772 16.876
1 130 0 0.4814 0.6594 0 0 15.412 15.030 15.034
1 131 6 0.4074 -0.114 0 0 16.128 13.379 11.690
1 132 3 0.1604 -0.832 0 0 15.310 9.921 13.041
1 133 12 0.3950 0.5535 0 0 12.074 11.245 14.541
1 134 0 0.5679 0.4180 0 0 11.198 12.995 11.292
1 135 1 0.2962 -0.844 0 0 11.859 9.763 9.411
1 136 17 0.1728 0.1661 0 0 9.490 7.789 11.640
1 137 20 0.4320 0.5153 0 0 6.797 10.399 10.980
1 138 9 0.3765 0.0000 0 0 7.504 10.273 7.270
1 139 11 0.6543 0.7277 0 0 7.965 14.030 7.028
1 140 16 0.7160 0.1773 0 0 10.849 16.364 6.140
1 141 20 0.7901 -0.104 0 0 13.165 17.781 8.807
1 142 11 0.8271 0.2672 0 0 14.585 21.273 8.280
1 143 7 0.7777 -0.735 0 0 16.805 23.285 10.615
1 144 18 0.7962 0.9672 0 0 16.292 27.019 10.644
1 145 17 0.6666 -0.991 0 0 17.337 30.271 12.275
1 146 0 0.6913 0.4440 0 0 14.950 33.216 12.307
1 147 13 0.4012 -0.797 0 0 17.965 35.237 13.390
1 148 18 0.2716 -0.103 0 0 20.144 34.602 10.309
1 149 1 0.4691 -0.017 0 0 17.168 33.652 8.122
1 150 6 0.4753 -0.372 0 0 18.777 30.328 7.239
1 151 9 0.7037 0.0000 0 0 16.231 27.707 6.169
1 152 22 0.8333 -0.185 0 0 13.243 30.031 6.629
1 153 7 0.7345 -0.921 0 0 11.859 30.096 3.073
1 154 3 0.7407 -0.418 0 0 13.022 26.496 2.811
1 155 0 0.9259 0.6921 0 0 10.781 25.412 5.682
1 156 15 0.9135 0.4966 0 0 7.699 27.262 4.438
1 157 20 0.7530 -0.509 0 0 8.084 26.383 0.744
1 158 18 0.7839 0.1112 0 0 8.684 22.732 1.527
1 159 12 0.8888 0.7578 0 0 5.431 22.666 3.485
1 160 22 0.7098 -0.340 0 0 3.658 24.135 0.458
1 161 1 0.5 -0.091 0 0 5.141 21.493 -1.832
1 162 7 0.6049 0.2803 0 0 4.037 18.853 0.678
1 163 11 0.5493 0.5346 0 0 0.467 20.156 0.471
1 164 1 0.2654 0.0825 0 0 0.729 20.035 -3.326
1 165 6 0.1419 0.1833 0 0 1.526 16.301 -3.223
1 166 10 0.2098 0.2136 0 0 -1.034 15.227 -0.616
