1 1 14 0.0 0.3500 0 0 24.820 20.863 20.168
1 2 18 0.0432 0.2294 0 0 22.656 18.474 22.142
1 3 7 0.2098 -0.483 0 0 23.224 18.838 25.866
1 4 20 0.5123 -0.194 0 0 22.395 16.006 28.245
1 5 13 0.6543 -0.855 0 0 21.776 16.983 31.873
1 6 12 0.8950 0.1741 0 0 22.861 14.006 33.979
1 7 22 0.9320 -0.661 0 0 22.660 13.766 37.756
1 8 22 0.9814 0.3098 0 0 24.649 11.354 39.921
1 9 22 0.9629 -0.239 0 0 22.857 10.388 43.146
1 10 9 0.9197 0.0000 0 0 23.271 7.936 46.011
1 11 0 0.7592 -0.493 0 0 24.395 7.444 49.611
1 12 9 0.6234 0.0000 0 0 27.557 9.056 50.915
1 13 9 0.5864 0.0000 0 0 30.838 7.352 50.072
1 14 22 0.7962 0.6146 0 0 29.611 4.994 47.352
1 15 9 0.8456 0.0000 0 0 31.896 6.522 44.722
1 16 13 0.9444 0.0420 0 0 29.748 9.077 42.900
1 17 17 0.8395 -0.641 0 0 32.607 11.580 42.546
1 18 0 0.7716 -0.233 0 0 35.219 8.911 41.821
1 19 12 0.9012 0.7004 0 0 33.127 7.631 38.898
1 20 18 0.8765 0.3014 0 0 32.652 11.127 37.509
1 21 11 0.6358 -0.463 0 0 36.302 12.160 37.883
1 22 6 0.5987 -0.344 0 0 37.466 8.867 36.353
1 23 12 0.6851 0.5799 0 0 35.231 9.623 33.357
1 24 11 0.5 0.3254 0 0 36.309 13.272 33.084
1 25 6 0.2716 -0.094 0 0 39.949 13.292 34.246
1 26 2 0.2222 -0.373 0 0 41.194 9.729 33.733
1 27 10 0.1975 -0.115 0 0 42.304 9.141 37.313
1 28 15 0.3271 0.1231 0 0 41.085 7.384 40.442
1 29 22 0.2901 0.3088 0 0 40.671 9.636 43.470
1 30 3 0.1234 -0.624 0 0 41.608 7.749 46.631
1 31 7 0.0679 -0.830 0 0 40.901 10.673 48.932
1 32 20 0.0802 -0.199 0 0 38.333 11.544 51.596
1 33 3 0.1666 0.0283 0 0 36.594 14.506 50.006
1 34 16 0.3209 -0.847 0 0 32.821 14.778 50.704
1 35 18 0.4567 0.8637 0 0 30.898 16.596 48.016
1 36 11 0.3395 -0.993 0 0 28.500 19.470 48.593
1 37 7 0.4382 -0.160 0 0 27.783 20.181 44.940
1 38 3 0.4938 -0.296 0 0 29.960 19.965 41.830
1 39 17 0.5493 -0.758 0 0 29.255 20.158 38.104
1 40 20 0.5246 0.3023 0 0 31.292 18.983 35.130
1 41 1 0.3765 -0.560 0 0 30.794 19.815 31.457
1 42 13 0.3148 0.1305 0 0 32.537 17.828 28.730
1 43 6 0.0987 -0.932 0 0 32.210 17.617 24.960
1 44 22 0.1543 0.9982 0 0 32.085 14.039 23.725
1 45 22 0.0617 -0.966 0 0 31.073 11.947 20.733
1 46 11 0.1851 0.9721 0 0 28.696 9.099 21.510
1 47 3 0.0370 0.6604 0 0 27.617 6.860 18.640
1 48 9 0.0061 0.0000 0 0 28.616 9.539 16.173
1 49 7 0.0308 0.5298 0 0 26.631 12.277 17.899
1 50 18 0.0185 -0.956 0 0 28.568 15.315 19.058
1 51 5 0.0925 0.7414 0 0 27.111 16.272 22.423
1 52 12 0.2469 -0.320 0 0 27.829 18.006 25.706
1 53 12 0.5555 0.5165 0 0 27.513 16.130 28.971
1 54 3 0.5740 -0.497 0 0 26.482 18.425 31.809
1 55 11 0.8209 0.5265 0 0 26.997 16.318 34.932
1 56 12 0.8024 -0.495 0 0 25.853 17.307 38.403
1 57 3 0.8641 -0.030 0 0 27.684 15.436 41.153
1 58 18 0.8148 0.4875 0 0 25.613 15.510 44.340
1 59 0 0.6481 -0.962 0 0 26.166 15.127 48.069
1 60 9 0.6666 0.0000 0 0 25.399 11.884 49.853
1 61 6 0.3580 -0.600 0 0 24.843 13.792 53.097
1 62 7 0.2407 -0.302 0 0 21.126 13.927 53.885
0 63 7 0 0 0 0 21.126 13.927 53.885
0 64 20 0 0 0 0 21.126 13.927 53.885
0 65 17 0 0 0 0 21.126 13.927 53.885
0 66 0 0 0 0 0 21.126 13.927 53.885
1 67 14 0.1790 0.0481 0 0 18.774 21.265 47.628
1 68 1 0.4444 0.2160 0 0 18.282 17.776 46.213
1 69 3 0.3333 -0.548 0 0 14.821 18.366 44.767
1 70 6 0.2037 -0.408 0 0 16.006 21.555 43.056
1 71 20 0.4753 0.6741 0 0 18.667 19.734 41.038
1 72 14 0.6296 0.3194 0 0 16.658 16.564 40.449
1 73 1 0.3641 -0.930 0 0 14.008 18.737 38.816
1 74 18 0.3827 -0.240 0 0 16.246 19.900 35.959
1 75 9 0.6790 0.0000 0 0 17.976 16.544 35.509
1 76 7 0.6419 -0.577 0 0 17.213 14.618 32.332
1 77 9 0.8580 0.0000 0 0 18.768 11.342 33.441
1 78 15 0.9567 -0.766 0 0 19.979 9.850 36.712
1 79 12 0.9938 0.5581 0 0 22.762 7.482 37.731
1 80 5 0.9876 -0.746 0 0 21.653 5.864 41.011
1 81 22 0.9753 0.4895 0 0 24.809 4.545 42.640
1 82 15 0.8888 -0.271 0 0 25.450 2.164 45.533
1 83 0 0.7345 -0.457 0 0 28.542 0.236 46.642
1 84 11 0.5370 -0.129 0 0 28.514 -3.554 46.399
1 85 2 0.3086 0.1044 0 0 30.189 -3.752 49.817
1 86 2 0.3518 0.2099 0 0 27.619 -1.579 51.611
1 87 18 0.2530 -0.879 0 0 24.171 -3.139 52.051
1 88 13 0.2962 -0.327 0 0 22.715 0.065 53.506
1 89 17 0.5925 0.4439 0 0 23.594 2.013 50.337
1 90 15 0.6049 -0.269 0 0 21.740 -0.627 48.288
1 91 7 0.4135 -0.914 0 0 18.613 -0.346 50.460
1 92 3 0.5308 -0.234 0 0 18.690 3.465 50.329
1 93 11 0.7654 0.6922 0 0 18.456 3.215 46.538
1 94 10 0.5185 -0.879 0 0 14.698 2.871 46.865
1 95 6 0.4506 -0.530 0 0 14.432 6.190 48.713
1 96 20 0.7222 0.3977 0 0 16.370 7.999 45.990
1 97 1 0.6975 -0.251 0 0 14.264 6.579 43.169
1 98 7 0.4197 -0.654 0 0 11.038 7.483 44.956
1 99 6 0.4320 0.2365 0 0 12.258 11.053 45.439
1 100 11 0.6111 0.9741 0 0 13.234 11.342 41.772
1 101 13 0.3888 -0.524 0 0 9.817 10.197 40.592
1 102 1 0.1296 -0.019 0 0 8.033 12.540 43.017
1 103 22 0.2160 0.5295 0 0 10.095 15.526 41.860
1 104 13 0.2654 0.7359 0 0 9.796 14.652 38.157
1 105 3 0.0493 -0.687 0 0 6.100 13.685 38.399
1 106 17 0.1111 0.2309 0 0 6.797 10.490 36.439
1 107 3 0.1358 -0.937 0 0 6.815 6.731 37.003
1 108 3 0.3456 -0.611 0 0 9.448 6.366 34.292
1 109 22 0.5679 0.2544 0 0 12.487 8.638 34.208
1 110 16 0.7407 -0.586 0 0 15.732 7.774 32.380
1 111 14 0.9074 -0.064 0 0 17.770 5.971 35.040
1 112 22 0.9506 0.1376 0 0 20.616 3.476 35.399
1 113 12 0.9382 -0.690 0 0 21.369 1.486 38.562
1 114 22 0.9691 0.7407 0 0 25.104 1.409 39.220
1 115 9 0.8703 0.0000 0 0 26.785 -1.112 41.501
1 116 2 0.8518 0.2819 0 0 30.189 0.473 42.165
1 117 13 0.6172 0.0851 0 0 33.450 -0.766 43.750
1 118 5 0.4629 0.3207 0 0 33.193 -4.151 42.003
1 119 3 0.2345 0.3340 0 0 36.986 -4.444 42.203
1 120 12 0.1172 0.3722 0 0 36.543 -5.253 45.905
1 121 0 0.0123 -0.923 0 0 36.432 -8.841 47.164
1 122 0 0.0246 -0.197 0 0 34.338 -8.184 50.285
1 123 1 0.0740 0.5097 0 0 30.978 -8.066 48.472
1 124 18 0.0555 0.1163 0 0 27.789 -7.993 50.565
1 125 22 0.2283 0.8570 0 0 25.367 -7.339 47.716
1 126 7 0.1049 -0.976 0 0 24.953 -10.146 45.183
1 127 17 0.3024 -0.057 0 0 24.796 -9.161 41.517
1 128 1 0.0864 -0.898 0 0 21.606 -11.241 41.381
1 129 6 0.1481 -0.150 0 0 19.655 -9.156 43.900
1 130 0 0.4691 0.6090 0 0 20.695 -5.906 42.227
1 131 6 0.4074 -0.130 0 0 19.750 -7.275 38.814
1 132 3 0.1728 -0.870 0 0 16.378 -8.356 40.211
1 133 12 0.3950 0.5321 0 0 15.762 -4.901 41.694
1 134 0 0.5617 0.4528 0 0 16.684 -3.223 38.396
1 135 1 0.2777 -0.897 0 0 14.340 -5.537 36.513
1 136 17 0.1604 0.1897 0 0 11.436 -4.496 38.753
1 137 20 0.4259 0.5062 0 0 12.164 -0.820 38.059
1 138 9 0.3703 0.0000 0 0 12.555 -1.539 34.362
1 139 11 0.6604 0.6990 0 0 16.016 0.037 34.175
1 140 16 0.7160 0.1931 0 0 19.512 -1.227 33.243
1 141 20 0.7901 -0.103 0 0 21.968 -2.476 35.873
1 142 11 0.8333 0.2409 0 0 25.694 -1.973 35.424
1 143 7 0.7777 -0.743 0 0 28.554 -2.867 37.731
1 144 18 0.8086 0.9714 0 0 31.455 -0.452 37.798
1 145 17 0.6728 -0.993 0 0 34.816 0.238 39.391
1 146 0 0.6913 0.4318 0 0 36.120 3.803 39.483
1 147 13 0.4012 -0.748 0 0 39.461 2.264 40.428
1 148 18 0.2839 -0.122 0 0 39.904 0.014 37.385
1 149 1 0.4814 -0.058 0 0 37.616 2.127 35.181
1 150 6 0.4876 -0.267 0 0 35.586 -1.022 34.494
1 151 9 0.7037 0.0000 0 0 32.090 -0.131 33.269
1 152 22 0.8271 -0.158 0 0 32.586 3.625 33.757
1 153 7 0.7283 -0.928 0 0 31.948 4.718 30.158
1 154 3 0.7530 -0.435 0 0 29.333 1.979 29.941
1 155 0 0.9259 0.6997 0 0 27.285 3.484 32.779
1 156 15 0.9135 0.4989 0 0 27.307 7.047 31.421
1 157 20 0.7469 -0.515 0 0 26.756 6.096 27.760
1 158 18 0.7839 0.1117 0 0 23.887 3.759 28.584
1 159 12 0.8827 0.7666 0 0 22.176 6.597 30.454
1 160 22 0.7098 -0.342 0 0 22.538 8.886 27.432
1 161 1 0.5061 -0.074 0 0 21.008 6.215 25.188
1 162 7 0.5802 0.2806 0 0 18.154 5.822 27.672
1 163 11 0.5432 0.5557 0 0 17.465 9.557 27.417
1 164 1 0.2592 0.0923 0 0 17.510 9.293 23.616
1 165 6 0.1419 0.1683 0 0 14.748 6.656 23.771
1 166 10 0.1913 0.2343 0 0 12.489 8.428 26.285
