1 1 14 0.0240 0.2780 0 0 -30.655 10.971 114.373
1 2 18 0.0421 -0.261 0 0 -27.289 10.636 112.652
1 3 7 0.0843 0.2084 0 0 -27.777 10.987 108.899
1 4 20 0.1265 -0.755 0 0 -25.038 11.686 106.407
1 5 13 0.1867 -0.262 0 0 -25.649 10.713 102.812
1 6 12 0.2891 -0.678 0 0 -23.572 13.065 100.688
1 7 22 0.4638 0.4158 0 0 -23.338 13.067 -96.904
1 8 22 0.5722 -0.194 0 0 -22.118 15.938 -94.752
1 9 22 0.7048 -0.273 0 0 -20.499 14.764 -91.514
1 10 9 0.8072 0.0000 0 0 -18.584 16.485 -88.737
1 11 0 0.9036 0.5148 0 0 -18.814 17.532 -85.093
1 12 9 0.9638 0.0000 0 0 -21.807 19.524 -83.833
1 13 9 0.9216 0.0000 0 0 -21.931 23.216 -84.681
1 14 22 0.8373 -0.042 0 0 -19.195 23.333 -87.329
1 15 9 0.7530 0.0000 0 0 -21.750 24.526 -89.874
1 16 13 0.6927 0.6661 0 0 -22.835 21.412 -91.778
1 17 17 0.6626 0.6293 0 0 -26.411 22.741 -92.197
1 18 0 0.6325 0.5456 0 0 -25.333 26.314 -92.861
1 19 12 0.5120 0.2195 0 0 -23.190 25.021 -95.738
1 20 18 0.4457 0.3036 0 0 -26.019 22.887 -97.109
1 21 11 0.4216 0.6336 0 0 -28.624 25.641 -96.754
1 22 6 0.3614 0.1071 0 0 -26.374 28.119 -98.561
1 23 12 0.2289 -0.334 0 0 -25.984 25.683 101.457
1 24 11 0.2048 0.2768 0 0 -29.714 25.013 101.611
1 25 6 0.2469 0.9919 0 0 -31.552 28.165 100.500
1 26 2 0.2108 -0.757 0 0 -28.664 30.553 101.143
1 27 10 0.3493 0.5374 0 0 -29.014 32.104 -97.673
1 28 15 0.4939 0.7263 0 0 -27.138 32.080 -94.339
1 29 22 0.6445 -0.026 0 0 -28.889 30.594 -91.304
1 30 3 0.7469 0.3315 0 0 -27.635 32.249 -88.138
1 31 7 0.8253 -0.624 0 0 -29.741 30.434 -85.575
1 32 20 0.9096 0.9328 0 0 -29.291 27.616 -83.112
1 33 3 0.8795 -0.782 0 0 -30.980 24.616 -84.709
1 34 16 0.9156 0.8493 0 0 -29.411 21.193 -83.908
1 35 18 0.8313 -0.858 0 0 -29.944 18.645 -86.683
1 36 11 0.8433 0.3605 0 0 -31.251 15.131 -86.076
1 37 7 0.7228 -0.289 0 0 -31.253 14.100 -89.739
1 38 3 0.5963 0.4294 0 0 -32.196 16.151 -92.826
1 39 17 0.4156 -0.577 0 0 -32.384 15.382 -96.530
1 40 20 0.3072 0.7545 0 0 -32.174 17.760 -99.493
1 41 1 0.1686 -0.273 0 0 -32.657 17.130 103.217
1 42 13 0.1325 0.0443 0 0 -31.536 19.720 105.743
1 43 6 0.0722 -0.902 0 0 -31.136 19.485 109.491
1 44 22 0.0662 0.8619 0 0 -27.968 21.010 110.885
1 45 22 0.0301 -0.879 0 0 -25.991 21.203 114.106
1 46 11 0.0361 0.9276 0 0 -22.371 20.426 113.253
1 47 3 0.0120 0.6047 0 0 -19.868 20.695 116.083
1 48 9 0.0 0.0000 0 0 -22.683 20.311 118.552
1 49 7 0.0060 0.5210 0 0 -24.146 17.309 116.737
1 50 18 0.0180 -0.776 0 0 -27.749 17.495 115.546
1 51 5 0.0481 0.2641 0 0 -27.742 15.695 112.216
1 52 12 0.0903 0.2967 0 0 -29.521 15.341 108.923
1 53 12 0.1445 -0.049 0 0 -27.706 16.155 105.727
1 54 3 0.1746 0.3106 0 0 -29.230 14.074 102.958
1 55 11 0.3132 0.9928 0 0 -27.657 15.490 -99.811
1 56 12 0.4698 0.4162 0 0 -28.002 14.078 -96.333
1 57 3 0.6144 0.3554 0 0 -27.309 16.588 -93.555
1 58 18 0.7349 -0.174 0 0 -26.396 14.618 -90.425
1 59 0 0.8614 0.5332 0 0 -26.314 15.233 -86.664
1 60 9 0.9277 0.0000 0 0 -23.177 16.314 -84.847
1 61 6 0.9759 0.1141 0 0 -24.288 14.782 -81.537
1 62 7 0.9879 0.6271 0 0 -22.952 11.299 -80.724
1 63 7 0.9939 0.7983 0 0 -26.267 10.216 -79.170
1 64 20 0.9518 0.1129 0 0 -27.131 9.192 -82.731
1 65 17 0.9457 0.4070 0 0 -24.208 6.817 -83.247
1 66 0 0.8734 0.2658 0 0 -26.693 4.310 -84.679
1 67 14 0.7650 0.2764 0 0 -28.146 6.270 -87.613
1 68 1 0.7590 0.7779 0 0 -24.518 6.693 -88.718
1 69 3 0.6867 0.5887 0 0 -23.796 3.230 -90.094
1 70 6 0.5843 0.2023 0 0 -26.934 3.459 -92.237
1 71 20 0.5421 0.8426 0 0 -26.199 6.612 -94.211
1 72 14 0.5481 0.8478 0 0 -22.447 6.097 -94.149
1 73 1 0.4277 0.3276 0 0 -23.141 2.790 -95.886
1 74 18 0.3192 0.2544 0 0 -25.335 4.277 -98.636
1 75 9 0.3373 0.0000 0 0 -23.432 7.525 -99.192
1 76 7 0.1927 -0.845 0 0 -21.241 7.907 102.292
1 77 9 0.2530 0.0000 0 0 -19.317 11.004 101.271
1 78 15 0.4096 0.2776 0 0 -18.627 12.621 -97.937
1 79 12 0.4759 -0.489 0 0 -18.029 16.231 -96.988
1 80 5 0.6265 -0.140 0 0 -16.003 16.009 -93.804
1 81 22 0.6807 -0.262 0 0 -16.432 19.336 -92.068
1 82 15 0.7831 -0.345 0 0 -14.712 21.014 -89.133
1 83 0 0.8192 0.6964 0 0 -14.604 24.670 -88.032
1 84 11 0.7771 -0.788 0 0 -11.306 26.560 -88.274
1 85 2 0.8915 0.1681 0 0 -11.956 28.093 -84.835
1 86 2 0.9578 0.5161 0 0 -12.630 24.754 -83.144
1 87 18 0.9698 0.2630 0 0 -9.500 22.622 -82.754
1 88 13 0.9819 0.8078 0 0 -11.616 19.828 -81.275
1 89 17 0.9397 -0.492 0 0 -13.744 19.571 -84.459
1 90 15 0.8674 -0.574 0 0 -10.502 19.244 -86.427
1 91 7 0.8975 0.7177 0 0 -9.280 16.364 -84.236
1 92 3 0.9337 0.7952 0 0 -12.593 14.465 -84.397
1 93 11 0.8132 -0.646 0 0 -12.147 14.350 -88.162
1 94 10 0.7891 0.7542 0 0 -10.052 11.163 -88.204
1 95 6 0.8554 0.9873 0 0 -12.736 9.324 -86.201
1 96 20 0.7710 0.5606 0 0 -15.390 10.119 -88.841
1 97 1 0.6686 -0.699 0 0 -13.026 9.056 -91.613
1 98 7 0.7108 0.6168 0 0 -12.270 5.792 -89.786
1 99 6 0.7409 0.6580 0 0 -15.962 5.006 -89.235
1 100 11 0.6084 -0.261 0 0 -16.574 5.650 -92.922
1 101 13 0.5301 -0.150 0 0 -13.812 3.204 -93.929
1 102 1 0.6024 0.9887 0 0 -14.899 0.427 -91.556
1 103 22 0.5602 0.4004 0 0 -18.547 0.685 -92.618
1 104 13 0.3915 -0.208 0 0 -17.691 0.520 -96.330
1 105 3 0.3855 0.0809 0 0 -14.744 -1.855 -96.131
1 106 17 0.2951 0.9652 0 0 -12.744 0.547 -98.277
1 107 3 0.3313 0.0814 0 0 -9.649 2.714 -97.842
1 108 3 0.2409 -0.885 0 0 -10.408 4.880 100.872
1 109 22 0.2710 0.9956 0 0 -13.803 6.517 100.460
1 110 16 0.1987 -0.557 0 0 -14.673 9.817 102.221
1 111 14 0.3433 0.7069 0 0 -14.099 12.553 -99.615
1 112 22 0.3734 0.9967 0 0 -13.290 16.239 -99.220
1 113 12 0.5 0.6163 0 0 -11.927 17.895 -96.099
1 114 22 0.5361 -0.337 0 0 -13.702 21.188 -95.405
1 115 9 0.6385 0.0000 0 0 -12.533 23.881 -93.030
1 116 2 0.6566 0.0424 0 0 -15.625 26.016 -92.545
1 117 13 0.6746 0.8810 0 0 -16.198 29.437 -90.965
1 118 5 0.5903 -0.947 0 0 -13.150 30.844 -92.775
1 119 3 0.5783 0.3142 0 0 -14.658 34.327 -92.358
1 120 12 0.7168 0.7514 0 0 -13.841 34.480 -88.618
1 121 0 0.7289 -0.064 0 0 -10.603 36.111 -87.442
1 122 0 0.8493 0.8450 0 0 -10.061 33.928 -84.350
1 123 1 0.8012 -0.875 0 0 -8.620 30.949 -86.244
1 124 18 0.8855 0.8226 0 0 -7.193 28.171 -84.043
1 125 22 0.7951 0.0684 0 0 -6.424 25.674 -86.805
1 126 7 0.6987 0.1769 0 0 -3.614 26.652 -89.188
1 127 17 0.5542 -0.858 0 0 -4.417 26.152 -92.860
1 128 1 0.4879 0.6467 0 0 -1.129 24.355 -93.638
1 129 6 0.6506 0.9946 0 0 -2.051 21.911 -90.869
1 130 0 0.6204 0.0543 0 0 -5.419 20.869 -92.340
1 131 6 0.4578 -0.967 0 0 -3.728 20.787 -95.724
1 132 3 0.4819 0.0901 0 0 -1.045 18.444 -94.417
1 133 12 0.5662 0.8188 0 0 -3.789 16.223 -93.056
1 134 0 0.4397 -0.351 0 0 -5.660 16.255 -96.360
1 135 1 0.3253 -0.228 0 0 -2.437 15.396 -98.170
1 136 17 0.3975 0.9896 0 0 -1.980 12.257 -96.056
1 137 20 0.4036 0.9747 0 0 -5.544 11.132 -96.707
1 138 9 0.2590 0.0000 0 0 -4.979 11.855 100.379
1 139 11 0.2771 0.9967 0 0 -8.124 14.003 100.403
1 140 16 0.2349 -0.616 0 0 -8.708 17.660 101.394
1 141 20 0.3674 0.7198 0 0 -8.961 20.403 -98.772
1 142 11 0.3554 0.9907 0 0 -11.252 23.413 -99.158
1 143 7 0.4337 0.3465 0 0 -11.863 26.320 -96.843
1 144 18 0.4518 0.0917 0 0 -15.398 27.655 -96.790
1 145 17 0.5060 -0.065 0 0 -17.674 30.248 -95.257
1 146 0 0.5180 0.7351 0 0 -21.404 29.583 -95.093
1 147 13 0.5240 0.4308 0 0 -21.771 33.245 -94.102
1 148 18 0.3795 0.1587 0 0 -20.089 34.824 -97.141
1 149 1 0.3012 0.9789 0 0 -20.594 31.765 -99.348
1 150 6 0.2831 0.9939 0 0 -16.878 31.426 100.160
1 151 9 0.2228 0.0000 0 0 -15.995 27.973 101.506
1 152 22 0.2650 0.9966 0 0 -19.489 26.602 100.894
1 153 7 0.1566 -0.653 0 0 -20.124 25.457 104.483
1 154 3 0.1506 -0.065 0 0 -16.447 24.684 104.737
1 155 0 0.2168 0.9569 0 0 -16.673 22.081 101.981
1 156 15 0.1807 0.9984 0 0 -19.836 20.342 103.201
1 157 20 0.1204 -0.364 0 0 -18.760 20.283 106.885
1 158 18 0.1385 0.3915 0 0 -15.277 19.009 106.119
1 159 12 0.1626 0.7726 0 0 -16.828 16.133 104.165
1 160 22 0.1144 -0.431 0 0 -19.091 15.416 107.118
1 161 1 0.0783 -0.274 0 0 -16.056 15.348 109.440
1 162 7 0.1084 0.5186 0 0 -14.194 13.114 107.001
1 163 11 0.1024 0.5023 0 0 -17.098 10.663 107.318
1 164 1 0.0602 -0.317 0 0 -16.986 10.732 111.125
1 165 6 0.0542 0.0590 0 0 -13.297 9.746 111.133
1 166 10 0.0963 0.9429 0 0 -13.432 6.793 108.699
