1 1 14 0.0 0.2823 0 0 -6.260 31.797 -6.499
1 2 18 0.0460 0.0829 0 0 -5.161 28.737 -4.396
1 3 7 0.2631 -0.108 0 0 -4.787 29.469 -0.856
1 4 20 0.5592 -0.243 0 0 -1.722 28.212 0.875
1 5 13 0.6842 -0.836 0 0 -2.967 27.994 4.364
1 6 12 0.9046 0.2304 0 0 -0.081 26.900 6.587
1 7 22 0.9046 0.0000 0 0 -0.081 26.900 6.587
1 8 22 0.9802 0.1026 0 0 2.883 27.775 12.727
1 9 22 0.9736 -0.461 0 0 3.006 25.517 15.807
1 10 9 0.9210 0.0000 0 0 5.036 23.934 18.556
1 11 0 0.7368 -0.430 0 0 6.008 24.555 22.238
1 12 16 0.6052 -0.560 0 0 6.575 28.013 24.005
1 13 9 0.5822 0.0000 0 0 10.241 29.162 23.651
1 14 22 0.5822 0.0000 0 0 10.241 29.162 23.651
1 15 9 0.8157 0.0000 0 0 10.560 31.386 18.031
1 16 13 0.9473 -0.047 0 0 7.663 30.300 16.018
1 17 17 0.8355 -0.839 0 0 6.829 34.048 15.515
1 18 0 0.7565 -0.309 0 0 10.209 35.187 14.434
1 19 12 0.8947 0.6445 0 0 10.418 32.924 11.480
1 20 18 0.8881 0.2151 0 0 6.935 34.037 10.247
1 21 11 0.6611 -0.500 0 0 8.021 37.581 10.942
1 22 6 0.6611 0.0000 0 0 8.021 37.581 10.942
1 23 12 0.6776 0.4419 0 0 9.143 35.822 5.676
1 24 11 0.4934 0.4265 0 0 6.496 38.565 5.652
1 25 6 0.3486 -0.139 0 0 8.387 41.140 7.556
1 26 2 0.3223 -0.631 0 0 12.110 40.113 6.348
1 27 10 0.2236 -0.390 0 0 13.408 41.267 9.779
1 28 15 0.3157 0.2142 0 0 14.216 39.869 13.150
1 29 22 0.3092 0.5001 0 0 12.113 40.259 16.181
1 30 3 0.1513 -0.647 0 0 13.785 40.042 19.553
1 31 7 0.0723 -0.348 0 0 10.831 42.053 20.831
1 32 20 0.1282 0.3060 0 0 7.654 40.539 22.206
1 33 3 0.1282 0.0000 0 0 7.654 40.539 22.206
1 34 16 0.2894 -0.407 0 0 1.750 39.478 19.422
1 35 18 0.4868 0.3612 0 0 0.960 35.748 19.702
1 36 11 0.4342 -0.873 0 0 -2.729 34.736 19.181
1 37 7 0.4276 -0.004 0 0 -4.543 35.159 15.887
1 38 3 0.5164 -0.337 0 0 -1.686 36.372 14.206
1 39 17 0.5164 0.0000 0 0 -1.686 36.372 14.206
1 40 20 0.5394 0.2226 0 0 -0.271 36.943 8.135
1 41 1 0.4013 -0.533 0 0 -0.900 37.243 4.498
1 42 13 0.3552 -0.211 0 0 1.490 37.325 1.670
1 43 6 0.1381 -0.868 0 0 1.345 37.336 -1.987
0 44 22 0 0 0 0 1.345 37.336 -1.987
1 45 22 0.0921 -0.923 0 0 5.243 32.994 -5.933
1 46 11 0.2565 0.9587 0 0 6.819 29.714 -5.201
1 47 3 0.0592 0.5762 0 0 8.582 27.819 -8.014
1 48 9 0.0065 0.0000 0 0 6.521 29.971 -10.407
1 49 7 0.0328 0.3176 0 0 3.101 29.516 -8.839
1 50 18 0.0263 -0.920 0 0 1.430 32.573 -7.738
1 51 5 0.1578 0.9255 0 0 -0.100 32.072 -4.371
1 52 12 0.2828 -0.173 0 0 -1.206 33.720 -1.258
1 53 12 0.5986 0.6770 0 0 -0.501 32.592 2.294
1 54 3 0.6184 -0.814 0 0 -2.408 32.569 5.365
1 55 11 0.8289 0.4050 0 0 -0.042 32.031 8.191
0 56 12 0 0 0 0 -0.042 32.031 8.191
1 57 3 0.875 -0.063 0 0 1.258 31.994 14.412
1 58 18 0.8026 0.4970 0 0 -0.084 30.166 17.355
1 59 0 0.6315 -0.981 0 0 0.833 30.809 20.943
1 60 9 0.6447 0.0000 0 0 2.982 28.225 22.775
0 61 6 0 0 0 0 2.982 28.225 22.775
0 62 7 0 0 0 0 2.982 28.225 22.775
0 63 7 0 0 0 0 2.982 28.225 22.775
0 64 20 0 0 0 0 2.982 28.225 22.775
1 65 17 0.0657 -0.935 0 0 -7.261 23.964 25.163
1 66 0 0.0394 -0.916 0 0 -10.011 23.681 22.622
1 67 14 0.2105 -0.463 0 0 -8.705 26.428 20.271
0 68 1 0 0 0 0 -8.705 26.428 20.271
1 69 3 0.25 -0.601 0 0 -8.841 21.765 17.746
1 70 6 0.1907 -0.364 0 0 -10.744 24.988 16.463
1 71 20 0.4407 0.6450 0 0 -7.858 26.281 14.410
1 72 14 0.6118 0.2200 0 0 -5.907 23.073 13.301
0 73 1 0 0 0 0 -5.907 23.073 13.301
1 74 18 0.3881 -0.171 0 0 -8.870 24.374 8.724
1 75 9 0.6710 0.0000 0 0 -5.097 23.739 8.366
0 76 7 0 0 0 0 -5.097 23.739 8.366
1 77 9 0.8552 0.0000 0 0 -0.376 22.231 6.470
1 78 15 0.9539 -0.721 0 0 1.426 22.205 9.695
1 79 12 0.9934 0.7030 0 0 4.470 23.760 10.620
1 80 5 0.9868 -0.745 0 0 5.658 22.247 13.838
0 81 22 0 0 0 0 5.658 22.247 13.838
1 82 15 0.8684 -0.427 0 0 11.239 23.184 18.375
1 83 0 0.7302 -0.075 0 0 14.503 25.314 19.034
1 84 11 0.5065 -0.084 0 0 17.444 23.115 19.324
1 85 2 0.2697 0.1123 0 0 18.842 24.336 22.691
1 86 2 0.3289 0.0633 0 0 15.841 22.570 24.310
1 87 18 0.2171 -0.829 0 0 15.324 19.007 24.675
0 88 13 0 0 0 0 15.324 19.007 24.675
1 89 17 0.5921 0.3417 0 0 10.574 21.735 23.429
0 90 15 0 0 0 0 10.574 21.735 23.429
1 91 7 0.3815 -0.842 0 0 9.744 16.315 23.478
1 92 3 0.5460 -0.242 0 0 6.873 18.647 22.957
1 93 11 0.7697 0.7857 0 0 6.746 18.250 19.097
1 94 10 0.5328 -0.970 0 0 5.476 14.704 19.558
1 95 6 0.4671 -0.492 0 0 2.570 16.116 21.543
1 96 20 0.7171 0.4015 0 0 1.589 18.601 18.822
1 97 1 0.7039 -0.114 0 0 1.775 16.083 16.122
1 98 7 0.4144 -0.829 0 0 -0.502 13.698 17.997
1 99 6 0.4210 -0.000 0 0 -3.178 16.388 18.846
1 100 11 0.5657 0.9788 0 0 -3.412 17.155 15.044
1 101 13 0.3421 -0.040 0 0 -3.852 13.418 14.198
1 102 1 0.1184 -0.537 0 0 -6.954 13.710 16.436
1 103 22 0.1973 0.6132 0 0 -8.611 16.633 14.767
1 104 13 0.2960 0.8610 0 0 -7.372 16.211 11.343
1 105 3 0.0526 -0.806 0 0 -8.175 12.455 11.871
1 106 17 0.1447 -0.159 0 0 -5.163 11.390 9.626
1 107 3 0.1644 -0.848 0 0 -1.980 9.637 9.820
1 108 3 0.3355 0.0143 0 0 -0.782 11.756 6.828
1 109 22 0.5526 0.1418 0 0 -1.311 15.495 6.750
1 110 16 0.7236 -0.595 0 0 1.242 17.866 4.902
1 111 14 0.9144 -0.037 0 0 3.790 19.006 7.523
1 112 22 0.9605 0.0843 0 0 7.394 20.192 8.284
1 113 12 0.9342 -0.716 0 0 9.435 19.396 11.325
1 114 22 0.9671 0.6740 0 0 11.475 22.537 11.886
1 115 9 0.8618 0.0000 0 0 14.417 22.705 14.178
1 116 2 0.8486 0.3195 0 0 14.768 26.531 14.747
1 117 13 0.625 0.1334 0 0 17.713 28.489 16.070
1 118 5 0.4736 0.4299 0 0 20.467 26.338 14.457
1 119 3 0.2368 0.2923 0 0 22.684 29.535 14.575
1 120 12 0.1118 0.3943 0 0 23.454 29.327 18.252
1 121 0 0.0197 -0.858 0 0 26.390 27.592 19.750
1 122 0 0.0131 -0.591 0 0 25.420 25.412 22.685
1 123 1 0.0789 0.4730 0 0 22.722 23.389 21.475
0 124 18 0 0 0 0 22.722 23.389 21.475
1 125 22 0.2302 0.8868 0 0 19.662 18.710 19.906
1 126 7 0.0855 -0.912 0 0 22.090 16.954 17.587
1 127 17 0.3026 0.1987 0 0 20.503 17.120 14.164
1 128 1 0.0986 -0.898 0 0 20.503 13.322 13.589
1 129 6 0.1776 -0.183 0 0 18.062 12.706 16.393
1 130 0 0.4473 0.6438 0 0 15.499 14.730 14.727
1 131 6 0.3947 0.1216 0 0 15.954 13.479 11.098
1 132 3 0.1710 -0.770 0 0 15.425 9.929 12.561
1 133 12 0.3618 0.7009 0 0 12.157 10.973 14.292
1 134 0 0.5263 0.3248 0 0 11.413 12.794 10.994
1 135 1 0.2434 -0.880 0 0 11.911 9.595 9.131
1 136 17 0.1842 -0.260 0 0 9.783 7.867 11.818
1 137 20 0.4078 0.6077 0 0 6.834 10.217 11.061
1 138 9 0.375 0.0000 0 0 7.730 10.451 7.387
1 139 11 0.6381 0.7457 0 0 7.959 14.192 6.924
1 140 16 0.7631 0.1041 0 0 10.399 16.995 6.211
1 141 20 0.7960 -0.130 0 0 12.846 18.045 8.903
1 142 11 0.8421 0.1280 0 0 14.342 21.522 8.111
1 143 7 0.7763 -0.788 0 0 16.767 23.539 10.323
1 144 18 0.8092 0.9612 0 0 16.167 27.188 10.230
1 145 17 0.6907 -0.933 0 0 17.110 30.703 11.774
1 146 0 0.6513 0.4457 0 0 15.148 34.050 11.816
1 147 13 0.3684 -0.671 0 0 18.114 36.105 13.039
1 148 18 0.2763 0.0432 0 0 20.387 34.937 10.201
1 149 1 0.4605 0.0439 0 0 17.550 34.194 7.721
1 150 6 0.4539 -0.824 0 0 19.314 30.785 7.082
1 151 9 0.7105 0.0000 0 0 16.307 28.398 6.442
1 152 22 0.8223 -0.407 0 0 13.371 30.840 6.987
1 153 7 0.7894 -0.918 0 0 11.654 30.270 3.729
1 154 3 0.7828 -0.671 0 0 13.031 26.711 3.283
1 155 0 0.9407 0.7861 0 0 10.377 25.716 5.749
1 156 15 0.9276 0.3905 0 0 7.428 27.424 4.216
1 157 20 0.7434 -0.464 0 0 8.089 26.727 0.622
1 158 18 0.75 -0.131 0 0 8.737 22.843 1.078
1 159 12 0.8815 0.7631 0 0 5.411 22.579 3.126
1 160 22 0.6973 -0.402 0 0 3.459 24.198 0.105
1 161 1 0.4802 0.1634 0 0 4.836 21.655 -2.419
1 162 7 0.5723 0.4308 0 0 3.698 18.903 -0.079
1 163 11 0.5 0.5883 0 0 0.072 20.150 -0.021
0 164 1 0 0 0 0 0.072 20.150 -0.021
1 165 6 0.1052 0.2999 0 0 1.062 16.140 -4.024
1 166 10 0.2039 0.4640 0 0 -1.464 15.882 -1.263
