1 1 14 0.0 0.5040 0 0 -6.503 31.582 -7.076
1 2 18 0.0354 0.2328 0 0 -4.896 28.892 -4.850
1 3 7 0.1985 -0.596 0 0 -4.971 30.077 -1.294
1 4 20 0.5248 -0.133 0 0 -2.606 28.066 1.052
1 5 13 0.6950 0.1004 0 0 -3.614 27.370 4.770
1 6 12 0.9078 -0.010 0 0 -0.608 27.579 7.055
1 7 22 0.9432 -0.782 0 0 -0.750 26.976 10.891
1 8 22 0.9929 0.4974 0 0 2.645 26.598 12.595
0 9 22 0 0 0 0 2.645 26.598 12.595
1 10 9 0.9574 0.0000 0 0 5.124 23.010 18.170
0 11 0 0 0 0 0 5.124 23.010 18.170
0 12 16 0 0 0 0 5.124 23.010 18.170
1 13 9 0.6524 0.0000 0 0 9.325 29.872 23.188
0 14 22 0 0 0 0 9.325 29.872 23.188
1 15 9 0.8297 0.0000 0 0 11.195 30.939 18.089
1 16 13 0.9503 0.2904 0 0 8.216 29.944 16.006
1 17 17 0.8581 -0.666 0 0 6.656 33.434 15.373
1 18 0 0.8085 0.0883 0 0 10.225 34.410 14.564
1 19 12 0.9007 0.8564 0 0 10.162 32.517 11.401
1 20 18 0.8510 0.1920 0 0 7.143 34.206 9.985
0 21 11 0 0 0 0 7.143 34.206 9.985
1 22 6 0.5886 -0.382 0 0 11.428 36.997 8.676
0 23 12 0 0 0 0 11.428 36.997 8.676
1 24 11 0.5460 0.3489 0 0 6.449 37.620 5.845
1 25 6 0.3546 -0.135 0 0 7.870 40.781 7.294
1 26 2 0.2836 -0.688 0 0 11.384 40.113 6.204
1 27 10 0.2411 -0.315 0 0 12.890 40.873 9.751
1 28 15 0.2978 0.0561 0 0 14.033 39.709 13.219
1 29 22 0.2695 0.8633 0 0 12.146 40.335 16.183
0 30 3 0 0 0 0 12.146 40.335 16.183
0 31 7 0 0 0 0 12.146 40.335 16.183
1 32 20 0.0709 -0.081 0 0 9.972 38.934 24.838
1 33 3 0.1702 0.2174 0 0 6.642 38.984 22.869
0 34 16 0 0 0 0 6.642 38.984 22.869
0 35 18 0 0 0 0 6.642 38.984 22.869
1 36 11 0.3829 -0.992 0 0 -1.895 34.931 21.484
1 37 7 0.5177 -0.243 0 0 -2.469 34.675 17.693
1 38 3 0.5815 -0.123 0 0 -1.515 35.994 14.247
1 39 17 0.5744 -0.833 0 0 -2.953 35.165 10.824
1 40 20 0.5602 0.2680 0 0 -0.799 36.422 7.950
1 41 1 0.3900 -0.521 0 0 -1.441 36.880 4.208
1 42 13 0.3333 -0.111 0 0 1.146 37.316 1.477
1 43 6 0.1134 -0.820 0 0 0.941 36.742 -2.290
1 44 22 0.1418 0.8884 0 0 3.961 34.597 -3.574
1 45 22 0.0496 -0.918 0 0 4.750 32.462 -6.436
1 46 11 0.2056 0.9936 0 0 6.135 29.012 -5.423
1 47 3 0.0425 0.6671 0 0 7.756 26.941 -8.049
1 48 9 0.0070 0.0000 0 0 5.336 28.461 -10.609
0 49 7 0 0 0 0 5.336 28.461 -10.609
1 50 18 0.0283 -0.737 0 0 0.037 32.560 -7.963
1 51 5 0.1276 0.4886 0 0 0.224 31.681 -4.314
1 52 12 0.2553 -0.297 0 0 -1.172 33.476 -1.351
1 53 12 0.5673 0.3655 0 0 0.059 32.336 1.947
1 54 3 0.6666 -0.600 0 0 -2.304 32.125 4.861
0 55 11 0 0 0 0 -2.304 32.125 4.861
0 56 12 0 0 0 0 -2.304 32.125 4.861
1 57 3 0.9148 -0.009 0 0 1.430 31.790 13.568
1 58 18 0.8723 0.4349 0 0 1.071 30.154 16.977
1 59 0 0.7872 -0.912 0 0 1.976 30.424 20.386
1 60 9 0.7659 0.0000 0 0 2.265 27.097 22.081
1 61 6 0.4609 -0.217 0 0 1.757 28.491 25.610
1 62 7 0.2269 -0.845 0 0 -0.448 26.509 27.818
1 63 7 0.0851 -0.399 0 0 -3.896 28.318 27.784
1 64 20 0.2624 0.4747 0 0 -5.329 27.467 24.251
1 65 17 0.2765 -0.544 0 0 -5.586 23.591 24.106
1 66 0 0.1063 -0.999 0 0 -9.344 23.331 22.849
1 67 14 0.2127 0.0067 0 0 -8.944 26.559 20.732
1 68 1 0.5035 0.2784 0 0 -6.179 24.639 19.125
1 69 3 0.3687 -0.681 0 0 -8.667 21.881 17.778
0 70 6 0 0 0 0 -8.667 21.881 17.778
1 71 20 0.6028 0.5981 0 0 -7.084 25.940 14.381
1 72 14 0.6879 0.1805 0 0 -5.953 22.343 13.715
1 73 1 0.4042 -0.852 0 0 -9.288 21.902 11.830
1 74 18 0.4397 -0.398 0 0 -8.989 24.644 9.268
1 75 9 0.7163 0.0000 0 0 -5.367 23.995 8.040
1 76 7 0.7092 -0.707 0 0 -3.639 21.863 5.306
1 77 9 0.8865 0.0000 0 0 0.067 22.128 6.134
1 78 15 0.9716 -0.831 0 0 1.279 22.250 9.751
0 79 12 0 0 0 0 1.279 22.250 9.751
0 80 5 0 0 0 0 1.279 22.250 9.751
1 81 22 0.9858 0.4283 0 0 8.675 23.612 15.686
1 82 15 0.8794 -0.182 0 0 11.520 23.194 18.279
1 83 0 0.7304 -0.442 0 0 14.526 25.144 19.404
1 84 11 0.5390 -0.231 0 0 17.811 23.039 18.802
1 85 2 0.3120 0.2029 0 0 18.791 23.717 22.375
1 86 2 0.4113 0.2708 0 0 15.403 22.750 23.859
1 87 18 0.3262 -0.869 0 0 14.969 19.019 24.406
1 88 13 0.3404 -0.333 0 0 11.639 19.439 26.329
1 89 17 0.6595 0.4930 0 0 10.405 21.299 23.168
1 90 15 0.6737 -0.242 0 0 11.631 18.345 20.961
1 91 7 0.4468 -0.861 0 0 9.607 16.345 23.424
1 92 3 0.6170 -0.125 0 0 6.523 18.570 23.080
1 93 11 0.8014 0.5261 0 0 6.415 17.388 19.347
1 94 10 0.5319 -0.897 0 0 4.790 14.076 20.262
1 95 6 0.4964 0.1574 0 0 1.880 15.737 22.148
1 96 20 0.7375 0.6134 0 0 1.085 17.861 19.211
1 97 1 0.7234 -0.120 0 0 1.048 15.472 16.283
1 98 7 0.4326 -0.569 0 0 -1.550 13.482 18.041
1 99 6 0.4539 -0.017 0 0 -4.344 16.258 18.093
1 100 11 0.6453 0.9999 0 0 -3.855 17.068 14.361
1 101 13 0.4184 0.0250 0 0 -3.872 13.312 13.566
1 102 1 0.1489 -0.267 0 0 -6.902 13.069 15.687
0 103 22 0 0 0 0 -6.902 13.069 15.687
1 104 13 0.3191 0.5551 0 0 -7.928 15.799 11.370
1 105 3 0.0638 -0.643 0 0 -8.601 12.037 11.960
1 106 17 0.1347 0.1600 0 0 -5.584 11.208 9.772
1 107 3 0.1843 -0.897 0 0 -2.559 9.458 10.291
1 108 3 0.3758 -0.802 0 0 -0.983 11.272 7.503
1 109 22 0.6312 0.4196 0 0 -1.294 15.061 7.611
1 110 16 0.7730 -0.529 0 0 1.033 17.263 5.345
1 111 14 0.9219 0.0587 0 0 3.441 18.438 8.034
0 112 22 0 0 0 0 3.441 18.438 8.034
1 113 12 0.9645 -0.765 0 0 9.554 19.302 11.637
1 114 22 0.9787 0.7823 0 0 11.182 22.679 12.527
1 115 9 0.8652 0.0000 0 0 14.671 23.002 13.809
1 116 2 0.8439 0.2360 0 0 14.855 26.556 14.941
1 117 13 0.6241 0.0646 0 0 17.597 28.343 16.683
1 118 5 0.4751 0.2054 0 0 20.339 26.655 14.495
1 119 3 0.1914 0.0553 0 0 22.973 29.607 14.486
1 120 12 0.0921 0.5731 0 0 23.516 29.095 18.210
1 121 0 0.0141 -0.811 0 0 26.436 27.234 19.998
1 122 9 0.0212 0.0000 0 0 25.176 24.756 22.669
1 123 1 0.0780 0.5466 0 0 22.370 22.567 21.556
1 124 18 0.0567 0.0201 0 0 20.696 19.763 23.484
1 125 22 0.2907 0.8107 0 0 18.708 18.370 20.476
1 126 7 0.1205 -0.981 0 0 21.259 16.827 18.230
1 127 17 0.3049 -0.192 0 0 20.385 16.957 14.490
1 128 1 0.0992 -0.749 0 0 20.710 13.211 14.425
1 129 6 0.1773 0.0389 0 0 17.862 12.716 16.726
1 130 0 0.5106 0.6727 0 0 15.322 14.857 14.796
0 131 6 0 0 0 0 15.322 14.857 14.796
1 132 3 0.1560 -0.834 0 0 15.111 9.607 13.115
0 133 12 0 0 0 0 15.111 9.607 13.115
1 134 0 0.6099 0.4042 0 0 11.128 12.916 11.534
1 135 1 0.3617 -0.713 0 0 11.657 10.049 9.322
1 136 17 0.2198 0.1636 0 0 9.394 7.904 11.679
1 137 20 0.4893 0.5507 0 0 6.588 10.417 11.300
1 138 9 0.4822 0.0000 0 0 6.431 10.945 7.552
0 139 11 0 0 0 0 6.431 10.945 7.552
0 140 16 0 0 0 0 6.431 10.945 7.552
0 141 20 0 0 0 0 6.431 10.945 7.552
1 142 11 0.8368 0.3017 0 0 14.599 21.013 8.448
1 143 7 0.7517 -0.632 0 0 17.089 23.199 10.457
1 144 18 0.8156 0.9916 0 0 16.077 26.776 10.349
1 145 17 0.6808 -0.979 0 0 17.673 29.949 11.432
1 146 0 0.7021 0.6342 0 0 15.280 32.684 11.854
1 147 13 0.3971 -0.694 0 0 18.343 34.771 13.007
1 148 18 0.2340 -0.104 0 0 20.421 34.552 9.797
1 149 1 0.4255 -0.019 0 0 17.864 33.438 7.237
1 150 6 0.4680 -0.427 0 0 19.078 29.901 6.818
0 151 9 0 0 0 0 19.078 29.901 6.818
1 152 22 0.8226 -0.245 0 0 12.772 30.745 6.654
1 153 7 0.7801 -0.922 0 0 11.320 29.858 3.256
1 154 3 0.7446 -0.476 0 0 13.306 26.503 2.978
1 155 0 0.9290 0.6715 0 0 11.208 25.227 5.863
1 156 15 0.9361 0.4912 0 0 7.822 26.898 4.767
1 157 20 0.7943 -0.436 0 0 7.666 26.457 0.966
0 158 18 0 0 0 0 7.666 26.457 0.966
1 159 12 0.8936 0.8207 0 0 5.524 22.524 3.488
1 160 22 0.7588 -0.284 0 0 3.631 24.245 0.709
1 161 1 0.5531 -0.018 0 0 5.291 21.721 -1.716
1 162 7 0.6382 0.2641 0 0 3.865 18.840 0.456
1 163 11 0.5957 0.5137 0 0 0.401 20.439 0.358
1 164 1 0.3475 0.1029 0 0 0.899 20.400 -3.368
1 165 6 0.1631 -0.410 0 0 1.304 16.567 -3.389
1 166 10 0.2482 0.0000 0 0 -1.088 15.188 -0.724
