1 1 14 0.0 0.6823 0 0 -5.935 33.156 -5.860
1 2 18 0.0493 -0.018 0 0 -4.507 29.799 -5.046
1 3 7 0.2777 -0.250 0 0 -4.082 30.074 -1.337
1 4 20 0.5308 -0.081 0 0 -2.984 27.700 1.485
1 5 13 0.6543 -0.781 0 0 -4.570 27.934 5.040
1 6 12 0.8518 0.1933 0 0 -1.754 26.214 6.931
1 7 22 0.9567 -0.624 0 0 -0.586 26.919 10.555
1 8 22 0.9876 0.9578 0 0 2.178 25.902 13.067
1 9 22 0.9506 -0.833 0 0 1.439 24.938 16.757
1 10 9 0.9444 0.0000 0 0 4.776 24.558 18.890
1 11 0 0.7962 -0.022 0 0 7.026 24.012 21.867
1 12 16 0.5740 -0.329 0 0 7.450 26.206 24.920
1 13 9 0.5432 0.0000 0 0 9.568 29.278 24.101
1 14 22 0.7469 0.4787 0 0 11.317 29.316 20.756
1 15 9 0.8364 0.0000 0 0 9.953 31.548 17.927
1 16 13 0.8364 0.0000 0 0 9.953 31.548 17.927
1 17 17 0.8703 -0.737 0 0 5.877 33.881 15.100
1 18 0 0.8086 -0.473 0 0 9.390 34.912 14.302
1 19 12 0.9197 0.9840 0 0 10.651 32.422 11.603
1 20 18 0.8765 0.6698 0 0 8.143 34.019 9.287
1 21 11 0.6790 -0.389 0 0 8.961 37.373 10.762
1 22 6 0.5617 -0.636 0 0 12.111 37.306 8.753
1 23 12 0.5925 0.7247 0 0 9.607 37.071 5.890
1 24 11 0.5061 0.4443 0 0 6.016 38.611 5.763
1 25 6 0.3024 -0.071 0 0 7.176 41.763 7.273
1 26 2 0.3209 -0.125 0 0 10.669 40.612 6.455
1 27 10 0.2222 -0.019 0 0 13.123 41.410 9.150
1 28 15 0.2962 0.1734 0 0 14.259 40.232 12.603
1 29 22 0.2067 0.3923 0 0 12.496 41.696 15.456
1 30 3 0.2067 0.0000 0 0 12.496 41.696 15.456
1 31 7 0.0432 -0.974 0 0 11.219 42.179 21.887
1 32 20 0.0987 0.4769 0 0 7.407 41.555 21.805
1 33 3 0.2716 0.1012 0 0 6.114 38.270 22.980
1 34 16 0.4814 0.7143 0 0 3.551 36.857 20.597
1 35 18 0.4876 0.7156 0 0 0.201 35.727 20.087
1 36 11 0.3518 -0.959 0 0 -3.252 35.454 20.243
1 37 7 0.5185 -0.677 0 0 -3.863 33.790 16.833
1 38 3 0.5123 0.3207 0 0 -1.935 36.469 14.899
1 39 17 0.5555 -0.623 0 0 -2.739 35.734 11.397
1 40 20 0.4753 0.5439 0 0 -1.902 37.665 8.217
1 41 1 0.4074 -0.225 0 0 -1.921 36.781 4.435
1 42 13 0.3302 -0.161 0 0 0.817 37.726 1.771
1 43 6 0.3302 0.0000 0 0 0.817 37.726 1.771
1 44 22 0.1419 0.7294 0 0 4.709 35.978 -3.625
1 45 22 0.0771 -0.986 0 0 5.745 33.457 -6.363
1 46 11 0.0771 0.0000 0 0 5.745 33.457 -6.363
1 47 3 0.0925 0.6146 0 0 8.693 28.009 -7.393
1 48 9 0.0061 0.0000 0 0 6.591 29.764 -10.008
1 49 7 0.0555 0.2667 0 0 3.311 29.254 -8.071
1 50 18 0.0246 -0.903 0 0 0.638 31.895 -7.597
1 51 5 0.2283 0.7218 0 0 0.069 31.768 -3.687
1 52 12 0.2901 -0.463 0 0 -1.197 34.084 -1.044
1 53 12 0.5833 0.1560 0 0 1.633 33.252 1.531
1 54 3 0.5833 0.0000 0 0 1.633 33.252 1.531
1 55 11 0.8580 0.4660 0 0 0.664 31.967 8.089
1 56 12 0.8148 -0.515 0 0 -1.509 31.987 11.194
1 57 3 0.8641 -0.058 0 0 0.719 32.311 14.311
1 58 18 0.8024 0.0342 0 0 -0.381 30.787 17.626
1 59 0 0.6913 -0.943 0 0 1.084 30.860 21.193
1 60 9 0.6975 0.0000 0 0 4.234 29.481 22.769
0 61 6 0 0 0 0 4.234 29.481 22.769
0 62 7 0 0 0 0 4.234 29.481 22.769
0 63 7 0 0 0 0 4.234 29.481 22.769
1 64 20 0.2407 0.9389 0 0 -5.233 25.843 24.559
1 65 17 0.0370 -0.895 0 0 -8.026 23.953 26.535
1 66 0 0.0308 -0.735 0 0 -10.553 24.555 23.881
1 67 14 0.1543 -0.336 0 0 -9.252 27.143 21.240
1 68 1 0.4691 0.3430 0 0 -6.202 25.045 20.033
1 69 3 0.2592 -0.286 0 0 -8.920 22.514 19.316
1 70 6 0.1913 -0.135 0 0 -10.920 25.129 17.502
1 71 20 0.4135 0.5411 0 0 -8.885 27.244 15.152
1 72 14 0.5987 0.4809 0 0 -6.866 24.211 14.055
1 73 1 0.3641 -0.632 0 0 -9.666 22.435 12.229
1 74 18 0.4259 -0.299 0 0 -9.112 24.779 9.198
1 75 9 0.6851 0.0000 0 0 -5.538 23.939 8.503
1 76 7 0.7222 -0.537 0 0 -3.658 22.322 5.681
1 77 9 0.9074 0.0000 0 0 -0.157 22.282 7.053
1 78 15 0.9629 -0.574 0 0 0.992 22.153 10.654
1 79 12 0.9814 -0.179 0 0 4.677 21.614 10.260
1 80 5 0.9938 -0.795 0 0 5.442 22.578 13.776
1 81 22 0.9753 0.3317 0 0 8.713 23.898 15.125
1 82 15 0.9135 -0.271 0 0 10.957 23.700 18.045
1 83 0 0.7592 -0.731 0 0 14.608 24.832 18.725
1 84 11 0.6481 0.2081 0 0 17.114 22.091 17.352
1 85 2 0.3888 0.2836 0 0 18.668 22.088 20.607
1 86 2 0.4012 0.1381 0 0 15.894 22.189 23.264
1 87 18 0.2160 -0.969 0 0 15.227 19.133 25.428
1 88 13 0.3703 -0.010 0 0 11.370 19.527 25.506
1 89 17 0.6666 0.0900 0 0 11.011 20.500 21.835
1 90 15 0.7037 -0.842 0 0 10.746 17.506 19.310
1 91 7 0.4629 -0.976 0 0 9.768 15.814 22.538
1 92 3 0.6080 0.1853 0 0 6.947 18.343 22.477
1 93 11 0.6080 0.0000 0 0 6.947 18.343 22.477
1 94 10 0.6234 -0.948 0 0 5.340 14.572 18.641
1 95 6 0.5 -0.361 0 0 3.543 15.705 21.703
1 96 20 0.7345 0.0896 0 0 1.997 18.233 19.315
1 97 1 0.7283 -0.006 0 0 1.574 15.722 16.358
1 98 7 0.4320 -0.576 0 0 -1.164 13.283 17.411
1 99 6 0.4382 0.1436 0 0 -3.696 15.994 18.393
1 100 11 0.6419 0.9784 0 0 -3.410 17.458 14.808
1 101 13 0.4197 0.1622 0 0 -3.924 13.864 13.642
1 102 1 0.1851 -0.305 0 0 -6.779 13.690 16.176
1 103 22 0.2530 0.8062 0 0 -8.459 16.992 15.017
1 104 13 0.2469 0.4223 0 0 -8.566 16.447 11.325
1 105 3 0.0679 -0.817 0 0 -8.748 12.549 11.860
1 106 17 0.1666 0.2826 0 0 -5.896 12.029 9.474
1 107 3 0.1759 -0.500 0 0 -3.003 9.874 10.313
1 108 3 0.1759 0.0000 0 0 -3.003 9.874 10.313
1 109 22 0.5679 0.0864 0 0 -1.301 14.978 7.390
1 110 16 0.7716 -0.200 0 0 0.586 18.026 5.924
1 111 14 0.9012 -0.111 0 0 3.688 18.091 8.162
1 112 22 0.9320 0.0152 0 0 7.462 18.447 8.474
1 113 12 0.9259 -0.754 0 0 9.854 18.420 11.453
1 114 22 0.9691 0.7336 0 0 11.240 22.016 11.632
1 115 9 0.8827 0.0000 0 0 13.992 22.493 14.227
1 116 2 0.8456 0.7425 0 0 14.797 26.159 14.994
1 117 13 0.6358 -0.016 0 0 18.048 27.881 16.023
1 118 5 0.3827 0.2073 0 0 21.576 26.562 15.199
1 119 3 0.1481 0.4264 0 0 23.534 29.727 15.670
1 120 12 0.0864 0.0788 0 0 23.504 29.739 19.411
1 121 0 0.0123 -0.931 0 0 25.652 26.799 20.012
1 122 0 0.0185 -0.288 0 0 24.126 24.218 22.267
1 123 1 0.1049 0.2297 0 0 22.216 21.383 20.535
1 124 18 0.0617 0.0431 0 0 20.948 18.404 22.888
1 125 22 0.2654 0.9374 0 0 18.787 17.604 20.088
1 126 7 0.1111 -0.809 0 0 21.466 16.477 17.731
1 127 17 0.3456 -0.453 0 0 20.152 17.257 14.229
1 128 1 0.1234 -0.774 0 0 20.588 13.650 13.111
1 129 6 0.1358 0.3300 0 0 18.751 12.525 16.293
1 130 0 0.4444 0.8614 0 0 15.349 14.017 15.379
1 131 6 0.3580 0.1237 0 0 16.203 12.871 11.867
1 132 3 0.1296 -0.994 0 0 15.289 9.205 12.749
1 133 12 0.3765 0.6931 0 0 12.053 10.796 13.958
1 134 0 0.4938 0.2529 0 0 11.825 12.110 10.395
1 135 1 0.1604 -0.736 0 0 12.625 8.644 8.939
1 136 17 0.1172 -0.206 0 0 9.575 7.000 10.561
1 137 20 0.3950 0.6337 0 0 7.465 10.023 9.587
1 138 9 0.3395 0.0000 0 0 8.729 10.129 6.002
1 139 11 0.6172 0.6535 0 0 8.481 13.940 5.911
0 140 16 0 0 0 0 8.481 13.940 5.911
1 141 20 0.7839 -0.296 0 0 13.319 17.771 9.156
1 142 11 0.8209 0.6100 0 0 14.716 21.435 9.105
1 143 7 0.7654 -0.855 0 0 17.087 23.793 11.070
1 144 18 0.7901 0.7748 0 0 16.477 27.722 11.019
1 145 17 0.6728 -0.914 0 0 16.941 31.326 12.244
1 146 0 0.6296 0.2675 0 0 15.273 34.682 11.460
1 147 13 0.3117 -0.603 0 0 18.291 36.863 12.362
1 148 18 0.3117 0.0000 0 0 18.291 36.863 12.362
1 149 1 0.4567 -0.021 0 0 17.336 34.738 7.255
1 150 6 0.4506 -0.872 0 0 18.596 31.625 5.410
1 151 9 0.6604 0.0000 0 0 16.577 28.414 5.259
1 152 22 0.8271 0.0031 0 0 13.345 29.836 6.739
1 153 7 0.7530 -0.856 0 0 11.791 30.500 3.251
1 154 3 0.7098 -0.167 0 0 13.326 27.243 2.172
1 155 0 0.8950 0.7422 0 0 11.271 25.238 4.707
1 156 15 0.9382 -0.287 0 0 7.891 27.015 4.317
1 157 20 0.7407 -0.479 0 0 8.369 26.939 0.588
1 158 18 0.7777 0.1854 0 0 9.068 23.230 1.365
1 159 12 0.8888 0.6237 0 0 5.652 23.426 3.098
1 160 22 0.7160 -0.398 0 0 4.225 24.741 -0.165
1 161 1 0.5246 0.0863 0 0 5.756 21.628 -1.701
1 162 7 0.5493 0.2255 0 0 4.033 18.612 0.039
1 163 11 0.5370 0.7606 0 0 0.503 20.161 0.294
1 164 1 0.2839 0.1735 0 0 0.064 20.421 -3.534
1 165 6 0.1975 0.2775 0 0 0.925 16.757 -3.153
1 166 10 0.2345 0.6669 0 0 -2.107 16.335 -0.746
