1 1 14 0.0175 0.3827 0 0 5.632 11.136 32.736
1 2 18 0.0760 0.1809 0 0 9.314 11.431 33.268
1 3 7 0.3274 -0.268 0 0 11.134 14.238 31.388
1 4 20 0.5964 -0.253 0 0 14.804 13.984 30.545
1 5 13 0.7134 -0.928 0 0 16.483 17.251 29.653
1 6 12 0.9064 0.2256 0 0 19.262 16.398 27.154
1 7 22 0.9473 -0.637 0 0 21.811 18.862 25.523
1 8 22 0.9883 0.1648 0 0 23.535 17.975 22.169
1 9 22 0.9649 -0.181 0 0 26.892 19.686 22.153
1 10 9 0.9122 0.0000 0 0 29.839 19.764 19.731
1 11 0 0.7368 -0.529 0 0 31.670 21.698 16.969
1 12 9 0.6081 0.0000 0 0 29.726 23.112 14.034
1 13 9 0.5438 0.0000 0 0 29.210 20.828 11.067
1 14 22 0.7836 0.6672 0 0 29.380 17.601 13.072
1 15 9 0.8245 0.0000 0 0 25.672 16.836 12.624
1 16 13 0.9181 0.0413 0 0 24.014 17.924 15.844
1 17 17 0.8011 -0.639 0 0 20.883 19.170 14.047
1 18 0 0.7192 -0.320 0 0 20.822 16.220 11.681
1 19 12 0.8888 0.6996 0 0 20.909 13.753 14.621
1 20 18 0.8830 0.2776 0 0 18.299 15.670 16.596
1 21 11 0.6549 -0.525 0 0 15.920 16.007 13.695
1 22 6 0.6140 -0.320 0 0 16.475 12.444 12.723
1 23 12 0.6959 0.6251 0 0 15.330 11.300 16.059
1 24 11 0.5263 0.3791 0 0 12.367 13.640 16.326
1 25 6 0.2573 -0.001 0 0 10.908 13.483 12.694
1 26 2 0.2807 -0.496 0 0 12.616 10.409 11.388
1 27 10 0.1520 -0.198 0 0 14.085 12.039 8.184
1 28 15 0.2923 0.1838 0 0 17.493 13.381 7.203
1 29 22 0.2280 0.1539 0 0 18.122 17.067 6.738
1 30 3 0.1286 -0.848 0 0 21.109 18.440 4.867
1 31 7 0.0877 -0.953 0 0 21.677 22.182 5.154
1 32 20 0.2222 0.5321 0 0 19.874 23.100 8.419
1 33 3 0.1228 -0.607 0 0 20.595 26.706 9.455
1 34 16 0.3333 -0.893 0 0 23.886 26.566 11.344
1 35 18 0.1871 -0.968 0 0 22.779 29.420 13.516
1 36 11 0.2982 -0.623 0 0 19.438 28.193 14.852
1 37 7 0.5087 0.2745 0 0 19.431 26.786 18.450
1 38 3 0.4912 -0.779 0 0 16.152 25.340 19.723
1 39 17 0.5672 -0.263 0 0 14.487 22.603 21.694
1 40 20 0.5497 0.1340 0 0 12.679 19.603 20.511
1 41 1 0.4385 -0.382 0 0 10.396 17.104 22.210
1 42 13 0.3742 0.1030 0 0 9.155 13.601 21.515
1 43 6 0.1578 -0.844 0 0 7.383 11.010 23.595
1 44 22 0.2456 0.9919 0 0 9.123 7.650 23.513
1 45 22 0.1052 -0.987 0 0 9.204 4.325 25.316
1 46 11 0.2865 0.9766 0 0 12.676 3.378 26.457
1 47 3 0.0701 0.6709 0 0 12.935 0.074 28.450
1 48 9 0.0116 0.0000 0 0 9.289 0.039 29.176
1 49 7 0.0467 0.4587 0 0 9.321 3.602 30.553
1 50 18 0.0526 -0.733 0 0 7.271 6.246 28.781
1 51 5 0.1637 0.7352 0 0 9.019 9.475 28.902
1 52 12 0.3216 -0.323 0 0 9.250 12.908 27.358
1 53 12 0.6257 0.5293 0 0 12.606 13.788 25.842
1 54 3 0.6608 -0.552 0 0 13.472 17.526 25.913
1 55 11 0.8654 0.4882 0 0 16.387 18.103 23.558
1 56 12 0.8538 -0.451 0 0 18.446 21.367 23.147
1 57 3 0.8771 -0.270 0 0 20.134 21.399 19.767
1 58 18 0.8362 0.4901 0 0 22.905 23.766 20.550
1 59 0 0.6198 -0.415 0 0 24.075 26.318 18.005
1 60 9 0.3859 0.0000 0 0 25.960 29.474 18.689
1 61 6 0.1461 -0.493 0 0 29.100 31.409 18.904
1 62 7 0.3040 0.5124 0 0 29.978 30.208 22.179
1 63 7 0.1988 -0.508 0 0 33.660 29.512 22.381
1 64 20 0.4736 -0.479 0 0 33.929 25.665 22.799
1 65 17 0.5146 -0.969 0 0 31.926 25.851 26.021
1 66 0 0.5614 -0.455 0 0 28.331 26.230 27.382
1 67 14 0.5789 0.7080 0 0 25.767 27.232 24.762
1 68 1 0.4678 -0.035 0 0 22.285 28.013 26.303
1 69 3 0.3508 -0.829 0 0 23.227 28.403 30.021
1 70 6 0.1929 -0.988 0 0 19.721 28.260 31.480
1 71 20 0.5204 0.2957 0 0 19.726 24.720 29.868
1 72 14 0.6491 0.4102 0 0 23.385 23.790 30.574
1 73 1 0.3918 -0.728 0 0 23.046 23.911 34.369
1 74 18 0.4210 -0.491 0 0 19.716 22.335 33.888
1 75 9 0.7251 0.0000 0 0 20.640 19.639 31.347
1 76 7 0.7076 -0.582 0 0 20.487 16.229 32.858
1 77 9 0.8947 0.0000 0 0 22.660 14.638 30.213
1 78 15 0.9766 -0.819 0 0 24.895 15.625 27.338
1 79 12 0.9941 0.7341 0 0 25.528 14.144 23.932
1 80 5 0.9824 -0.596 0 0 29.148 15.070 22.868
1 81 22 0.9707 0.3812 0 0 29.311 14.716 19.149
1 82 15 0.8713 -0.302 0 0 32.233 14.864 16.755
1 83 0 0.6900 -0.469 0 0 32.476 13.761 13.106
1 84 11 0.5029 -0.005 0 0 34.444 10.609 12.209
1 85 2 0.2514 0.0547 0 0 36.103 12.618 9.460
1 86 2 0.3450 0.2827 0 0 37.039 15.776 11.252
1 87 18 0.2397 -0.827 0 0 39.828 15.246 13.649
1 88 13 0.2748 -0.241 0 0 39.571 18.824 15.068
1 89 17 0.5906 0.3796 0 0 35.925 18.286 16.140
1 90 15 0.6023 -0.260 0 0 37.234 15.200 17.870
1 91 7 0.4035 -0.863 0 0 40.069 16.957 19.624
1 92 3 0.5321 -0.366 0 0 37.579 19.714 20.729
1 93 11 0.7602 0.6473 0 0 35.649 17.129 22.802
1 94 10 0.5380 -0.898 0 0 37.846 17.682 25.890
1 95 6 0.4970 -0.799 0 0 36.919 21.308 26.064
1 96 20 0.7660 0.3600 0 0 33.128 20.653 25.983
1 97 1 0.7426 -0.354 0 0 33.512 17.972 28.607
1 98 7 0.4502 -0.493 0 0 35.379 20.454 30.843
1 99 6 0.4795 -0.308 0 0 32.895 23.264 30.417
1 100 11 0.6783 0.9881 0 0 30.061 20.678 31.155
1 101 13 0.4561 -0.046 0 0 31.923 19.464 34.257
1 102 1 0.2105 -0.122 0 0 32.666 23.139 35.147
1 103 22 0.2690 0.7385 0 0 29.053 24.514 35.132
1 104 13 0.3567 0.6915 0 0 27.631 21.297 36.606
1 105 3 0.0935 -0.913 0 0 30.170 21.217 39.371
1 106 17 0.1403 0.3223 0 0 31.119 17.428 38.984
1 107 3 0.3157 0.0265 0 0 32.975 14.781 36.850
1 108 3 0.3801 -0.708 0 0 29.899 12.569 37.203
1 109 22 0.6315 0.2980 0 0 27.313 14.052 34.886
1 110 16 0.8070 -0.523 0 0 25.719 11.792 32.350
1 111 14 0.9298 -0.183 0 0 27.268 11.891 28.899
1 112 22 0.9590 0.0651 0 0 27.655 9.857 25.778
1 113 12 0.9415 -0.730 0 0 30.423 10.336 23.133
1 114 22 0.9532 0.7078 0 0 29.069 10.184 19.587
1 115 9 0.8596 0.0000 0 0 31.125 9.624 16.465
1 116 2 0.8304 0.1996 0 0 28.794 10.825 13.713
1 117 13 0.5555 0.0449 0 0 28.815 10.482 9.839
1 118 5 0.4269 0.3330 0 0 30.039 6.829 10.120
1 119 3 0.1695 0.3750 0 0 28.557 6.383 6.588
1 120 12 0.0818 0.3155 0 0 31.420 8.195 5.168
1 121 0 0.0350 -0.778 0 0 34.058 5.715 4.114
1 122 0 0.0233 0.2721 0 0 36.993 7.645 4.864
1 123 1 0.0643 0.5002 0 0 37.690 8.677 8.456
1 124 18 0.0584 0.1456 0 0 40.415 10.644 10.142
1 125 22 0.2046 0.8558 0 0 39.359 9.289 13.569
1 126 7 0.1111 -0.612 0 0 39.521 5.597 13.982
1 127 17 0.2631 -0.142 0 0 36.958 3.853 16.028
1 128 1 0.0994 -0.573 0 0 39.540 2.504 18.463
1 129 6 0.1345 -0.014 0 0 40.951 5.962 19.475
1 130 0 0.4853 0.5413 0 0 37.519 7.195 20.347
1 131 6 0.4093 -0.374 0 0 36.634 4.135 22.384
1 132 3 0.1754 -0.895 0 0 39.877 4.518 24.427
1 133 12 0.3976 0.4726 0 0 39.076 8.121 24.982
1 134 0 0.5847 0.4076 0 0 35.572 7.267 26.118
1 135 1 0.3391 -0.534 0 0 36.888 4.538 28.319
1 136 17 0.1812 0.0687 0 0 39.253 6.842 30.065
1 137 20 0.4327 0.5215 0 0 36.263 9.189 30.643
1 138 9 0.4152 0.0000 0 0 34.051 6.360 31.886
1 139 11 0.7017 0.6941 0 0 31.337 7.039 29.264
1 140 16 0.7719 0.2123 0 0 29.808 5.163 26.358
1 141 20 0.8128 -0.196 0 0 30.847 5.688 22.810
1 142 11 0.8421 0.3585 0 0 28.402 5.167 20.004
1 143 7 0.7543 -0.723 0 0 28.839 5.645 16.213
1 144 18 0.7894 0.9843 0 0 25.912 7.000 14.369
1 145 17 0.6374 -0.988 0 0 24.931 8.264 10.953
1 146 0 0.6666 0.3999 0 0 22.251 10.924 10.673
1 147 13 0.3625 -0.779 0 0 22.245 10.265 7.012
1 148 18 0.2339 -0.182 0 0 21.247 6.574 7.289
1 149 1 0.4619 0.0789 0 0 19.816 6.631 10.743
1 150 6 0.4444 -0.990 0 0 22.096 3.920 11.968
1 151 9 0.6842 0.0000 0 0 22.814 4.279 15.735
1 152 22 0.8479 -0.294 0 0 20.819 7.551 16.303
1 153 7 0.7309 -0.902 0 0 18.180 5.865 18.594
1 154 3 0.7485 -0.809 0 0 20.938 3.904 20.424
1 155 0 0.9239 0.6081 0 0 22.905 7.129 21.025
1 156 15 0.9356 0.4734 0 0 20.013 9.072 22.620
1 157 20 0.7953 -0.524 0 0 18.579 6.060 24.467
1 158 18 0.8187 0.1215 0 0 21.992 5.184 25.887
1 159 12 0.9005 0.7877 0 0 22.070 8.715 27.175
1 160 22 0.7777 -0.416 0 0 18.626 8.307 28.866
1 161 1 0.5730 -0.100 0 0 19.811 5.042 30.473
1 162 7 0.6725 0.3692 0 0 22.853 6.779 31.864
1 163 11 0.6432 0.6038 0 0 20.673 9.496 33.382
1 164 1 0.3684 -0.046 0 0 18.416 6.806 34.869
1 165 6 0.2163 -0.257 0 0 21.245 4.988 36.585
1 166 10 0.3099 0.3402 0 0 22.736 8.254 37.783
1 167 13 0.1169 0.4188 0 0 19.445 9.215 39.419
1 168 12 0.0409 -0.081 0 0 19.037 5.783 40.890
1 169 1 0.0292 0.5896 0 0 22.431 6.007 42.577
1 170 13 0.0058 -0.634 0 0 21.367 8.561 45.367
1 171 12 0.0 -0.814 0 0 18.932 5.742 46.151
