1 1 14 0.0060 0.3672 0 0 -5.986 31.280 -6.588
1 2 18 0.0421 0.1927 0 0 -4.889 28.128 -4.862
1 3 7 0.2289 -0.482 0 0 -4.669 28.726 -1.160
1 4 20 0.5421 -0.259 0 0 -2.602 26.699 1.303
1 5 13 0.6686 -0.883 0 0 -3.852 26.620 4.878
1 6 12 0.8975 0.0761 0 0 -0.658 26.263 6.895
1 7 22 0.9457 -0.629 0 0 -0.543 25.938 10.678
1 8 22 0.9879 0.3050 0 0 2.530 26.422 12.797
1 9 22 0.9698 -0.249 0 0 2.496 24.501 16.100
1 10 9 0.9277 0.0000 0 0 4.853 23.608 18.922
1 11 0 0.7951 -0.519 0 0 5.872 24.464 22.461
1 12 9 0.6325 0.0000 0 0 6.039 27.983 23.786
1 13 9 0.6204 0.0000 0 0 9.051 29.979 22.754
1 14 22 0.8192 0.6189 0 0 10.391 27.581 20.120
1 15 9 0.8614 0.0000 0 0 10.166 30.281 17.468
1 16 13 0.9518 0.0667 0 0 6.853 29.703 15.652
1 17 17 0.8433 -0.610 0 0 6.143 33.431 15.348
1 18 0 0.7771 -0.279 0 0 9.767 34.285 14.592
1 19 12 0.9036 0.7034 0 0 9.773 31.836 11.695
1 20 18 0.8795 0.3064 0 0 6.482 33.124 10.373
1 21 11 0.6566 -0.442 0 0 7.515 36.755 10.625
1 22 6 0.6024 -0.409 0 0 10.827 35.998 8.911
1 23 12 0.6987 0.5613 0 0 8.912 34.383 6.050
1 24 11 0.5060 0.3441 0 0 6.312 37.122 5.662
1 25 6 0.3072 -0.024 0 0 8.093 40.231 6.925
1 26 2 0.2469 -0.607 0 0 11.765 39.490 6.332
1 27 10 0.2048 -0.146 0 0 13.155 40.188 9.750
1 28 15 0.3373 0.1263 0 0 13.966 38.531 13.042
1 29 22 0.3253 0.3010 0 0 11.873 39.319 16.085
1 30 3 0.1265 -0.537 0 0 14.121 39.086 19.110
1 31 7 0.0722 -0.235 0 0 11.544 40.193 21.648
1 32 20 0.1084 -0.189 0 0 9.375 38.262 24.094
1 33 3 0.1867 -0.065 0 0 5.891 38.420 22.576
1 34 16 0.3554 -0.893 0 0 3.749 35.380 23.303
1 35 18 0.4759 0.8525 0 0 1.072 34.575 20.778
1 36 11 0.3795 -0.991 0 0 -2.632 33.866 21.299
1 37 7 0.5 0.0766 0 0 -3.511 33.328 17.635
1 38 3 0.5301 -0.191 0 0 -2.213 35.356 14.669
1 39 17 0.5180 -0.603 0 0 -3.172 34.993 11.011
1 40 20 0.5240 0.3466 0 0 -0.993 35.908 8.067
1 41 1 0.3734 -0.516 0 0 -2.169 36.013 4.454
1 42 13 0.3192 0.0755 0 0 0.393 36.492 1.727
1 43 6 0.0963 -0.925 0 0 0.265 36.067 -2.016
1 44 22 0.1325 0.9957 0 0 3.418 34.332 -3.244
1 45 22 0.0481 -0.985 0 0 4.724 32.424 -6.236
1 46 11 0.1686 0.9801 0 0 6.089 28.961 -5.433
1 47 3 0.0361 0.6627 0 0 7.438 26.855 -8.321
1 48 9 0.0 0.0000 0 0 5.654 29.189 -10.751
1 49 7 0.0180 0.5234 0 0 2.263 28.714 -9.092
1 50 18 0.0120 -0.873 0 0 0.489 31.872 -7.889
1 51 5 0.1024 0.7237 0 0 -0.886 31.006 -4.490
1 52 12 0.2409 -0.195 0 0 -2.028 32.366 -1.165
1 53 12 0.5602 0.4494 0 0 -0.294 31.260 1.970
1 54 3 0.5843 -0.531 0 0 -2.955 31.381 4.740
1 55 11 0.8253 0.4650 0 0 -0.792 30.901 7.825
1 56 12 0.8313 -0.463 0 0 -2.001 30.448 11.370
1 57 3 0.8855 -0.066 0 0 0.556 31.141 14.066
1 58 18 0.8373 0.5586 0 0 -0.637 29.423 17.226
1 59 0 0.6746 -0.924 0 0 -0.145 29.595 20.966
1 60 9 0.6867 0.0000 0 0 2.291 27.395 22.736
1 61 6 0.3855 -0.591 0 0 0.335 28.005 26.008
1 62 7 0.2650 -0.558 0 0 -1.298 24.742 27.141
1 63 7 0.0602 -0.322 0 0 -4.193 26.815 28.459
1 64 20 0.1927 -0.004 0 0 -5.391 27.177 24.865
1 65 17 0.2108 -0.920 0 0 -6.298 23.554 24.104
1 66 0 0.0783 -0.884 0 0 -9.856 24.095 22.853
1 67 14 0.2530 0.1930 0 0 -8.726 26.608 20.251
1 68 1 0.4819 0.2973 0 0 -6.434 23.812 18.986
1 69 3 0.3433 -0.663 0 0 -8.908 21.231 17.580
1 70 6 0.2710 -0.566 0 0 -10.622 24.010 15.679
1 71 20 0.5542 0.6589 0 0 -7.509 25.095 13.777
1 72 14 0.6445 0.3054 0 0 -6.093 21.666 13.465
1 73 1 0.3915 -0.801 0 0 -9.208 20.612 11.509
1 74 18 0.4216 -0.263 0 0 -9.017 23.293 8.879
1 75 9 0.7168 0.0000 0 0 -5.270 23.354 8.387
1 76 7 0.6626 -0.596 0 0 -3.986 21.461 5.351
1 77 9 0.8734 0.0000 0 0 -0.352 21.298 6.440
1 78 15 0.9638 -0.688 0 0 1.513 21.627 9.710
1 79 12 0.9939 0.4662 0 0 4.936 22.850 10.729
1 80 5 0.9819 -0.746 0 0 5.645 21.037 13.994
1 81 22 0.9759 0.4498 0 0 8.390 23.130 15.514
1 82 15 0.8915 -0.336 0 0 10.752 22.443 18.386
1 83 0 0.7469 -0.376 0 0 13.940 24.276 19.404
1 84 11 0.5120 -0.143 0 0 17.255 22.442 19.149
1 85 2 0.3132 0.1052 0 0 18.317 23.822 22.532
1 86 2 0.3674 0.3873 0 0 15.145 22.728 24.343
1 87 18 0.2831 -0.851 0 0 14.716 18.999 24.808
1 88 13 0.3313 -0.222 0 0 11.262 19.334 26.377
1 89 17 0.6144 0.4168 0 0 10.025 21.084 23.178
1 90 15 0.6084 -0.272 0 0 11.292 18.064 21.189
1 91 7 0.4156 -0.872 0 0 9.640 15.617 23.510
1 92 3 0.5662 -0.147 0 0 6.415 17.628 23.141
1 93 11 0.7891 0.6682 0 0 6.325 17.066 19.382
1 94 10 0.5481 -0.934 0 0 4.751 13.661 19.788
1 95 6 0.4879 -0.300 0 0 1.734 15.226 21.564
1 96 20 0.7831 0.4276 0 0 1.168 17.753 18.789
1 97 1 0.7409 -0.137 0 0 1.523 15.101 16.108
1 98 7 0.4397 -0.720 0 0 -0.912 12.773 17.898
1 99 6 0.4518 0.0659 0 0 -3.450 15.549 18.403
1 100 11 0.6265 0.9826 0 0 -3.308 16.557 14.729
1 101 13 0.4277 -0.065 0 0 -3.712 12.989 13.540
1 102 1 0.1566 -0.063 0 0 -6.709 12.447 15.797
1 103 22 0.2228 0.6605 0 0 -8.570 15.561 14.865
1 104 13 0.3012 0.7543 0 0 -7.747 15.135 11.158
1 105 3 0.0542 -0.689 0 0 -8.634 11.435 11.156
1 106 17 0.1445 0.4017 0 0 -5.442 10.831 9.235
1 107 3 0.1987 -0.811 0 0 -2.075 9.265 9.844
1 108 3 0.3493 -0.688 0 0 -0.574 10.874 6.792
1 109 22 0.5783 0.3173 0 0 -1.304 14.589 7.070
1 110 16 0.7530 -0.583 0 0 1.066 17.047 5.326
1 111 14 0.9096 0.0529 0 0 3.647 17.923 7.921
1 112 22 0.9397 0.0262 0 0 7.245 19.004 8.356
1 113 12 0.9337 -0.671 0 0 9.250 18.515 11.543
1 114 22 0.9578 0.7277 0 0 11.157 21.758 12.110
1 115 9 0.8554 0.0000 0 0 14.215 22.013 14.366
1 116 2 0.8493 0.3077 0 0 14.491 25.761 14.963
1 117 13 0.5963 0.1233 0 0 17.241 27.998 16.500
1 118 5 0.4457 0.4588 0 0 19.937 26.103 14.645
1 119 3 0.2168 0.3456 0 0 22.127 29.211 14.753
1 120 12 0.1144 0.3683 0 0 22.687 28.507 18.465
1 121 0 0.0240 -0.933 0 0 25.713 26.668 19.806
1 122 0 0.0301 -0.198 0 0 24.119 25.139 22.919
1 123 1 0.0843 0.5060 0 0 22.307 22.324 21.164
1 124 18 0.0662 0.0930 0 0 20.621 19.679 23.306
1 125 22 0.2349 0.8831 0 0 18.745 17.828 20.564
1 126 7 0.1204 -0.879 0 0 20.995 16.077 18.045
1 127 17 0.2951 -0.023 0 0 19.941 16.348 14.433
1 128 1 0.0903 -0.828 0 0 20.151 12.526 14.093
1 129 6 0.1506 -0.059 0 0 17.535 11.991 16.765
1 130 0 0.4698 0.6742 0 0 15.122 14.427 15.130
1 131 6 0.4036 -0.132 0 0 15.819 12.936 11.701
1 132 3 0.1626 -0.849 0 0 15.099 9.498 13.076
1 133 12 0.4096 0.5619 0 0 11.838 10.753 14.588
1 134 0 0.5722 0.4677 0 0 10.817 12.352 11.312
1 135 1 0.2891 -0.611 0 0 11.561 9.166 9.407
1 136 17 0.1746 0.2360 0 0 9.369 7.314 11.915
1 137 20 0.4337 0.5549 0 0 6.506 9.720 11.003
1 138 9 0.3614 0.0000 0 0 7.298 9.566 7.275
1 139 11 0.6385 0.7417 0 0 7.765 13.356 7.033
1 140 16 0.7108 0.2860 0 0 10.637 15.641 6.196
1 141 20 0.7710 -0.072 0 0 12.974 17.062 8.826
1 142 11 0.8072 0.2567 0 0 14.222 20.593 8.213
1 143 7 0.7590 -0.696 0 0 16.450 22.655 10.482
1 144 18 0.8012 0.9798 0 0 15.877 26.385 10.567
1 145 17 0.6506 -0.973 0 0 17.025 29.653 12.103
1 146 0 0.6927 0.4461 0 0 14.524 32.507 12.270
1 147 13 0.3975 -0.722 0 0 17.543 34.582 13.244
1 148 18 0.2771 -0.133 0 0 19.626 34.007 10.120
1 149 1 0.4638 0.0086 0 0 16.756 32.854 7.839
1 150 6 0.4578 -0.351 0 0 18.504 29.517 7.301
1 151 9 0.6807 0.0000 0 0 15.947 26.955 6.166
1 152 22 0.8132 -0.077 0 0 12.914 29.253 6.595
1 153 7 0.7228 -0.903 0 0 11.650 29.298 3.044
1 154 3 0.7289 -0.450 0 0 12.680 25.645 2.698
1 155 0 0.9216 0.7077 0 0 10.413 24.628 5.568
1 156 15 0.9156 0.5298 0 0 7.365 26.540 4.390
1 157 20 0.7349 -0.514 0 0 7.813 25.665 0.721
1 158 18 0.7650 0.0557 0 0 8.483 22.019 1.546
1 159 12 0.8674 0.7827 0 0 5.185 21.988 3.434
1 160 22 0.7048 -0.335 0 0 3.342 23.463 0.435
1 161 1 0.4939 -0.129 0 0 4.864 20.727 -1.696
1 162 7 0.5903 0.3139 0 0 3.754 18.078 0.767
1 163 11 0.5361 0.5510 0 0 0.228 19.423 0.475
1 164 1 0.2590 0.0833 0 0 0.473 19.354 -3.317
1 165 6 0.1385 0.2201 0 0 1.473 15.664 -3.234
1 166 10 0.1807 0.3544 0 0 -1.145 14.545 -0.738
