1 1 14 0.0 0.3542 0 0 -5.731 32.195 -6.697
1 2 18 0.0500 0.2530 0 0 -4.620 29.161 -4.756
1 3 7 0.2437 -0.434 0 0 -4.417 29.925 -1.055
1 4 20 0.5312 -0.206 0 0 -2.343 27.875 1.379
1 5 13 0.6687 -0.658 0 0 -3.525 27.832 5.002
1 6 12 0.9 0.1162 0 0 -0.377 27.215 7.055
1 7 22 0.9375 -0.603 0 0 -0.264 26.915 10.843
1 8 22 0.9812 0.2498 0 0 2.891 27.420 12.934
1 9 22 0.9625 -0.140 0 0 2.882 25.430 16.204
1 10 9 0.9062 0.0000 0 0 5.375 24.659 18.973
1 11 0 0.7375 -0.487 0 0 6.294 25.194 22.624
1 12 22 0.5687 -0.911 0 0 6.683 28.658 24.184
1 13 9 0.55 0.0000 0 0 9.620 30.765 23.017
1 14 22 0.7875 0.5681 0 0 10.879 28.505 20.215
1 15 9 0.8437 0.0000 0 0 10.579 31.250 17.586
1 16 13 0.9312 0.0058 0 0 7.217 30.695 15.876
1 17 17 0.8125 -0.651 0 0 6.705 34.462 15.511
1 18 0 0.7062 -0.211 0 0 10.277 35.330 14.615
1 19 12 0.8812 0.7128 0 0 10.105 32.830 11.738
1 20 18 0.8625 0.2411 0 0 6.768 34.213 10.538
1 21 11 0.6 -0.513 0 0 7.968 37.842 10.790
1 22 6 0.5625 -0.330 0 0 11.269 37.118 9.018
1 23 12 0.6562 0.6128 0 0 9.318 35.613 6.136
1 24 11 0.475 0.3520 0 0 6.605 38.271 5.917
1 25 6 0.25 0.0037 0 0 8.367 41.513 6.901
1 26 2 0.2312 -0.252 0 0 12.031 40.630 6.484
1 27 10 0.1624 -0.197 0 0 13.425 41.397 9.955
1 28 15 0.3000 0.1600 0 0 14.464 39.662 13.199
1 29 22 0.2249 0.5620 0 0 12.438 40.537 16.263
1 30 3 0.0812 -0.668 0 0 14.616 40.471 19.377
1 31 7 0.0999 -0.738 0 0 11.241 40.595 21.065
0 32 20 0 0 0 0 11.241 40.595 21.065
0 33 3 0 0 0 0 11.241 40.595 21.065
0 34 16 0 0 0 0 11.241 40.595 21.065
0 35 18 0 0 0 0 11.241 40.595 21.065
0 36 11 0 0 0 0 11.241 40.595 21.065
0 37 7 0 0 0 0 11.241 40.595 21.065
1 38 3 0.4499 -0.084 0 0 -2.346 36.381 14.940
1 39 17 0.4875 -0.407 0 0 -2.779 35.956 11.190
1 40 20 0.4937 0.3062 0 0 -0.641 36.994 8.216
1 41 1 0.3562 -0.510 0 0 -1.647 37.165 4.542
1 42 13 0.2875 0.1248 0 0 0.819 37.649 1.693
1 43 6 0.0937 -0.926 0 0 0.823 37.227 -2.067
1 44 22 0.1500 0.9939 0 0 3.946 35.315 -3.106
1 45 22 0.0687 -0.989 0 0 5.151 33.456 -6.197
1 46 11 0.1937 0.9689 0 0 6.472 29.977 -5.414
1 47 3 0.0437 0.6632 0 0 7.929 27.890 -8.230
1 48 9 0.0062 0.0000 0 0 6.203 30.196 -10.691
1 49 7 0.0312 0.5455 0 0 2.834 29.670 -9.060
1 50 18 0.0250 -0.819 0 0 1.138 32.857 -7.923
1 51 5 0.1125 0.7774 0 0 -0.495 32.209 -4.553
1 52 12 0.275 -0.285 0 0 -1.418 33.502 -1.110
1 53 12 0.5437 0.4794 0 0 0.206 32.366 2.126
1 54 3 0.575 -0.527 0 0 -2.353 32.616 4.937
1 55 11 0.8312 0.5041 0 0 -0.298 31.876 8.027
1 56 12 0.825 -0.402 0 0 -1.565 31.410 11.559
1 57 3 0.8562 -0.121 0 0 1.060 32.189 14.155
1 58 18 0.8062 0.5751 0 0 -0.304 30.416 17.243
1 59 0 0.5875 -0.941 0 0 0.108 31.551 20.865
1 60 9 0.6125 0.0000 0 0 2.500 29.466 22.941
1 61 6 0.35 0.0000 0 0 0.317 29.099 26.021
1 62 7 0.3125 0.0000 0 0 -0.920 25.536 26.449
1 63 7 0.0875 0.0000 0 0 -4.348 26.996 27.069
1 64 20 0.1812 0.0000 0 0 -5.946 25.246 24.129
1 65 17 0.1437 -0.575 0 0 -6.949 21.693 23.143
1 66 0 0.0374 -0.945 0 0 -10.442 23.053 22.588
1 67 14 0.1312 -0.797 0 0 -8.913 26.363 21.576
1 68 1 0.4250 0.2462 0 0 -6.364 24.423 19.486
1 69 3 0.3187 -0.575 0 0 -8.801 22.103 17.705
1 70 6 0.2187 -0.533 0 0 -10.465 24.985 15.883
1 71 20 0.5125 0.5915 0 0 -7.368 26.244 14.076
1 72 14 0.6437 0.2972 0 0 -5.805 22.823 13.479
1 73 1 0.3812 -0.874 0 0 -8.983 21.781 11.652
1 74 18 0.4 -0.290 0 0 -8.752 24.506 9.012
1 75 9 0.6937 0.0000 0 0 -4.975 24.375 8.651
1 76 7 0.6812 -0.607 0 0 -3.722 22.620 5.536
1 77 9 0.8875 0.0000 0 0 -0.099 22.189 6.491
1 78 15 0.9687 -0.776 0 0 1.801 22.629 9.741
1 79 12 0.9937 0.5658 0 0 5.201 23.899 10.731
1 80 5 0.9875 -0.727 0 0 6.100 22.024 13.919
1 81 22 0.975 0.3850 0 0 8.830 24.121 15.503
1 82 15 0.875 -0.295 0 0 11.222 23.367 18.346
1 83 0 0.7125 -0.428 0 0 14.446 25.103 19.375
1 84 11 0.5062 -0.117 0 0 17.770 23.261 19.222
1 85 2 0.2937 0.1097 0 0 18.821 24.620 22.619
1 86 2 0.3687 0.2784 0 0 15.572 23.399 24.143
1 87 18 0.2812 -0.887 0 0 15.177 19.687 24.825
1 88 13 0.3312 -0.229 0 0 11.670 20.000 26.268
1 89 17 0.6062 0.3575 0 0 10.464 21.893 23.186
1 90 15 0.625 -0.251 0 0 11.758 18.953 21.108
1 91 7 0.3937 -0.895 0 0 10.140 16.277 23.290
1 92 3 0.5375 -0.244 0 0 6.892 18.298 23.108
1 93 11 0.7687 0.6947 0 0 6.792 17.806 19.324
1 94 10 0.525 -0.877 0 0 5.145 14.377 19.685
1 95 6 0.4812 -0.481 0 0 2.202 15.851 21.553
1 96 20 0.7562 0.3991 0 0 1.606 18.437 18.802
1 97 1 0.725 -0.073 0 0 1.717 15.851 16.006
1 98 7 0.4312 -0.669 0 0 -0.656 13.465 17.794
1 99 6 0.4687 0.1240 0 0 -3.062 16.393 18.247
1 100 11 0.65 0.9777 0 0 -2.944 17.422 14.585
1 101 13 0.4125 -0.031 0 0 -3.551 13.781 13.630
1 102 1 0.1562 -0.129 0 0 -6.486 13.423 16.010
1 103 22 0.2375 0.6856 0 0 -8.266 16.530 14.713
1 104 13 0.3062 0.7666 0 0 -7.598 15.957 10.992
1 105 3 0.0562 -0.735 0 0 -8.611 12.280 11.133
1 106 17 0.1374 0.3186 0 0 -5.378 11.409 9.309
1 107 3 0.1750 -0.910 0 0 -2.105 9.576 9.791
1 108 3 0.375 -0.663 0 0 -0.697 11.692 6.936
1 109 22 0.6187 0.3090 0 0 -0.889 15.483 7.289
1 110 16 0.775 -0.604 0 0 1.406 17.858 5.371
1 111 14 0.9125 -0.037 0 0 3.987 18.816 7.959
1 112 22 0.95 0.1083 0 0 7.604 19.922 8.332
1 113 12 0.9437 -0.672 0 0 9.767 19.538 11.446
1 114 22 0.9562 0.6559 0 0 11.770 22.744 12.015
1 115 9 0.8687 0.0000 0 0 14.681 22.994 14.426
1 116 2 0.85 0.2231 0 0 14.949 26.739 15.016
1 117 13 0.5812 0.0904 0 0 17.757 28.907 16.509
1 118 5 0.4375 0.3059 0 0 20.484 27.006 14.677
1 119 3 0.2062 0.3191 0 0 22.645 30.112 14.977
1 120 12 0.1062 0.4168 0 0 23.212 29.278 18.671
1 121 0 0.0187 -0.930 0 0 26.287 27.260 19.748
1 122 0 0.0124 -0.245 0 0 24.730 25.989 22.989
1 123 1 0.0749 0.4424 0 0 22.646 23.225 21.413
1 124 18 0.0625 0.1280 0 0 21.058 20.448 23.450
1 125 22 0.2687 0.8563 0 0 19.242 18.701 20.604
1 126 7 0.125 -0.958 0 0 21.490 17.105 17.977
1 127 17 0.3249 -0.067 0 0 20.597 17.207 14.280
1 128 1 0.1187 -0.781 0 0 20.763 13.408 13.869
1 129 6 0.1687 -0.164 0 0 18.262 13.079 16.730
1 130 0 0.5 0.6607 0 0 15.653 15.265 15.050
1 131 6 0.4187 -0.131 0 0 16.421 13.852 11.601
1 132 3 0.1875 -0.823 0 0 15.728 10.358 12.921
1 133 12 0.4062 0.5616 0 0 12.463 11.576 14.464
1 134 0 0.5937 0.4917 0 0 11.375 13.238 11.215
1 135 1 0.3437 -0.944 0 0 12.203 10.014 9.347
1 136 17 0.2125 0.2110 0 0 9.928 8.041 11.660
1 137 20 0.4437 0.5289 0 0 7.087 10.481 10.899
1 138 9 0.3874 0.0000 0 0 7.879 10.480 7.197
1 139 11 0.6875 0.6641 0 0 8.235 14.261 7.171
1 140 16 0.7437 0.2204 0 0 11.079 16.641 6.141
1 141 20 0.7937 -0.108 0 0 13.486 18.088 8.694
1 142 11 0.8375 0.2992 0 0 14.848 21.599 8.188
1 143 7 0.7625 -0.717 0 0 17.023 23.714 10.514
1 144 18 0.8 0.9691 0 0 16.378 27.452 10.628
1 145 17 0.6312 -0.991 0 0 17.557 30.651 12.230
1 146 0 0.6625 0.4703 0 0 15.045 33.500 12.268
1 147 13 0.3625 -0.800 0 0 18.063 35.617 13.282
1 148 18 0.2562 -0.032 0 0 20.269 34.952 10.258
1 149 1 0.4562 0.0012 0 0 17.281 34.016 8.049
1 150 6 0.4625 -0.344 0 0 18.943 30.675 7.228
1 151 9 0.675 0.0000 0 0 16.449 28.100 5.985
1 152 22 0.8187 -0.158 0 0 13.394 30.305 6.586
1 153 7 0.7 -0.928 0 0 12.028 30.360 3.014
1 154 3 0.7312 -0.537 0 0 13.169 26.739 2.747
1 155 0 0.925 0.6717 0 0 10.891 25.613 5.580
1 156 15 0.9187 0.4599 0 0 7.753 27.467 4.466
1 157 20 0.75 -0.538 0 0 8.224 26.632 0.778
1 158 18 0.7812 0.0969 0 0 8.892 22.954 1.516
1 159 12 0.8937 0.7722 0 0 5.607 22.969 3.437
1 160 22 0.7187 -0.369 0 0 3.748 24.459 0.462
1 161 1 0.5187 -0.094 0 0 5.228 21.743 -1.737
1 162 7 0.6375 0.2992 0 0 4.165 19.045 0.743
1 163 11 0.5562 0.5441 0 0 0.593 20.362 0.499
1 164 1 0.3375 0.0468 0 0 0.849 20.361 -3.325
1 165 6 0.1999 -0.315 0 0 1.853 16.681 -3.234
1 166 10 0.2624 0.2122 0 0 -0.881 15.559 -0.831
