1 1 14 0.0 0.3557 0 0 12.498 20.511 13.106
1 2 18 0.0421 0.0875 0 0 10.493 19.364 16.126
1 3 7 0.2289 -0.443 0 0 6.849 18.345 15.649
1 4 20 0.5361 -0.218 0 0 4.193 17.936 18.359
1 5 13 0.6686 -0.680 0 0 1.097 15.853 17.710
1 6 12 0.9036 0.1839 0 0 -1.493 17.519 19.957
1 7 22 0.9457 -0.561 0 0 -4.991 16.064 20.110
1 8 22 0.9819 0.2549 0 0 -8.079 17.968 21.201
1 9 22 0.9698 -0.242 0 0 -10.810 15.974 22.938
1 10 9 0.9277 0.0000 0 0 -13.979 16.528 24.917
1 11 0 0.7831 -0.544 0 0 -17.755 16.274 24.557
1 12 9 0.6445 0.0000 0 0 -19.667 17.578 21.564
1 13 9 0.6084 0.0000 0 0 -20.312 21.305 21.525
1 14 22 0.8072 0.6141 0 0 -17.727 22.099 24.187
1 15 9 0.8554 0.0000 0 0 -15.574 24.196 21.891
1 16 13 0.9518 0.1204 0 0 -12.627 22.100 20.749
1 17 17 0.8433 -0.649 0 0 -13.024 23.392 17.159
1 18 0 0.7650 -0.228 0 0 -13.496 26.968 18.392
1 19 12 0.9096 0.7548 0 0 -10.358 26.636 20.534
1 20 18 0.8855 0.3059 0 0 -8.225 25.275 17.716
1 21 11 0.6385 -0.520 0 0 -9.352 27.836 15.116
1 22 6 0.5963 -0.368 0 0 -8.882 30.795 17.426
1 23 12 0.6867 0.5687 0 0 -5.340 29.428 17.714
1 24 11 0.5060 0.2629 0 0 -4.845 28.628 14.029
1 25 6 0.2891 -0.035 0 0 -6.798 31.421 12.349
1 26 2 0.2349 -0.331 0 0 -7.123 34.145 15.001
1 27 10 0.1867 -0.180 0 0 -10.904 34.618 15.076
1 28 15 0.3012 0.1904 0 0 -14.098 33.363 16.713
1 29 22 0.2590 0.5569 0 0 -16.357 30.920 14.851
1 30 3 0.1204 -0.349 0 0 -19.977 31.064 16.033
1 31 7 0.0542 -0.211 0 0 -21.900 28.617 13.837
1 32 20 0.0662 -0.163 0 0 -23.219 25.046 13.707
1 33 3 0.1566 -0.016 0 0 -20.516 22.812 12.314
1 34 16 0.3554 -0.824 0 0 -20.017 19.490 14.140
1 35 18 0.4638 0.8829 0 0 -16.628 17.914 13.436
1 36 11 0.3795 -0.989 0 0 -15.624 14.499 12.103
1 37 7 0.5120 -0.077 0 0 -11.872 15.013 12.207
1 38 3 0.5180 -0.170 0 0 -10.167 18.146 10.983
1 39 17 0.5301 -0.704 0 0 -6.373 18.496 11.013
1 40 20 0.4939 0.3776 0 0 -4.275 21.668 11.100
1 41 1 0.3915 -0.528 0 0 -0.569 22.319 11.005
1 42 13 0.3493 0.3351 0 0 1.058 25.487 12.339
1 43 6 0.1325 -0.866 0 0 4.731 26.206 12.988
1 44 22 0.1807 0.9613 0 0 5.130 28.472 16.021
1 45 22 0.0783 -0.974 0 0 7.688 29.564 18.601
1 46 11 0.2108 0.9727 0 0 7.259 28.600 22.267
1 47 3 0.0361 0.6082 0 0 9.941 29.663 24.775
1 48 9 0.0060 0.0000 0 0 12.571 30.362 22.138
1 49 7 0.0240 0.5467 0 0 12.035 26.969 20.474
1 50 18 0.0301 -0.720 0 0 10.878 26.940 16.858
1 51 5 0.1084 0.8086 0 0 8.495 24.003 16.565
1 52 12 0.2469 -0.331 0 0 5.576 22.609 14.606
1 53 12 0.5662 0.4977 0 0 2.143 21.772 15.960
1 54 3 0.5783 -0.420 0 0 0.244 19.023 14.205
1 55 11 0.8132 0.4166 0 0 -3.179 19.614 15.823
1 56 12 0.8373 -0.478 0 0 -5.927 17.045 15.520
1 57 3 0.8674 0.0612 0 0 -9.492 18.108 16.206
1 58 18 0.8253 0.4949 0 0 -11.924 15.293 16.893
1 59 0 0.6626 -0.983 0 0 -15.608 14.419 17.221
1 60 9 0.7409 0.0000 0 0 -16.859 14.237 20.785
1 61 6 0.4216 -0.137 0 0 -20.013 12.194 20.127
1 62 7 0.2530 -0.503 0 0 -20.242 8.753 21.759
1 63 7 0.0722 -0.396 0 0 -21.004 7.384 18.294
1 64 20 0.2710 -0.040 0 0 -17.408 8.180 17.243
1 65 17 0.3192 -0.537 0 0 -15.745 6.168 20.023
1 66 0 0.1024 -0.883 0 0 -13.702 3.208 18.760
1 67 14 0.2168 -0.721 0 0 -12.719 5.643 16.033
1 68 1 0.4759 0.4756 0 0 -11.134 7.201 19.098
1 69 3 0.3373 -0.656 0 0 -8.436 4.520 19.396
1 70 6 0.2650 -0.664 0 0 -6.388 5.358 16.315
1 71 20 0.5421 0.6286 0 0 -5.837 9.064 16.883
1 72 14 0.6325 0.2742 0 0 -5.084 8.478 20.564
1 73 1 0.3614 -0.854 0 0 -2.383 5.927 19.727
1 74 18 0.3975 -0.196 0 0 -0.478 8.426 17.562
1 75 9 0.6987 0.0000 0 0 -1.132 11.458 19.753
1 76 7 0.6746 -0.596 0 0 1.551 12.982 21.940
1 77 9 0.8795 0.0000 0 0 -0.439 15.385 24.107
1 78 15 0.9638 -0.734 0 0 -4.137 15.734 24.889
1 79 12 0.9939 0.4924 0 0 -6.187 18.820 25.652
1 80 5 0.9879 -0.727 0 0 -9.178 17.520 27.544
1 81 22 0.9759 0.4804 0 0 -11.913 20.078 27.139
1 82 15 0.8915 -0.352 0 0 -15.266 20.637 28.817
1 83 0 0.7349 -0.422 0 0 -17.642 23.572 29.295
1 84 11 0.5240 -0.110 0 0 -18.083 25.357 32.599
1 85 2 0.2951 0.1965 0 0 -21.819 25.824 31.960
1 86 2 0.3674 0.3144 0 0 -22.250 22.181 30.958
1 87 18 0.3313 -0.819 0 0 -21.554 19.933 33.961
1 88 13 0.3253 -0.257 0 0 -22.284 16.720 32.095
1 89 17 0.6144 0.4713 0 0 -19.333 17.517 29.810
1 90 15 0.6204 -0.234 0 0 -17.260 17.828 32.978
1 91 7 0.4337 -0.894 0 0 -18.097 14.314 34.153
1 92 3 0.5843 -0.242 0 0 -17.301 12.939 30.680
1 93 11 0.7891 0.6336 0 0 -13.705 14.119 31.091
1 94 10 0.5542 -0.913 0 0 -13.043 11.023 33.200
1 95 6 0.5 -0.469 0 0 -13.850 8.637 30.352
1 96 20 0.7710 0.4587 0 0 -11.453 10.293 27.909
1 97 1 0.7289 -0.149 0 0 -8.740 10.239 30.576
1 98 7 0.4397 -0.687 0 0 -9.153 6.511 31.225
1 99 6 0.4518 0.1213 0 0 -9.316 5.556 27.557
1 100 11 0.6265 0.9842 0 0 -6.218 7.622 26.748
1 101 13 0.4036 -0.079 0 0 -4.440 5.772 29.571
1 102 1 0.1385 -0.170 0 0 -5.523 2.381 28.240
1 103 22 0.1987 0.7728 0 0 -4.506 2.744 24.592
1 104 13 0.2228 0.7564 0 0 -1.018 4.031 25.350
1 105 3 0.0481 -0.770 0 0 -0.297 1.697 28.311
1 106 17 0.0963 0.2602 0 0 0.578 4.386 30.903
1 107 3 0.1686 -0.869 0 0 -0.770 6.409 33.826
1 108 3 0.3433 -0.829 0 0 1.169 9.659 33.424
1 109 22 0.5602 0.2833 0 0 0.392 10.814 29.883
1 110 16 0.7530 -0.538 0 0 0.903 14.427 28.725
1 111 14 0.8975 -0.067 0 0 -2.439 15.977 29.544
1 112 22 0.9337 0.1319 0 0 -3.881 19.437 30.210
1 113 12 0.9397 -0.638 0 0 -7.407 20.125 31.486
1 114 22 0.9578 0.6921 0 0 -9.169 22.979 29.738
1 115 9 0.8614 0.0000 0 0 -12.362 24.589 30.990
1 116 2 0.8493 0.3044 0 0 -13.965 26.423 28.089
1 117 13 0.5903 0.1087 0 0 -16.677 29.117 27.986
1 118 5 0.4457 0.4317 0 0 -15.589 31.041 31.071
1 119 3 0.2048 0.3672 0 0 -16.862 34.288 29.532
1 120 12 0.0903 0.3053 0 0 -20.347 33.002 30.377
1 121 0 0.0120 -0.931 0 0 -22.100 34.136 33.539
1 122 0 0.0180 0.0000 0 0 -24.186 30.977 33.823
1 123 1 0.0843 0.4711 0 0 -21.465 28.699 35.145
1 124 18 0.0602 0.0451 0 0 -22.291 25.409 36.828
1 125 22 0.2409 0.8026 0 0 -18.772 23.972 37.202
1 126 7 0.1265 -0.980 0 0 -16.612 25.853 39.725
1 127 17 0.3132 -0.205 0 0 -12.958 26.673 39.012
1 128 1 0.1144 -0.859 0 0 -11.963 24.893 42.216
1 129 6 0.1506 -0.096 0 0 -13.396 21.413 41.645
1 130 0 0.4879 0.5407 0 0 -11.804 21.510 38.199
1 131 6 0.4156 -0.096 0 0 -8.497 22.482 39.796
1 132 3 0.1927 -0.868 0 0 -9.044 19.685 42.338
1 133 12 0.4096 0.4191 0 0 -9.632 17.073 39.670
1 134 0 0.5722 0.3630 0 0 -6.541 18.342 37.855
1 135 1 0.3072 -0.939 0 0 -4.236 17.861 40.842
1 136 17 0.1626 0.1233 0 0 -5.561 14.341 41.460
1 137 20 0.4277 0.5202 0 0 -4.434 13.524 37.903
1 138 9 0.3734 0.0000 0 0 -1.046 15.226 38.060
1 139 11 0.6506 0.6849 0 0 -1.756 17.643 35.215
1 140 16 0.7168 0.0854 0 0 -2.396 21.390 34.736
1 141 20 0.7951 -0.104 0 0 -5.790 23.053 34.447
1 142 11 0.8313 0.2603 0 0 -6.379 26.155 32.318
1 143 7 0.7590 -0.769 0 0 -9.554 28.167 31.882
1 144 18 0.8012 0.9514 0 0 -9.906 29.458 28.328
1 145 17 0.6566 -0.975 0 0 -12.451 31.237 26.189
1 146 0 0.6807 0.4832 0 0 -12.454 30.881 22.413
1 147 13 0.3855 -0.744 0 0 -14.793 33.875 22.183
1 148 18 0.2831 -0.086 0 0 -12.319 36.214 23.858
1 149 1 0.4698 -0.042 0 0 -9.053 34.258 23.415
1 150 6 0.4578 -0.277 0 0 -8.221 34.295 27.126
1 151 9 0.6927 0.0000 0 0 -6.069 31.326 28.081
1 152 22 0.8192 -0.089 0 0 -6.096 29.840 24.586
1 153 7 0.7108 -0.891 0 0 -2.474 30.350 23.570
1 154 3 0.7228 -0.650 0 0 -1.718 29.366 27.153
1 155 0 0.9156 0.6384 0 0 -3.627 26.090 27.065
1 156 15 0.9216 0.5118 0 0 -1.906 24.755 23.923
1 157 20 0.7469 -0.524 0 0 1.574 25.970 24.819
1 158 18 0.7771 0.1361 0 0 1.294 24.408 28.291
1 159 12 0.8734 0.7836 0 0 0.618 21.080 26.585
1 160 22 0.7048 -0.291 0 0 3.798 21.430 24.546
1 161 1 0.4819 -0.029 0 0 5.963 21.955 27.645
1 162 7 0.6024 0.3479 0 0 4.142 19.029 29.267
1 163 11 0.5481 0.5241 0 0 5.227 16.885 26.278
1 164 1 0.2771 0.0943 0 0 8.805 18.172 26.536
1 165 6 0.1445 -0.351 0 0 8.926 17.333 30.301
1 166 10 0.1746 0.3424 0 0 8.080 13.693 29.436
