1 1 14 0.0240 0.2623 0 0 -2.774 36.865 37.162
1 2 18 0.1024 0.1376 0 0 -0.261 35.554 39.715
1 3 7 0.3253 0.0183 0 0 2.319 33.036 38.498
1 4 20 0.5602 -0.190 0 0 4.210 30.748 40.933
1 5 13 0.7108 -0.782 0 0 7.374 28.854 39.971
1 6 12 0.9096 0.1094 0 0 7.332 25.578 41.829
1 7 22 0.9578 -0.670 0 0 10.112 22.981 41.802
1 8 22 0.9879 0.3214 0 0 9.688 19.291 42.731
1 9 22 0.9638 -0.201 0 0 12.865 17.701 44.124
1 10 9 0.9156 0.0000 0 0 13.959 14.472 45.723
1 11 0 0.7530 -0.567 0 0 15.702 11.139 45.343
1 12 9 0.5963 0.0000 0 0 15.192 8.713 42.489
1 13 9 0.5722 0.0000 0 0 11.862 6.882 42.343
1 14 22 0.8072 0.5691 0 0 10.179 8.843 45.181
1 15 9 0.8493 0.0000 0 0 7.377 9.888 42.861
1 16 13 0.9457 -0.074 0 0 8.325 13.442 41.783
1 17 17 0.8373 -0.662 0 0 6.888 12.885 38.295
1 18 0 0.7891 -0.288 0 0 3.866 10.927 39.521
1 19 12 0.9036 0.6360 0 0 2.876 13.736 41.881
1 20 18 0.8915 0.2668 0 0 3.335 16.441 39.269
1 21 11 0.6686 -0.537 0 0 1.370 14.523 36.592
1 22 6 0.6506 -0.431 0 0 -1.430 13.773 39.075
1 23 12 0.7469 0.5614 0 0 -1.781 17.507 39.794
1 24 11 0.5662 0.3594 0 0 -1.531 18.742 36.152
1 25 6 0.3674 0.0949 0 0 -2.894 15.923 33.980
1 26 2 0.0903 -0.314 0 0 -6.051 16.554 31.891
1 27 10 0.0481 0.4835 0 0 -6.372 12.790 31.128
1 28 15 0.0 -0.656 0 0 -6.492 13.214 27.344
1 29 22 0.0180 0.3569 0 0 -3.387 11.027 27.282
1 30 3 0.0060 -0.981 0 0 -4.434 7.874 29.179
1 31 7 0.0542 -0.088 0 0 -1.015 7.060 30.654
1 32 20 0.1445 0.4381 0 0 1.731 9.683 30.335
1 33 3 0.1506 -0.910 0 0 5.399 8.615 30.333
1 34 16 0.4096 0.5110 0 0 7.660 11.161 32.119
1 35 18 0.3072 -0.994 0 0 11.262 9.911 31.835
1 36 11 0.3614 -0.641 0 0 12.900 13.337 31.472
1 37 7 0.5361 0.1517 0 0 12.894 16.579 33.477
1 38 3 0.5180 -0.796 0 0 10.198 18.953 32.237
1 39 17 0.6024 -0.133 0 0 7.936 21.861 33.078
1 40 20 0.5843 0.2362 0 0 4.139 21.756 33.378
1 41 1 0.4578 -0.668 0 0 1.466 24.436 33.763
1 42 13 0.4518 0.1947 0 0 -1.683 24.335 35.902
1 43 6 0.2590 -0.965 0 0 -4.238 27.118 36.406
1 44 22 0.3192 0.9943 0 0 -5.893 26.894 39.837
1 45 22 0.1265 -0.986 0 0 -7.989 29.071 42.157
1 46 11 0.2108 0.9809 0 0 -6.434 29.175 45.644
1 47 3 0.0662 0.5996 0 0 -8.339 31.023 48.353
1 48 9 0.0120 0.0000 0 0 -10.287 33.082 45.784
1 49 7 0.0421 0.0592 0 0 -7.236 34.060 43.673
1 50 18 0.0602 -0.621 0 0 -6.514 32.639 40.212
1 51 5 0.2469 0.5710 0 0 -2.899 31.336 40.082
1 52 12 0.3373 -0.441 0 0 -0.850 30.070 37.196
1 53 12 0.6084 0.4661 0 0 1.477 27.352 38.505
1 54 3 0.6445 -0.565 0 0 4.593 26.588 36.556
1 55 11 0.8674 0.4544 0 0 5.888 23.267 37.942
1 56 12 0.8614 -0.494 0 0 9.351 21.907 37.277
1 57 3 0.8795 -0.190 0 0 9.714 18.154 37.619
1 58 18 0.8433 0.5149 0 0 13.440 17.558 38.321
1 59 0 0.6746 -0.959 0 0 15.885 14.678 38.254
1 60 0 0.6566 -0.407 0 0 17.511 13.251 41.372
1 61 6 0.5 0.0314 0 0 20.860 14.700 42.539
1 62 7 0.2349 0.3156 0 0 22.745 11.775 41.064
1 63 7 0.2409 -0.037 0 0 21.541 12.677 37.564
1 64 20 0.1325 -0.599 0 0 23.277 15.427 35.559
1 65 17 0.2228 0.8922 0 0 21.111 18.436 34.698
1 66 0 0.0783 -0.731 0 0 22.761 21.485 33.104
1 67 14 0.1867 -0.210 0 0 20.106 23.941 34.236
1 68 1 0.4337 0.4144 0 0 19.995 22.775 37.835
1 69 3 0.3313 -0.641 0 0 21.419 25.853 39.536
1 70 6 0.2710 -0.984 0 0 19.347 28.169 37.325
1 71 20 0.5120 0.2864 0 0 16.039 26.477 37.967
1 72 14 0.6325 0.1439 0 0 16.699 26.569 41.690
1 73 1 0.4036 -0.858 0 0 17.385 30.338 41.339
1 74 18 0.4397 -0.190 0 0 14.097 30.653 39.416
1 75 9 0.7228 0.0000 0 0 12.102 28.439 41.742
1 76 7 0.6867 -0.591 0 0 10.067 30.304 44.322
1 77 9 0.8734 0.0000 0 0 8.988 27.292 46.359
1 78 15 0.9698 -0.719 0 0 10.120 23.670 46.573
1 79 12 0.9939 0.6114 0 0 8.326 20.380 47.240
1 80 5 0.9819 -0.653 0 0 10.935 18.228 48.905
1 81 22 0.9759 0.4617 0 0 9.747 14.660 48.352
1 82 15 0.8554 -0.354 0 0 10.797 11.399 49.917
1 83 0 0.6987 -0.392 0 0 9.015 8.031 49.909
1 84 11 0.4819 -0.090 0 0 7.736 6.578 53.211
1 85 2 0.2771 0.1374 0 0 9.173 3.144 52.254
1 86 2 0.3493 0.3887 0 0 12.671 4.447 51.402
1 87 18 0.2289 -0.875 0 0 14.777 5.632 54.359
1 88 13 0.2951 -0.244 0 0 17.696 6.742 52.160
1 89 17 0.5542 0.4103 0 0 15.351 9.124 50.325
1 90 15 0.5421 -0.246 0 0 14.307 10.601 53.690
1 91 7 0.3855 -0.903 0 0 17.956 10.908 54.751
1 92 3 0.5060 -0.204 0 0 18.720 12.630 51.403
1 93 11 0.7168 0.6541 0 0 16.285 15.483 52.157
1 94 10 0.4939 -0.630 0 0 19.135 17.224 54.014
1 95 6 0.4698 -0.527 0 0 21.130 17.316 50.749
1 96 20 0.7710 0.3387 0 0 18.224 18.700 48.614
1 97 1 0.7048 -0.043 0 0 17.613 21.413 51.220
1 98 7 0.4277 -0.997 0 0 21.354 22.309 51.325
1 99 6 0.4759 0.4197 0 0 21.457 22.617 47.510
1 100 11 0.6144 0.9625 0 0 18.498 25.033 47.606
1 101 13 0.3975 -0.633 0 0 20.231 27.048 50.365
1 102 1 0.1807 0.0144 0 0 23.529 27.058 48.424
1 103 22 0.2530 0.5588 0 0 21.878 28.506 45.333
1 104 13 0.3132 0.8033 0 0 19.343 30.883 46.816
1 105 3 0.0963 -0.995 0 0 21.570 31.991 49.705
1 106 17 0.1626 0.3564 0 0 18.748 31.800 52.279
1 107 3 0.2168 -0.855 0 0 17.530 29.644 55.156
1 108 3 0.3554 -0.909 0 0 13.946 30.878 54.620
1 109 22 0.5903 0.3589 0 0 13.046 29.531 51.153
1 110 16 0.7771 -0.510 0 0 9.381 28.343 50.897
1 111 14 0.8975 -0.245 0 0 9.199 24.577 51.067
1 112 22 0.9397 0.1034 0 0 6.930 21.715 51.943
1 113 12 0.9277 -0.715 0 0 8.236 18.281 53.014
1 114 22 0.9518 0.7720 0 0 6.258 15.549 51.318
1 115 9 0.8253 0.0000 0 0 6.179 11.898 52.396
1 116 2 0.8192 0.3237 0 0 4.868 10.131 49.295
1 117 13 0.5481 0.1104 0 0 3.635 6.590 48.763
0 118 21 0 0 0 0 3.635 6.590 48.763
1 119 3 0.1927 0.3628 0 0 -0.819 4.087 50.254
1 120 12 0.1204 0.3780 0 0 1.888 1.484 51.037
1 121 0 0.0301 -0.920 0 0 1.875 -0.635 54.145
1 122 0 0.0361 -0.200 0 0 5.639 -1.275 54.149
1 123 1 0.0843 0.5168 0 0 6.548 2.004 55.773
1 124 18 0.0722 0.0977 0 0 10.086 2.644 57.042
1 125 22 0.2048 0.8497 0 0 9.814 6.359 57.842
1 126 7 0.1385 -0.905 0 0 7.234 7.092 60.541
1 127 17 0.2831 -0.007 0 0 5.093 10.222 60.221
1 128 1 0.1084 -0.892 0 0 6.397 11.493 63.580
1 129 6 0.1566 -0.261 0 0 9.998 11.307 62.324
1 130 0 0.4457 0.6769 0 0 9.155 13.447 59.263
1 131 6 0.3795 -0.392 0 0 7.047 15.876 61.362
1 132 3 0.1686 -0.851 0 0 10.064 16.379 63.630
1 133 12 0.3915 0.5260 0 0 12.292 17.094 60.638
1 134 0 0.5301 0.5333 0 0 9.831 19.517 59.053
1 135 1 0.3012 -0.641 0 0 9.354 21.286 62.418
1 136 17 0.1746 0.2266 0 0 13.126 21.763 62.741
1 137 20 0.4216 0.2099 0 0 13.033 23.723 59.423
1 138 9 0.3734 0.0000 0 0 9.773 25.525 60.069
1 139 11 0.6385 0.6687 0 0 8.099 23.894 57.032
1 140 16 0.6927 0.2633 0 0 4.852 21.909 56.686
1 141 20 0.7650 -0.131 0 0 4.832 18.169 56.343
1 142 11 0.8132 0.2970 0 0 2.235 16.546 54.077
1 143 7 0.7349 -0.738 0 0 1.805 12.859 53.244
1 144 18 0.7951 0.9796 0 0 0.619 11.920 49.775
1 145 17 0.6265 -0.972 0 0 -0.098 9.106 47.409
1 146 0 0.6807 0.5202 0 0 0.342 9.775 43.679
1 147 13 0.4156 -0.227 0 0 -1.595 6.531 43.187
1 148 18 0.2891 -0.103 0 0 -4.795 7.215 45.190
1 149 1 0.4879 0.0913 0 0 -4.336 10.996 44.754
1 150 6 0.4638 -0.865 0 0 -4.603 11.567 48.525
1 151 9 0.6626 0.0000 0 0 -2.866 14.733 49.640
1 152 22 0.8313 -0.040 0 0 -1.584 15.761 46.174
1 153 7 0.7409 -0.871 0 0 -3.592 18.952 45.834
1 154 3 0.7289 -0.400 0 0 -2.931 19.745 49.536
1 155 0 0.9216 0.6341 0 0 0.843 19.454 49.040
1 156 15 0.9337 0.5664 0 0 0.986 21.844 46.075
1 157 20 0.7831 -0.318 0 0 -1.558 24.349 47.368
1 158 18 0.8012 -0.002 0 0 0.142 24.383 50.782
1 159 12 0.8855 0.7882 0 0 3.357 25.247 48.972
1 160 22 0.7590 -0.279 0 0 1.629 28.137 47.181
1 161 1 0.5240 -0.150 0 0 0.333 29.384 50.492
1 162 7 0.6204 0.2367 0 0 3.875 29.164 51.961
1 163 11 0.5783 0.5828 0 0 5.135 31.327 49.081
1 164 1 0.3433 0.0180 0 0 2.296 33.834 49.649
1 165 6 0.1987 0.1170 0 0 2.969 33.976 53.397
1 166 10 0.2650 0.3057 0 0 6.701 34.524 52.726
1 167 13 0.1144 -0.731 0 0 5.295 37.251 50.417
