1 1 14 0.0240 0.3559 0 0 50.375 12.394 38.092
1 2 18 0.1325 0.2117 0 0 47.278 12.133 35.939
1 3 7 0.3493 0.1055 0 0 43.998 13.794 36.836
1 4 20 0.5963 -0.247 0 0 40.682 12.448 35.588
1 5 13 0.7048 -0.784 0 0 37.850 14.922 35.130
1 6 12 0.9096 0.1450 0 0 34.732 12.859 35.794
1 7 22 0.9578 -0.694 0 0 31.197 14.171 35.231
1 8 22 0.9879 0.4504 0 0 28.129 12.757 37.052
1 9 22 0.9698 -0.264 0 0 25.018 13.275 34.907
1 10 9 0.8975 0.0000 0 0 21.365 12.300 35.234
1 11 0 0.7168 -0.577 0 0 17.894 13.495 36.229
1 12 9 0.6265 0.0000 0 0 17.373 15.349 39.481
1 13 9 0.5843 0.0000 0 0 16.581 13.178 42.499
1 14 22 0.8012 0.5108 0 0 18.486 10.048 41.412
1 15 9 0.8313 0.0000 0 0 21.179 10.537 44.045
1 16 13 0.9457 0.0556 0 0 24.031 11.956 41.947
1 17 17 0.8493 -0.964 0 0 25.031 14.123 44.909
1 18 0 0.8132 -0.358 0 0 25.198 11.283 47.443
1 19 12 0.9216 0.7083 0 0 27.458 9.294 45.105
1 20 18 0.9036 0.1544 0 0 29.995 12.089 44.739
1 21 11 0.7108 -0.506 0 0 29.981 12.678 48.502
1 22 6 0.6927 -0.413 0 0 30.357 8.986 49.330
1 23 12 0.7891 0.6407 0 0 33.412 8.847 47.086
1 24 11 0.6204 0.3417 0 0 35.068 12.078 48.239
1 25 6 0.4216 -0.002 0 0 34.074 12.717 51.854
1 26 2 0.1566 -0.955 0 0 35.453 11.175 55.024
1 27 10 0.1385 0.8192 0 0 33.108 8.494 56.325
1 28 15 0.0180 0.1575 0 0 34.393 8.947 59.843
1 29 22 0.0060 0.1587 0 0 33.826 12.573 60.850
1 30 3 0.0 -0.873 0 0 30.727 14.038 62.518
1 31 7 0.0120 -0.884 0 0 30.630 17.050 60.173
1 32 20 0.0843 0.9712 0 0 30.766 17.747 56.448
1 33 3 0.0662 -0.767 0 0 31.044 21.193 54.834
1 34 16 0.2048 0.1225 0 0 31.028 21.249 51.002
1 35 18 0.0542 -0.654 0 0 31.685 24.976 51.374
1 36 11 0.0421 -0.648 0 0 35.369 24.060 51.705
1 37 7 0.0722 -0.709 0 0 37.827 23.861 48.811
1 38 3 0.2228 -0.543 0 0 38.563 20.587 47.034
1 39 17 0.4096 0.0026 0 0 35.497 18.685 48.172
1 40 20 0.5903 -0.578 0 0 35.750 17.426 44.587
1 41 1 0.4819 -0.351 0 0 39.363 16.180 44.314
1 42 13 0.4397 0.1905 0 0 40.607 12.832 45.679
1 43 6 0.2710 -0.961 0 0 43.881 10.944 45.329
1 44 22 0.3373 0.9884 0 0 43.273 7.239 44.764
1 45 22 0.1867 -0.968 0 0 45.129 4.193 43.517
1 46 11 0.3132 0.9567 0 0 43.484 2.273 40.693
1 47 3 0.1144 0.5418 0 0 45.062 -0.966 39.515
1 48 9 0.0301 0.0000 0 0 48.190 0.005 41.416
1 49 7 0.0602 0.2601 0 0 48.409 3.191 39.336
1 50 18 0.0903 -0.588 0 0 47.964 6.344 41.440
1 51 5 0.2349 0.7792 0 0 45.919 9.260 40.100
1 52 12 0.3855 -0.321 0 0 43.747 12.234 41.010
1 53 12 0.6385 0.5003 0 0 39.971 12.211 40.632
1 54 3 0.6566 -0.478 0 0 38.233 15.513 39.872
1 55 11 0.8734 0.6048 0 0 34.490 15.036 40.224
1 56 12 0.8373 -0.484 0 0 32.494 17.657 38.336
1 57 3 0.8915 0.2190 0 0 29.127 17.319 40.092
1 58 18 0.7530 -0.187 0 0 26.314 19.887 39.750
1 59 0 0.7650 0.3301 0 0 23.481 18.232 41.642
1 60 9 0.4939 0.0000 0 0 20.733 20.721 42.440
1 61 6 0.4337 0.0145 0 0 21.381 22.659 39.250
1 62 7 0.5060 0.5873 0 0 19.373 20.364 36.974
1 63 7 0.2168 -0.444 0 0 16.748 23.018 36.120
1 64 20 0.1927 -0.333 0 0 19.534 25.135 34.544
1 65 17 0.2469 -0.705 0 0 19.151 22.969 31.414
1 66 0 0.1024 -0.978 0 0 20.892 25.398 29.050
1 67 14 0.2289 -0.216 0 0 24.090 25.211 31.138
1 68 1 0.4638 0.3831 0 0 24.393 21.460 30.629
1 69 3 0.3795 -0.608 0 0 26.566 21.520 27.476
1 70 6 0.3072 -0.488 0 0 29.107 23.789 29.168
1 71 20 0.5602 -0.114 0 0 29.392 21.579 32.268
1 72 14 0.6506 0.2955 0 0 29.753 18.396 30.192
1 73 1 0.4518 -0.932 0 0 32.448 19.483 27.715
1 74 18 0.4879 0.0813 0 0 35.258 19.501 30.281
1 75 9 0.7349 0.0000 0 0 34.564 15.927 31.384
1 76 7 0.6686 -0.455 0 0 36.639 12.994 30.119
1 77 9 0.8674 0.0000 0 0 34.404 10.210 31.393
1 78 15 0.9638 -0.724 0 0 30.741 10.261 32.375
1 79 12 0.9939 0.7095 0 0 28.581 8.502 34.969
1 80 5 0.9819 -0.750 0 0 25.028 8.310 33.592
1 81 22 0.9759 0.5691 0 0 22.959 7.706 36.740
1 82 15 0.8554 -0.381 0 0 19.290 6.854 37.225
1 83 0 0.6746 -0.467 0 0 17.192 5.664 40.155
1 84 11 0.5120 -0.064 0 0 16.038 2.073 40.164
1 85 2 0.2951 0.1567 0 0 12.693 3.207 41.551
1 86 2 0.3554 0.2499 0 0 12.159 5.886 38.913
1 87 18 0.2650 -0.859 0 0 11.369 4.755 35.396
1 88 13 0.2831 -0.287 0 0 11.404 8.320 34.051
1 89 17 0.5722 0.4095 0 0 15.039 8.751 35.115
1 90 15 0.5662 -0.266 0 0 15.861 5.451 33.434
1 91 7 0.3674 -0.859 0 0 14.061 6.408 30.214
1 92 3 0.5 -0.090 0 0 15.920 9.764 30.282
1 93 11 0.6867 0.6672 0 0 19.386 8.156 30.049
1 94 10 0.4759 -0.926 0 0 19.113 7.774 26.294
1 95 6 0.4277 -0.957 0 0 19.108 11.559 25.820
1 96 20 0.6807 0.4030 0 0 21.861 12.217 28.337
1 97 1 0.6445 -0.196 0 0 24.006 9.907 26.250
1 98 7 0.4036 -0.524 0 0 23.129 11.598 22.963
1 99 6 0.4457 0.2216 0 0 23.865 14.966 24.541
1 100 11 0.6084 0.9683 0 0 27.284 13.781 25.732
1 101 13 0.4156 -0.139 0 0 28.111 12.429 22.279
1 102 1 0.1987 -0.483 0 0 27.156 15.803 20.887
1 103 22 0.3012 0.7734 0 0 29.116 18.043 23.264
1 104 13 0.3313 0.7218 0 0 32.255 15.882 23.057
1 105 3 0.1084 -0.987 0 0 31.636 15.431 19.322
1 106 17 0.1445 0.4718 0 0 32.621 11.783 19.401
1 107 3 0.1626 -0.517 0 0 30.674 8.562 19.193
1 108 3 0.3192 -0.635 0 0 32.673 6.646 21.779
1 109 22 0.5481 0.2735 0 0 32.948 8.739 24.928
1 110 16 0.6987 -0.491 0 0 34.075 6.802 28.027
1 111 14 0.8855 -0.208 0 0 30.988 6.221 30.148
1 112 22 0.9277 0.1832 0 0 29.280 3.990 32.681
1 113 12 0.9156 -0.729 0 0 25.549 3.449 33.306
1 114 22 0.9518 0.7937 0 0 24.811 3.620 37.041
1 115 9 0.8433 0.0000 0 0 21.562 2.427 38.619
1 116 2 0.8253 0.2920 0 0 21.231 3.792 42.136
1 117 13 0.5783 -0.876 0 0 19.103 2.705 45.085
1 118 5 0.5301 0.3919 0 0 18.019 5.967 46.755
1 119 3 0.2530 -0.206 0 0 15.586 4.716 49.351
1 120 12 0.0783 -0.259 0 0 13.618 1.638 50.388
1 121 0 0.0481 0.3232 0 0 10.710 2.242 48.003
1 122 0 0.0361 -0.805 0 0 9.678 -0.347 45.371
1 123 1 0.1265 0.4940 0 0 12.213 -0.940 42.622
1 124 18 0.0963 0.0686 0 0 10.669 -0.304 39.198
1 125 22 0.2409 0.8110 0 0 13.606 -0.957 36.899
1 126 7 0.1506 -0.864 0 0 15.068 -4.455 37.041
1 127 17 0.2891 -0.077 0 0 18.758 -5.205 36.532
1 128 1 0.1204 -0.732 0 0 18.138 -7.061 33.288
1 129 6 0.1746 -0.226 0 0 16.479 -4.001 31.780
1 130 0 0.4578 0.6327 0 0 19.375 -1.762 32.741
1 131 6 0.3915 -0.167 0 0 21.873 -4.468 31.905
1 132 3 0.1807 -0.881 0 0 20.361 -4.828 28.415
1 133 12 0.3734 0.5307 0 0 20.386 -1.069 27.851
1 134 0 0.5240 0.4691 0 0 24.042 -0.887 28.863
1 135 1 0.2771 -0.678 0 0 24.877 -3.685 26.454
1 136 17 0.1686 0.2013 0 0 23.160 -1.946 23.580
1 137 20 0.3975 0.4541 0 0 25.304 1.121 24.256
1 138 9 0.3433 0.0000 0 0 28.391 -1.044 24.685
1 139 11 0.6024 0.6688 0 0 29.168 0.409 28.118
1 140 16 0.6626 0.2365 0 0 29.381 -1.126 31.637
1 141 20 0.7469 -0.092 0 0 26.524 -1.249 34.138
1 142 11 0.8192 0.4016 0 0 26.956 -0.772 37.901
1 143 7 0.7590 -0.791 0 0 24.197 -0.798 40.522
1 144 18 0.8072 0.9698 0 0 24.962 1.231 43.618
1 145 17 0.6325 -0.995 0 0 23.392 2.109 46.944
1 146 0 0.7409 0.6977 0 0 25.274 5.282 47.858
1 147 13 0.4698 -0.691 0 0 23.210 5.188 51.060
1 148 18 0.3614 -0.210 0 0 25.031 2.023 52.171
1 149 1 0.5180 -0.472 0 0 28.280 2.815 50.381
1 150 6 0.5421 -0.796 0 0 27.893 -0.098 47.973
1 151 9 0.7228 0.0000 0 0 29.225 0.046 44.455
1 152 22 0.8614 -0.062 0 0 30.370 3.652 44.666
1 153 7 0.7831 -0.894 0 0 34.120 3.080 44.292
1 154 3 0.7710 -0.357 0 0 33.262 0.367 41.827
1 155 0 0.9337 0.7050 0 0 31.340 2.815 39.635
1 156 15 0.9397 0.6191 0 0 33.999 5.527 39.503
1 157 20 0.7771 -0.403 0 0 37.027 3.223 39.097
1 158 18 0.7951 0.0917 0 0 35.243 1.365 36.305
1 159 12 0.8795 0.7541 0 0 34.937 4.705 34.540
1 160 22 0.7289 -0.232 0 0 38.613 5.482 35.143
1 161 1 0.5361 -0.018 0 0 39.436 2.141 33.533
1 162 7 0.6144 0.3084 0 0 37.151 3.092 30.646
1 163 11 0.5542 0.5873 0 0 39.160 6.254 30.086
1 164 1 0.3253 0.1193 0 0 42.458 4.359 30.255
1 165 6 0.2108 -0.175 0 0 41.448 1.482 27.981
1 166 10 0.2590 0.1871 0 0 39.954 4.078 25.622
