1 1 14 0.0060 0.2987 0 0 37.845 40.320 53.520
1 2 18 0.0421 0.1738 0 0 37.707 41.776 57.011
1 3 7 0.1987 0.1228 0 0 34.677 41.635 59.299
1 4 20 0.5060 -0.258 0 0 33.652 44.581 61.477
1 5 13 0.6807 -0.738 0 0 31.149 44.291 64.329
1 6 12 0.9036 0.0999 0 0 29.394 47.637 64.782
1 7 22 0.9457 -0.645 0 0 26.878 48.236 67.591
1 8 22 0.9879 0.3357 0 0 24.169 50.926 67.499
1 9 22 0.9698 -0.212 0 0 23.198 52.281 70.942
1 10 9 0.9277 0.0000 0 0 21.117 55.089 72.399
1 11 0 0.7771 -0.593 0 0 17.763 55.825 73.999
1 12 9 0.6566 0.0000 0 0 14.670 54.364 72.380
1 13 9 0.6144 0.0000 0 0 13.109 56.421 69.624
1 14 22 0.8192 0.6398 0 0 16.289 58.176 68.469
1 15 9 0.8554 0.0000 0 0 16.265 56.152 65.266
1 16 13 0.9518 0.0804 0 0 18.862 53.432 65.773
1 17 17 0.8433 -0.587 0 0 16.769 51.040 63.711
1 18 0 0.7710 -0.271 0 0 15.836 53.461 60.932
1 19 12 0.8975 0.7025 0 0 19.488 54.376 60.343
1 20 18 0.8915 0.2803 0 0 20.360 50.695 60.276
1 21 11 0.6385 -0.460 0 0 17.617 49.687 57.827
1 22 6 0.6084 -0.380 0 0 18.317 52.779 55.727
1 23 12 0.6927 0.5544 0 0 21.944 51.540 55.428
1 24 11 0.5 0.2591 0 0 21.025 47.927 54.766
1 25 6 0.2831 -0.117 0 0 17.954 48.289 52.538
1 26 2 0.2771 -0.288 0 0 17.929 51.947 51.433
1 27 10 0.2108 -0.435 0 0 14.459 51.953 52.948
1 28 15 0.3373 0.1724 0 0 12.988 54.243 55.611
1 29 22 0.3192 0.4678 0 0 10.916 52.707 58.371
1 30 3 0.1024 -0.685 0 0 8.120 55.185 59.123
1 31 7 0.0662 -0.909 0 0 6.476 53.163 61.899
1 32 20 0.2048 0.4249 0 0 7.957 52.526 65.321
1 33 3 0.1927 -0.582 0 0 8.514 49.071 66.827
1 34 16 0.3433 -0.868 0 0 10.730 48.626 69.895
1 35 18 0.4879 0.8966 0 0 13.771 46.590 69.009
1 36 11 0.3554 -0.985 0 0 14.863 43.663 71.226
1 37 7 0.4698 -0.669 0 0 18.015 42.502 69.435
1 38 3 0.5180 -0.296 0 0 18.770 42.280 65.681
1 39 17 0.5421 -0.363 0 0 21.761 41.634 63.486
1 40 20 0.5361 0.3367 0 0 22.387 42.673 59.872
1 41 1 0.3915 -0.576 0 0 25.209 41.833 57.497
1 42 13 0.3674 0.4041 0 0 26.495 44.134 54.758
1 43 6 0.1265 -0.992 0 0 29.191 43.551 52.157
1 44 22 0.1566 0.8817 0 0 30.647 46.893 51.104
1 45 22 0.0542 -0.984 0 0 33.860 48.332 49.721
1 46 11 0.1506 0.9716 0 0 35.226 51.117 51.928
1 47 3 0.0361 0.6511 0 0 38.367 52.974 50.832
1 48 9 0.0 0.0000 0 0 39.236 50.271 48.315
1 49 7 0.0120 0.1236 0 0 38.957 47.354 50.777
1 50 18 0.0301 -0.636 0 0 36.033 44.902 50.829
1 51 5 0.1325 0.6171 0 0 34.286 44.733 54.203
1 52 12 0.2228 -0.518 0 0 31.783 42.493 55.831
1 53 12 0.5481 0.5040 0 0 29.855 44.630 58.274
1 54 3 0.5963 -0.887 0 0 27.971 43.067 61.209
1 55 11 0.8373 0.4289 0 0 25.540 45.656 62.483
1 56 12 0.8313 -0.501 0 0 24.048 44.867 65.855
1 57 3 0.8795 -0.015 0 0 20.834 46.785 66.568
1 58 18 0.8253 0.4881 0 0 20.053 47.219 70.276
1 59 0 0.6746 -0.978 0 0 17.061 48.199 72.413
1 60 9 0.6987 0.0000 0 0 17.628 51.238 74.608
1 61 6 0.3795 0.1051 0 0 15.160 50.526 77.379
1 62 7 0.1445 -0.888 0 0 16.089 49.392 80.886
1 63 7 0.0481 -0.183 0 0 14.505 45.928 80.632
1 64 0 0.2409 0.8071 0 0 17.201 45.263 78.052
1 65 17 0.2349 -0.537 0 0 20.164 46.290 80.279
1 66 0 0.0903 -0.887 0 0 21.623 42.827 80.722
1 67 14 0.2650 -0.212 0 0 21.075 42.127 77.029
1 68 1 0.5602 0.3836 0 0 22.592 45.340 75.659
1 69 3 0.4216 -0.498 0 0 25.753 44.716 77.722
1 70 6 0.3313 -0.767 0 0 25.951 41.330 76.076
1 71 20 0.5843 0.1669 0 0 25.808 42.989 72.665
1 72 14 0.6686 0.4543 0 0 28.450 45.548 73.637
1 73 1 0.3855 -0.672 0 0 30.886 42.902 74.815
1 74 18 0.4277 -0.169 0 0 31.256 41.628 71.256
1 75 9 0.7048 0.0000 0 0 31.221 44.929 69.371
1 76 7 0.6506 -0.530 0 0 34.366 46.626 68.138
1 77 9 0.8674 0.0000 0 0 32.905 49.986 67.198
1 78 15 0.9638 -0.704 0 0 29.912 51.884 68.512
1 79 12 0.9939 0.5331 0 0 27.408 54.233 66.990
1 80 5 0.9819 -0.723 0 0 26.027 56.451 69.781
1 81 22 0.9759 0.4380 0 0 22.754 57.874 68.500
1 82 15 0.8855 -0.305 0 0 20.488 60.614 69.927
1 83 0 0.7469 -0.433 0 0 17.898 62.769 68.152
1 84 11 0.5120 -0.083 0 0 18.529 66.477 67.564
1 85 2 0.3072 0.0518 0 0 14.956 67.206 68.630
1 86 2 0.3493 0.2703 0 0 15.015 65.314 71.934
1 87 18 0.2530 -0.829 0 0 17.264 66.733 74.671
1 88 13 0.3253 -0.783 0 0 16.850 63.703 76.910
1 89 17 0.6204 0.3487 0 0 18.294 61.471 74.218
1 90 15 0.5903 -0.256 0 0 21.343 63.751 74.110
1 91 7 0.4096 -0.865 0 0 21.561 63.588 77.926
1 92 3 0.5662 -0.189 0 0 21.362 59.775 77.813
1 93 11 0.7951 0.6280 0 0 24.529 59.523 75.711
1 94 10 0.5240 -0.469 0 0 26.735 59.954 78.789
1 95 6 0.4939 -0.335 0 0 25.342 56.696 80.209
1 96 20 0.7831 0.3685 0 0 25.787 54.633 77.073
1 97 1 0.7349 -0.275 0 0 29.387 55.848 76.735
1 98 7 0.4337 -0.478 0 0 30.088 54.826 80.333
1 99 6 0.4819 0.3337 0 0 28.392 51.453 79.827
1 100 11 0.6265 0.9509 0 0 30.703 50.776 76.848
1 101 13 0.3975 -0.312 0 0 33.796 51.960 78.770
1 102 1 0.1626 -0.240 0 0 32.865 49.547 81.560
1 103 22 0.2469 0.6183 0 0 31.970 46.467 79.585
1 104 13 0.3012 0.7656 0 0 34.934 46.584 77.186
1 105 3 0.0722 -0.995 0 0 37.022 47.913 80.051
1 106 17 0.1204 0.3127 0 0 38.781 50.526 77.927
1 107 3 0.1746 -0.370 0 0 38.812 54.303 77.585
1 108 3 0.3132 -0.476 0 0 39.795 54.046 73.933
1 109 22 0.5542 0.3516 0 0 36.938 52.238 72.212
1 110 16 0.7409 -0.587 0 0 36.155 53.315 68.599
1 111 14 0.9096 -0.088 0 0 32.892 55.205 68.341
1 112 22 0.9397 0.0723 0 0 30.986 57.972 66.572
1 113 12 0.9337 -0.693 0 0 28.483 60.398 68.119
1 114 22 0.9578 0.7074 0 0 25.427 60.430 65.888
1 115 9 0.8614 0.0000 0 0 22.840 63.230 65.982
1 116 2 0.8493 0.2793 0 0 19.952 61.788 64.066
1 117 13 0.6024 0.0736 0 0 16.716 63.165 62.558
1 118 5 0.4457 0.2773 0 0 18.378 66.269 61.099
1 119 3 0.2168 0.3141 0 0 15.706 66.455 58.404
1 120 12 0.0963 0.4082 0 0 13.297 67.826 61.020
1 121 0 0.0180 -0.935 0 0 13.056 71.575 61.638
1 122 0 0.0240 -0.176 0 0 12.272 71.440 65.366
1 123 1 0.0783 0.4702 0 0 15.835 71.157 66.662
1 124 18 0.0602 0.1230 0 0 16.483 71.225 70.423
1 125 22 0.2289 0.8674 0 0 20.166 70.205 70.619
1 126 7 0.1084 -0.900 0 0 22.802 72.503 69.150
1 127 17 0.2710 -0.136 0 0 25.431 71.171 66.772
1 128 1 0.0843 -0.818 0 0 28.044 73.074 68.816
1 129 6 0.1385 -0.131 0 0 26.702 71.379 71.996
1 130 0 0.4759 0.6378 0 0 27.075 67.877 70.519
1 131 6 0.3734 -0.191 0 0 30.331 68.794 68.781
1 132 3 0.1686 -0.848 0 0 31.800 69.748 72.184
1 133 12 0.4156 0.5690 0 0 30.723 66.441 73.685
1 134 0 0.5783 0.3775 0 0 32.301 64.495 70.816
1 135 1 0.2951 -0.729 0 0 35.561 66.430 71.144
1 136 17 0.1867 0.1536 0 0 35.717 65.546 74.853
1 137 20 0.4397 0.5267 0 0 35.241 61.886 73.921
1 138 9 0.3614 0.0000 0 0 37.859 62.161 71.204
1 139 11 0.6325 0.7759 0 0 35.420 61.049 68.503
1 140 16 0.6867 0.3683 0 0 33.705 62.555 65.430
1 141 20 0.7891 -0.077 0 0 30.178 63.927 65.364
1 142 11 0.8072 0.2571 0 0 27.911 63.233 62.442
1 143 7 0.7590 -0.737 0 0 24.376 64.507 61.997
1 144 18 0.8012 0.9430 0 0 22.161 62.210 60.003
1 145 17 0.6445 -0.986 0 0 18.671 61.567 58.754
1 146 0 0.7168 0.5228 0 0 17.575 57.973 58.348
1 147 13 0.4036 -0.770 0 0 14.634 59.325 56.416
1 148 18 0.2891 -0.143 0 0 16.664 61.164 53.717
1 149 1 0.4638 -0.172 0 0 19.918 59.144 53.911
1 150 6 0.4518 -0.237 0 0 21.836 62.302 54.732
1 151 9 0.6626 0.0000 0 0 25.036 61.464 56.611
1 152 22 0.8132 -0.104 0 0 23.954 57.847 57.027
1 153 7 0.7228 -0.903 0 0 26.823 56.222 55.127
1 154 3 0.7289 -0.321 0 0 29.206 58.783 56.543
1 155 0 0.9156 0.6789 0 0 28.345 57.776 60.114
1 156 15 0.9216 0.5130 0 0 28.695 54.031 59.563
1 157 20 0.7530 -0.326 0 0 31.731 54.090 57.298
1 158 18 0.7650 0.0984 0 0 33.436 56.699 59.463
1 159 12 0.8734 0.7702 0 0 33.077 54.156 62.279
1 160 22 0.7108 -0.305 0 0 34.643 51.478 60.147
1 161 1 0.4578 -0.093 0 0 37.674 53.673 59.391
1 162 7 0.5722 0.6212 0 0 38.065 54.203 63.153
1 163 11 0.5301 0.6499 0 0 38.072 50.466 63.864
1 164 1 0.2590 -0.171 0 0 40.543 49.772 61.066
1 165 6 0.1144 0.1048 0 0 43.010 52.505 62.155
1 166 10 0.1807 0.3085 0 0 42.586 51.486 65.806
