1 1 14 0.0060 0.4430 0 0 -4.344 43.775 26.385
1 2 18 0.0484 0.1892 0 0 -1.935 40.990 27.380
1 3 7 0.2484 -0.353 0 0 -2.110 37.854 25.218
1 4 20 0.5393 -0.248 0 0 -1.004 34.405 26.362
1 5 13 0.7030 -0.676 0 0 -0.077 31.780 23.739
1 6 12 0.9090 0.1178 0 0 -0.860 28.324 25.117
1 7 22 0.9575 -0.675 0 0 -0.209 24.975 23.456
1 8 22 0.9878 0.3300 0 0 -2.014 21.764 24.455
1 9 22 0.9696 -0.216 0 0 -0.007 18.595 23.754
1 10 9 0.9272 0.0000 0 0 -0.291 14.913 24.575
1 11 0 0.7818 -0.579 0 0 -1.114 11.518 23.065
1 12 9 0.6545 0.0000 0 0 -4.155 11.112 20.861
1 13 9 0.5939 0.0000 0 0 -7.407 10.482 22.678
1 14 22 0.8121 0.6208 0 0 -6.412 11.956 26.037
1 15 9 0.8545 0.0000 0 0 -8.873 14.854 25.745
1 16 13 0.9454 0.0703 0 0 -6.869 17.813 24.406
1 17 17 0.8303 -0.646 0 0 -9.764 18.884 22.166
1 18 0 0.7575 -0.292 0 0 -12.469 18.199 24.749
1 19 12 0.8969 0.6692 0 0 -10.570 20.285 27.319
1 20 18 0.8787 0.2910 0 0 -10.140 23.222 24.946
1 21 11 0.6606 -0.476 0 0 -13.732 23.140 23.759
1 22 6 0.6242 -0.386 0 0 -14.897 22.882 27.372
1 23 12 0.7090 0.5785 0 0 -12.923 26.042 28.164
1 24 11 0.5090 0.2920 0 0 -14.112 27.848 25.016
1 25 6 0.3030 -0.152 0 0 -17.753 26.812 24.692
1 26 2 0.2787 -0.234 0 0 -18.698 25.226 28.011
1 27 10 0.2060 -0.110 0 0 -19.827 21.924 26.551
1 28 15 0.3454 0.1605 0 0 -18.438 18.414 26.326
1 29 22 0.2727 0.1673 0 0 -17.845 17.043 22.837
1 30 3 0.1212 -0.694 0 0 -17.982 13.223 22.707
1 31 7 0.0969 -0.945 0 0 -16.594 13.082 19.182
1 32 20 0.3272 0.5004 0 0 -14.270 15.727 17.815
1 33 3 0.1696 -0.522 0 0 -12.254 14.940 14.687
1 34 16 0.3878 -0.701 0 0 -8.985 13.512 16.134
1 35 18 0.3090 -0.991 0 0 -7.048 15.002 13.216
1 36 11 0.3636 -0.441 0 0 -8.211 18.636 13.482
1 37 7 0.5333 0.3061 0 0 -5.455 20.891 14.818
1 38 3 0.5151 -0.790 0 0 -6.401 24.537 15.249
1 39 17 0.6060 -0.611 0 0 -6.129 27.597 17.473
1 40 20 0.5454 0.1917 0 0 -8.971 29.053 19.498
1 41 1 0.4545 -0.370 0 0 -9.273 32.402 21.233
1 42 13 0.4121 0.2914 0 0 -10.896 33.500 24.474
1 43 6 0.1515 -0.969 0 0 -10.945 36.768 26.385
1 44 22 0.1999 0.8518 0 0 -11.012 36.272 30.139
1 45 22 0.0727 -0.973 0 0 -10.174 38.028 33.396
1 46 11 0.1939 0.9738 0 0 -7.493 36.328 35.453
1 47 3 0.0363 0.6348 0 0 -6.544 37.754 38.820
1 48 9 0.0 0.0000 0 0 -7.977 41.145 37.892
1 49 7 0.0242 0.4462 0 0 -6.270 41.307 34.513
1 50 18 0.0303 -0.710 0 0 -8.231 41.184 31.269
1 51 5 0.1151 0.6289 0 0 -6.337 39.020 28.815
1 52 12 0.3151 -0.279 0 0 -6.653 37.045 25.606
1 53 12 0.6 0.4584 0 0 -5.784 33.367 25.389
1 54 3 0.6303 -0.446 0 0 -4.556 32.036 22.046
1 55 11 0.8484 0.4851 0 0 -4.793 28.256 22.468
1 56 12 0.8606 -0.417 0 0 -3.396 25.740 20.002
1 57 3 0.8909 -0.175 0 0 -5.097 22.345 20.222
1 58 18 0.8424 0.5474 0 0 -2.571 19.956 18.627
1 59 0 0.6666 -0.647 0 0 -3.480 16.793 16.719
1 60 0 0.4424 -0.727 0 0 -1.120 14.956 14.366
1 61 6 0.4363 0.4004 0 0 1.824 13.163 15.950
1 62 7 0.1878 -0.397 0 0 5.308 12.899 14.428
1 63 7 0.1333 -0.153 0 0 4.140 15.683 12.113
1 64 20 0.1272 -0.007 0 0 5.359 19.265 11.815
1 65 17 0.1030 0.7001 0 0 2.965 21.767 10.249
1 66 0 0.0545 -0.801 0 0 3.717 25.452 9.684
1 67 14 0.2363 0.3155 0 0 1.235 26.639 12.319
1 68 1 0.4787 0.5820 0 0 2.541 24.225 14.959
1 69 3 0.3333 -0.722 0 0 6.234 24.999 14.465
1 70 6 0.2545 -0.646 0 0 5.414 28.657 15.080
1 71 20 0.5575 0.1433 0 0 3.213 27.991 18.121
1 72 14 0.6181 0.3806 0 0 5.772 25.458 19.349
1 73 1 0.3939 -0.978 0 0 8.593 27.996 19.303
1 74 18 0.4060 -0.407 0 0 6.355 30.998 19.972
1 75 9 0.6969 0.0000 0 0 4.235 29.056 22.442
1 76 7 0.6787 -0.586 0 0 4.608 30.657 25.854
1 77 9 0.8727 0.0000 0 0 3.120 27.882 27.970
1 78 15 0.9636 -0.716 0 0 2.263 24.227 27.525
1 79 12 0.9939 0.5924 0 0 -0.460 22.030 28.924
1 80 5 0.9818 -0.726 0 0 0.947 18.449 28.834
1 81 22 0.9757 0.4738 0 0 -2.040 16.140 28.948
1 82 15 0.8666 -0.326 0 0 -2.424 12.418 29.624
1 83 0 0.7212 -0.411 0 0 -5.561 10.435 30.624
1 84 11 0.4969 -0.083 0 0 -5.914 8.841 34.072
1 85 2 0.2606 0.1017 0 0 -7.078 5.587 32.469
1 86 2 0.3575 0.4055 0 0 -4.367 5.434 29.789
1 87 18 0.2242 -0.913 0 0 -1.022 4.287 31.165
1 88 13 0.2969 -0.204 0 0 0.683 4.677 27.810
1 89 17 0.5878 0.4287 0 0 -0.403 8.326 27.529
1 90 15 0.5818 -0.266 0 0 1.251 8.937 30.903
1 91 7 0.3818 -0.853 0 0 4.475 7.168 29.939
1 92 3 0.5272 -0.161 0 0 4.388 9.282 26.727
1 93 11 0.7515 0.6845 0 0 4.651 12.572 28.645
1 94 10 0.5030 -0.945 0 0 8.435 12.290 28.936
1 95 6 0.4727 -0.410 0 0 8.660 12.484 25.142
1 96 20 0.7757 0.3753 0 0 6.515 15.607 24.878
1 97 1 0.7151 -0.128 0 0 8.556 17.450 27.489
1 98 7 0.4303 -0.716 0 0 11.922 16.474 25.990
1 99 6 0.4909 0.4777 0 0 10.436 17.774 22.766
1 100 11 0.6484 0.9641 0 0 9.518 21.158 24.248
1 101 13 0.4181 -0.096 0 0 12.858 21.465 26.064
1 102 1 0.1575 -0.333 0 0 14.611 21.170 22.688
1 103 22 0.2666 0.6152 0 0 12.593 23.738 20.742
1 104 13 0.3212 0.7809 0 0 12.900 26.106 23.710
1 105 3 0.0606 -0.985 0 0 16.530 25.171 24.361
1 106 17 0.1090 0.1935 0 0 15.679 25.294 28.063
1 107 3 0.2303 -0.761 0 0 14.464 23.092 30.908
1 108 3 0.3515 -0.441 0 0 12.614 26.036 32.433
1 109 22 0.5757 0.3155 0 0 9.472 26.403 30.335
1 110 16 0.7696 -0.551 0 0 5.999 27.338 31.663
1 111 14 0.9030 0.0217 0 0 4.183 24.014 31.803
1 112 22 0.9393 0.0900 0 0 1.417 22.199 33.677
1 113 12 0.9333 -0.687 0 0 0.992 18.405 33.766
1 114 22 0.9515 0.7191 0 0 -2.693 17.524 33.310
1 115 9 0.8363 0.0000 0 0 -4.299 14.224 34.328
1 116 2 0.8242 0.3102 0 0 -7.586 14.160 32.410
1 117 13 0.5636 0.0923 0 0 -10.761 11.996 32.522
0 118 21 0 0 0 0 -10.761 11.996 32.522
1 119 3 0.1757 0.3511 0 0 -14.699 11.215 36.009
1 120 12 0.0848 0.4057 0 0 -13.809 7.665 34.966
1 121 0 0.0181 -0.925 0 0 -13.616 4.728 37.331
1 122 0 0.0121 -0.650 0 0 -10.641 2.435 38.004
1 123 1 0.0666 0.4756 0 0 -7.824 4.803 37.096
1 124 18 0.0424 0.0542 0 0 -4.594 3.100 36.021
1 125 22 0.2181 0.8627 0 0 -2.332 6.083 36.690
1 126 7 0.0909 -0.933 0 0 -2.309 7.154 40.328
1 127 17 0.2909 -0.031 0 0 -2.362 10.844 41.262
1 128 1 0.0787 -0.624 0 0 0.797 10.046 43.261
1 129 6 0.1393 -0.273 0 0 2.715 8.913 40.172
1 130 0 0.4848 0.6305 0 0 1.753 12.061 38.280
1 131 6 0.3757 -0.447 0 0 2.667 14.252 41.260
1 132 3 0.1454 -0.858 0 0 6.038 12.479 41.295
1 133 12 0.4242 0.5353 0 0 6.579 13.127 37.596
1 134 0 0.5515 0.4375 0 0 5.534 16.788 37.833
1 135 1 0.2848 -0.728 0 0 7.790 17.291 40.845
1 136 17 0.1636 0.2286 0 0 10.742 15.941 38.861
1 137 20 0.4484 0.5188 0 0 10.011 18.514 36.149
1 138 9 0.3696 0.0000 0 0 9.436 21.308 38.646
1 139 11 0.6424 0.7459 0 0 5.870 21.947 37.427
1 140 16 0.6909 0.2241 0 0 2.307 21.760 38.804
1 141 20 0.7878 -0.108 0 0 0.038 18.738 38.396
1 142 11 0.8060 0.2778 0 0 -3.707 19.271 38.038
1 143 7 0.7454 -0.722 0 0 -6.443 16.673 37.466
1 144 18 0.8 0.9791 0 0 -9.346 17.487 35.157
1 145 17 0.6363 -0.985 0 0 -12.473 16.128 33.516
1 146 0 0.6848 0.4626 0 0 -13.488 17.704 30.217
1 147 13 0.4 -0.773 0 0 -16.780 15.896 30.758
1 148 18 0.2424 -0.145 0 0 -17.771 17.441 34.102
1 149 1 0.4666 0.0156 0 0 -15.556 20.534 33.649
1 150 6 0.4606 -0.545 0 0 -13.868 19.772 36.998
1 151 9 0.6727 0.0000 0 0 -10.435 21.418 37.075
1 152 22 0.8181 -0.044 0 0 -10.578 22.725 33.492
1 153 7 0.7272 -0.864 0 0 -10.348 26.408 34.353
1 154 3 0.7333 -0.785 0 0 -7.808 25.621 37.073
1 155 0 0.9151 0.6302 0 0 -5.583 23.891 34.513
1 156 15 0.9212 0.5397 0 0 -5.615 26.685 31.940
1 157 20 0.7636 -0.536 0 0 -5.490 29.526 34.498
1 158 18 0.7939 0.0285 0 0 -2.638 27.932 36.427
1 159 12 0.8848 0.7804 0 0 -0.700 27.720 33.160
1 160 22 0.7393 -0.335 0 0 -1.294 31.452 32.611
1 161 1 0.5212 -0.147 0 0 0.003 32.047 36.156
1 162 7 0.6121 0.2505 0 0 3.084 29.962 35.341
1 163 11 0.5696 0.5745 0 0 3.777 32.042 32.235
1 164 1 0.3393 0.0577 0 0 3.648 35.042 34.629
1 165 6 0.1818 0.2788 0 0 6.362 33.704 36.937
1 166 10 0.2121 0.2521 0 0 8.715 33.192 34.025
