1 1 14 0.0120 0.2773 0 0 -4.296 43.399 26.582
1 2 18 0.0481 0.1182 0 0 -1.586 40.920 27.313
1 3 7 0.2409 -0.380 0 0 -1.721 37.833 25.082
1 4 20 0.5421 -0.272 0 0 -0.655 34.413 26.322
1 5 13 0.6867 -0.490 0 0 0.275 31.870 23.639
1 6 12 0.9096 0.1137 0 0 -0.582 28.372 24.879
1 7 22 0.9518 -0.670 0 0 0.051 25.054 23.142
1 8 22 0.9879 0.3953 0 0 -1.763 21.857 24.100
1 9 22 0.9698 -0.221 0 0 0.318 18.680 23.440
1 10 9 0.9216 0.0000 0 0 0.014 14.941 24.155
1 11 0 0.7710 -0.545 0 0 -0.910 11.552 22.682
1 12 9 0.6445 0.0000 0 0 -3.949 11.150 20.385
1 13 9 0.6084 0.0000 0 0 -7.204 10.616 22.257
1 14 22 0.8132 0.6095 0 0 -6.241 12.098 25.642
1 15 9 0.8614 0.0000 0 0 -8.715 14.980 25.344
1 16 13 0.9457 0.0636 0 0 -6.640 17.958 24.078
1 17 17 0.8253 -0.648 0 0 -9.514 19.009 21.810
1 18 0 0.7831 -0.313 0 0 -12.165 18.310 24.457
1 19 12 0.8975 0.6565 0 0 -10.252 20.394 27.046
1 20 18 0.8855 0.2716 0 0 -9.817 23.360 24.667
1 21 11 0.6626 -0.465 0 0 -13.448 23.198 23.540
1 22 6 0.6325 -0.392 0 0 -14.639 23.010 27.155
1 23 12 0.7168 0.5590 0 0 -12.560 26.069 28.031
1 24 11 0.5240 0.2982 0 0 -13.871 28.083 25.048
1 25 6 0.3253 -0.137 0 0 -17.434 26.823 24.532
1 26 2 0.2710 -0.226 0 0 -18.454 25.306 27.895
1 27 10 0.2048 -0.371 0 0 -19.548 22.082 26.227
1 28 15 0.3493 0.1736 0 0 -18.159 18.547 26.029
1 29 22 0.2650 0.5161 0 0 -17.617 16.892 22.638
1 30 3 0.1084 -0.755 0 0 -18.007 13.122 22.336
1 31 7 0.1024 -0.944 0 0 -16.250 12.828 18.974
1 32 20 0.3313 0.5160 0 0 -14.162 15.714 17.663
1 33 3 0.1746 -0.460 0 0 -12.249 15.099 14.409
1 34 16 0.3915 -0.828 0 0 -8.836 13.864 15.751
1 35 18 0.3012 -0.988 0 0 -6.947 15.483 12.848
1 36 11 0.3614 -0.393 0 0 -8.232 19.081 13.273
1 37 7 0.5301 0.2353 0 0 -5.296 21.234 14.381
1 38 3 0.5 -0.771 0 0 -6.211 24.879 14.883
1 39 17 0.5783 -0.560 0 0 -5.891 27.846 17.210
1 40 20 0.5542 0.2163 0 0 -8.614 29.293 19.372
1 41 1 0.4518 -0.377 0 0 -8.948 32.627 21.145
1 42 13 0.4096 0.2645 0 0 -10.607 33.626 24.401
1 43 6 0.1385 -0.975 0 0 -10.658 36.859 26.360
1 44 22 0.2228 0.9953 0 0 -10.494 36.089 30.119
1 45 22 0.0662 -0.980 0 0 -9.786 37.947 33.362
1 46 11 0.1867 0.9666 0 0 -7.071 36.164 35.361
1 47 3 0.0361 0.6212 0 0 -6.164 37.682 38.721
1 48 9 0.0 0.0000 0 0 -7.677 41.074 37.801
1 49 7 0.0240 0.4564 0 0 -5.970 41.296 34.389
1 50 18 0.0301 -0.669 0 0 -7.967 41.126 31.163
1 51 5 0.1204 0.6372 0 0 -5.970 39.011 28.773
1 52 12 0.3192 -0.224 0 0 -6.277 37.101 25.535
1 53 12 0.5963 0.4611 0 0 -5.509 33.386 25.336
1 54 3 0.6265 -0.486 0 0 -4.140 32.169 22.008
1 55 11 0.8493 0.4430 0 0 -4.396 28.408 22.176
1 56 12 0.8433 -0.438 0 0 -3.061 25.919 19.643
1 57 3 0.8915 -0.126 0 0 -4.749 22.546 19.929
1 58 18 0.8373 0.5085 0 0 -2.209 20.177 18.322
1 59 0 0.6686 -0.785 0 0 -3.288 17.079 16.410
1 60 9 0.4337 0.0000 0 0 -1.742 14.199 14.419
1 61 9 0.4457 0.0000 0 0 1.953 13.413 15.638
1 62 7 0.1566 -0.802 0 0 5.208 12.817 13.759
1 63 7 0.1265 -0.659 0 0 4.182 15.753 11.572
1 64 20 0.1626 -0.060 0 0 5.052 19.451 11.536
1 65 17 0.0843 0.5704 0 0 2.954 22.537 9.631
1 66 0 0.0421 -0.821 0 0 3.904 26.230 9.353
1 67 14 0.2289 0.4578 0 0 1.362 27.107 12.089
1 68 1 0.4638 0.4000 0 0 2.344 24.170 14.359
1 69 3 0.3433 -0.790 0 0 6.046 25.041 14.122
1 70 6 0.2590 -0.306 0 0 5.191 28.726 14.733
1 71 20 0.5722 0.1437 0 0 3.230 28.041 17.943
1 72 14 0.6204 0.4104 0 0 5.823 25.431 18.954
1 73 1 0.3674 -0.873 0 0 8.590 28.018 18.422
1 74 18 0.3975 -0.563 0 0 6.586 31.005 19.729
1 75 9 0.6987 0.0000 0 0 4.422 29.165 22.293
1 76 7 0.6746 -0.561 0 0 4.980 30.659 25.734
1 77 9 0.8674 0.0000 0 0 3.675 27.705 27.666
1 78 15 0.9638 -0.743 0 0 2.570 24.135 27.191
1 79 12 0.9939 0.5736 0 0 -0.157 21.920 28.587
1 80 5 0.9819 -0.759 0 0 1.220 18.385 28.401
1 81 22 0.9759 0.4791 0 0 -1.834 16.160 28.570
1 82 15 0.8734 -0.343 0 0 -2.228 12.453 29.261
1 83 0 0.7409 -0.394 0 0 -5.354 10.476 30.244
1 84 11 0.5120 -0.110 0 0 -5.472 8.828 33.708
1 85 2 0.2891 0.0876 0 0 -6.903 5.666 32.057
1 86 2 0.3734 0.3132 0 0 -4.206 5.520 29.397
1 87 18 0.2349 -0.904 0 0 -0.860 4.341 30.716
1 88 13 0.2831 -0.207 0 0 0.854 4.659 27.289
1 89 17 0.6024 0.4406 0 0 -0.195 8.348 27.021
1 90 15 0.5903 -0.286 0 0 1.402 8.939 30.479
1 91 7 0.3855 -0.845 0 0 4.545 7.087 29.393
1 92 3 0.5361 -0.144 0 0 4.540 9.247 26.196
1 93 11 0.7469 0.6642 0 0 4.831 12.499 28.213
1 94 10 0.5060 -0.944 0 0 8.633 12.174 28.289
1 95 6 0.4819 0.0546 0 0 8.763 12.534 24.461
1 96 20 0.7891 0.3505 0 0 6.615 15.701 24.405
1 97 1 0.7108 -0.184 0 0 8.714 17.298 27.113
1 98 7 0.4277 -0.742 0 0 11.998 16.358 25.300
1 99 6 0.4939 0.4570 0 0 10.511 17.870 22.125
1 100 11 0.6506 0.9641 0 0 9.609 21.095 23.927
1 101 13 0.4156 -0.104 0 0 13.074 21.385 25.546
1 102 1 0.1686 -0.053 0 0 14.725 20.945 22.107
1 103 22 0.3132 0.6821 0 0 12.538 23.567 20.389
1 104 13 0.3072 0.7504 0 0 13.097 26.010 23.279
1 105 3 0.0602 -0.996 0 0 16.762 25.056 23.880
1 106 17 0.1144 0.2462 0 0 15.888 25.114 27.610
1 107 3 0.2108 -0.881 0 0 14.882 22.874 30.530
1 108 3 0.3373 -0.434 0 0 13.004 25.864 32.013
1 109 22 0.5662 0.3178 0 0 9.826 26.239 29.942
1 110 16 0.7590 -0.568 0 0 6.396 27.172 31.361
1 111 14 0.9036 -0.063 0 0 4.526 23.878 31.476
1 112 22 0.9397 0.0732 0 0 1.731 22.102 33.307
1 113 12 0.9337 -0.682 0 0 1.249 18.329 33.485
1 114 22 0.9578 0.7288 0 0 -2.457 17.519 32.947
1 115 9 0.8554 0.0000 0 0 -4.041 14.175 33.894
1 116 2 0.8313 0.3198 0 0 -7.356 14.261 32.052
1 117 13 0.5843 0.0803 0 0 -10.562 12.092 32.109
1 118 5 0.4578 0.3154 0 0 -10.587 12.096 35.907
1 119 3 0.1927 0.3421 0 0 -14.346 11.369 35.730
1 120 12 0.0903 0.3656 0 0 -13.644 7.823 34.498
1 121 0 0.0180 -0.935 0 0 -13.489 4.900 36.923
1 122 0 0.0060 -0.746 0 0 -10.445 2.757 37.718
1 123 1 0.0722 0.4322 0 0 -7.545 4.963 36.665
1 124 18 0.0542 0.0540 0 0 -4.478 3.070 35.474
1 125 22 0.2168 0.8632 0 0 -2.220 6.023 36.364
1 126 7 0.0963 -0.916 0 0 -2.156 7.078 40.029
1 127 17 0.2530 -0.040 0 0 -2.167 10.753 41.051
1 128 1 0.0783 -0.674 0 0 1.081 10.154 42.980
1 129 6 0.1325 -0.270 0 0 2.768 8.695 39.844
1 130 0 0.4759 0.6643 0 0 1.922 11.857 37.935
1 131 6 0.3795 -0.468 0 0 2.900 14.064 40.896
1 132 3 0.1445 -0.856 0 0 6.308 12.349 40.926
1 133 12 0.4216 0.5198 0 0 6.786 12.937 37.196
1 134 0 0.5602 0.4736 0 0 5.772 16.635 37.414
1 135 1 0.2771 -0.826 0 0 8.100 17.081 40.425
1 136 17 0.1807 0.2281 0 0 11.010 15.674 38.423
1 137 20 0.4397 0.5230 0 0 10.245 18.275 35.729
1 138 9 0.3554 0.0000 0 0 9.846 21.074 38.271
1 139 11 0.6385 0.7500 0 0 6.238 21.695 37.107
1 140 16 0.6927 0.2432 0 0 2.661 21.580 38.524
1 141 20 0.7771 -0.101 0 0 0.369 18.594 38.108
1 142 11 0.8072 0.2528 0 0 -3.367 19.159 37.716
1 143 7 0.7530 -0.746 0 0 -6.137 16.610 37.142
1 144 18 0.8012 0.9780 0 0 -9.006 17.488 34.811
1 145 17 0.6566 -0.971 0 0 -12.164 16.296 33.202
1 146 0 0.7048 0.4690 0 0 -13.222 17.875 29.880
1 147 13 0.4036 -0.770 0 0 -16.555 16.112 30.518
1 148 18 0.2469 -0.124 0 0 -17.495 17.636 33.919
1 149 1 0.4879 0.0204 0 0 -15.242 20.697 33.594
1 150 6 0.4698 -0.419 0 0 -13.393 19.761 36.824
1 151 9 0.6807 0.0000 0 0 -9.929 21.388 36.804
1 152 22 0.8192 -0.027 0 0 -10.179 22.799 33.267
1 153 7 0.7289 -0.912 0 0 -9.919 26.510 34.191
1 154 3 0.7349 -0.666 0 0 -7.381 25.574 36.887
1 155 0 0.9156 0.6987 0 0 -5.086 23.930 34.291
1 156 15 0.9277 0.5410 0 0 -5.188 26.731 31.724
1 157 20 0.7650 -0.476 0 0 -5.092 29.546 34.328
1 158 18 0.7951 0.0344 0 0 -2.203 27.882 36.185
1 159 12 0.8795 0.7670 0 0 -0.271 27.694 32.926
1 160 22 0.7228 -0.326 0 0 -0.874 31.447 32.537
1 161 1 0.5180 -0.154 0 0 0.457 32.022 36.096
1 162 7 0.6144 0.2583 0 0 3.504 29.815 35.267
1 163 11 0.5481 0.5845 0 0 4.264 31.993 32.226
1 164 1 0.2951 0.0585 0 0 4.066 35.033 34.605
1 165 6 0.1506 0.2832 0 0 6.687 33.657 37.020
1 166 10 0.1987 0.3356 0 0 8.992 33.018 34.071
