1 1 14 0.0 0.3405 0 0 7.894 -0.467 56.704
1 2 18 0.0363 0.1941 0 0 9.369 -3.902 56.179
1 3 7 0.1999 0.0538 0 0 11.968 -5.047 58.697
1 4 20 0.5030 -0.260 0 0 14.635 -7.623 57.807
1 5 13 0.6606 -0.803 0 0 16.176 -9.391 60.809
1 6 12 0.8969 0.0877 0 0 19.692 -10.380 59.736
1 7 22 0.9454 -0.642 0 0 22.170 -12.388 61.857
1 8 22 0.9878 0.3403 0 0 25.927 -12.575 61.301
1 9 22 0.9696 -0.241 0 0 27.631 -15.797 62.388
1 10 9 0.9272 0.0000 0 0 30.981 -17.516 61.970
1 11 0 0.7878 -0.510 0 0 34.206 -18.254 63.834
1 12 9 0.6363 0.0000 0 0 35.983 -15.821 66.100
1 13 9 0.6181 0.0000 0 0 38.020 -13.195 64.347
1 14 22 0.8181 0.6185 0 0 36.661 -13.627 60.806
1 15 9 0.8606 0.0000 0 0 35.319 -10.073 60.650
1 16 13 0.9515 0.1169 0 0 31.616 -10.291 61.579
1 17 17 0.8424 -0.592 0 0 31.748 -7.081 63.586
1 18 0 0.7696 -0.269 0 0 33.959 -5.241 61.132
1 19 12 0.9030 0.6792 0 0 31.531 -6.133 58.322
1 20 18 0.8848 0.3197 0 0 28.476 -4.991 60.227
1 21 11 0.6545 -0.412 0 0 30.138 -1.764 61.383
1 22 6 0.5939 -0.411 0 0 31.333 -0.987 57.884
1 23 12 0.6969 0.5509 0 0 27.796 -1.428 56.548
1 24 11 0.5151 0.3458 0 0 26.057 0.552 59.256
1 25 6 0.2848 0.0498 0 0 28.688 3.102 60.330
1 26 2 0.2303 -0.210 0 0 30.957 3.456 57.283
1 27 10 0.1878 -0.084 0 0 34.316 2.882 58.894
1 28 15 0.3212 0.1565 0 0 36.736 0.001 59.446
1 29 22 0.3090 0.3411 0 0 37.399 -1.338 62.926
1 30 3 0.1090 -0.608 0 0 41.101 -2.216 62.971
1 31 7 0.0727 -0.349 0 0 41.239 -3.546 66.547
1 32 20 0.2060 0.4462 0 0 39.892 -6.834 67.839
1 33 3 0.1696 -0.641 0 0 37.316 -6.692 70.647
1 34 16 0.3515 -0.769 0 0 35.467 -10.032 70.895
1 35 18 0.4666 0.8633 0 0 31.698 -9.635 70.774
1 36 11 0.3636 -0.980 0 0 29.131 -11.033 73.175
1 37 7 0.4606 -0.275 0 0 25.883 -9.938 71.490
1 38 3 0.5090 -0.232 0 0 25.346 -6.601 69.761
1 39 17 0.5515 -0.371 0 0 22.505 -5.237 67.614
1 40 20 0.5212 0.3551 0 0 22.417 -2.488 64.998
1 41 1 0.3757 -0.494 0 0 19.373 -0.958 63.305
1 42 13 0.2606 -0.016 0 0 19.255 1.292 60.273
1 43 6 0.0787 -0.957 0 0 16.762 2.424 57.672
1 44 22 0.1272 0.9928 0 0 17.959 1.870 54.101
1 45 22 0.0484 -0.970 0 0 16.491 1.713 50.596
1 46 11 0.1393 0.9694 0 0 17.098 -1.622 48.869
1 47 3 0.0424 0.6721 0 0 15.791 -2.097 45.318
1 48 9 0.0060 0.0000 0 0 13.444 0.837 45.799
1 49 7 0.0121 0.4918 0 0 11.971 -0.467 49.040
1 50 18 0.0181 -0.745 0 0 12.440 1.579 52.204
0 51 21 0 0 0 0 12.440 1.579 52.204
1 52 12 0.2121 -0.270 0 0 14.697 -1.349 58.363
1 53 12 0.5454 0.4763 0 0 17.684 -3.664 58.825
1 54 3 0.5757 -0.412 0 0 18.016 -5.137 62.245
1 55 11 0.8242 0.4874 0 0 21.415 -6.809 62.407
1 56 12 0.8303 -0.388 0 0 22.507 -9.148 65.205
1 57 3 0.8787 -0.078 0 0 26.278 -9.434 65.543
1 58 18 0.8363 0.5543 0 0 27.062 -12.680 67.383
1 59 0 0.6787 -0.947 0 0 29.926 -14.219 69.303
1 60 9 0.7393 0.0000 0 0 32.075 -16.556 67.240
1 61 9 0.4909 0.0000 0 0 33.271 -19.921 68.474
1 62 7 0.3151 -0.655 0 0 32.039 -23.339 69.614
1 63 7 0.0969 -0.460 0 0 32.171 -22.118 73.252
1 64 20 0.2909 -0.042 0 0 29.353 -19.574 72.701
1 65 17 0.3454 -0.206 0 0 27.023 -21.984 70.899
1 66 0 0.0909 -0.946 0 0 24.462 -22.298 73.687
1 67 14 0.1757 0.0592 0 0 24.314 -18.529 74.140
1 68 1 0.4848 0.5976 0 0 23.691 -17.987 70.427
1 69 3 0.3393 -0.461 0 0 20.793 -20.458 70.232
1 70 6 0.1818 -0.960 0 0 18.177 -18.170 71.803
1 71 20 0.4242 -0.412 0 0 19.405 -14.847 70.422
1 72 14 0.6242 0.6197 0 0 19.457 -16.402 66.893
1 73 1 0.3939 -0.932 0 0 15.863 -17.634 67.008
1 74 18 0.4 -0.426 0 0 14.068 -14.703 65.416
1 75 9 0.6848 0.0000 0 0 16.660 -14.328 62.633
1 76 7 0.6424 -0.637 0 0 15.129 -14.197 59.150
1 77 9 0.8666 0.0000 0 0 18.415 -14.522 57.230
1 78 15 0.9636 -0.669 0 0 22.001 -15.370 58.109
1 79 12 0.9939 0.4809 0 0 25.404 -14.318 56.839
1 80 5 0.9818 -0.776 0 0 27.744 -17.257 57.375
1 81 22 0.9757 0.4800 0 0 31.216 -15.654 57.435
1 82 15 0.8909 -0.351 0 0 34.670 -17.193 57.156
1 83 0 0.7515 -0.395 0 0 37.986 -15.501 56.357
1 84 11 0.5333 -0.158 0 0 39.843 -16.385 53.174
1 85 2 0.3030 0.1426 0 0 43.124 -16.529 55.111
1 86 2 0.3696 0.3653 0 0 41.786 -18.949 57.758
1 87 18 0.2545 -0.864 0 0 41.148 -22.488 56.582
1 88 13 0.2969 -0.338 0 0 39.749 -23.565 59.967
1 89 17 0.6121 0.4433 0 0 37.106 -20.821 59.768
1 90 15 0.6060 -0.273 0 0 35.940 -22.261 56.421
1 91 7 0.4060 -0.868 0 0 35.929 -25.784 57.818
1 92 3 0.5575 -0.162 0 0 33.826 -24.499 60.764
1 93 11 0.7818 0.6807 0 0 31.077 -23.123 58.459
1 94 10 0.5636 -0.768 0 0 29.085 -26.329 58.335
1 95 6 0.4969 -0.402 0 0 28.718 -26.237 62.155
1 96 20 0.7939 0.3224 0 0 27.222 -22.719 61.963
1 97 1 0.7454 -0.341 0 0 24.848 -23.856 59.216
1 98 7 0.4363 -0.731 0 0 23.797 -26.830 61.310
1 99 6 0.5272 0.3275 0 0 23.122 -24.479 64.230
1 100 11 0.6727 0.9274 0 0 20.965 -22.287 62.033
1 101 13 0.4121 -0.159 0 0 18.929 -25.267 60.857
1 102 1 0.2242 0.0118 0 0 18.501 -26.268 64.523
1 103 22 0.3333 0.8014 0 0 17.359 -22.856 65.751
1 104 13 0.3272 0.6461 0 0 14.992 -22.242 62.855
1 105 3 0.0606 -0.483 0 0 13.828 -25.870 62.778
1 106 17 0.1151 0.3113 0 0 14.082 -25.710 58.992
1 107 3 0.1575 -0.823 0 0 16.269 -26.929 56.150
1 108 3 0.2787 -0.446 0 0 15.282 -23.904 54.014
1 109 22 0.5696 0.3757 0 0 16.677 -20.798 55.730
1 110 16 0.7333 -0.547 0 0 17.803 -17.655 53.805
1 111 14 0.9090 -0.203 0 0 21.606 -17.525 53.973
1 112 22 0.9393 0.0517 0 0 24.660 -16.186 52.184
1 113 12 0.9333 -0.652 0 0 28.196 -17.588 52.443
1 114 22 0.9575 0.7098 0 0 30.715 -14.794 52.905
1 115 9 0.8545 0.0000 0 0 34.483 -15.050 52.365
1 116 2 0.8484 0.3014 0 0 35.817 -12.020 54.203
1 117 13 0.6 0.1108 0 0 39.250 -10.367 54.285
1 118 5 0.4484 0.3064 0 0 39.588 -10.552 50.514
1 119 3 0.2181 0.3445 0 0 42.043 -7.599 50.682
1 120 12 0.1030 0.3825 0 0 44.602 -9.971 52.261
1 121 0 0.0242 -0.913 0 0 47.070 -11.898 50.108
1 122 0 0.0303 -0.085 0 0 47.663 -14.951 52.358
1 123 1 0.0666 0.4597 0 0 44.722 -16.804 50.835
1 124 18 0.0545 -0.019 0 0 44.225 -20.406 51.823
1 125 22 0.2484 0.8552 0 0 40.558 -20.753 50.745
1 126 7 0.1212 -0.891 0 0 40.218 -20.442 47.002
1 127 17 0.2666 -0.024 0 0 37.083 -18.908 45.597
1 128 1 0.0848 -0.754 0 0 36.136 -22.141 43.801
1 129 6 0.1454 -0.391 0 0 36.291 -24.130 47.052
1 130 0 0.4787 0.6487 0 0 33.770 -21.777 48.638
1 131 6 0.3878 -0.488 0 0 31.613 -21.607 45.530
1 132 3 0.1636 -0.833 0 0 31.333 -25.403 45.720
1 133 12 0.4181 0.5949 0 0 30.242 -25.306 49.353
1 134 0 0.5818 0.4466 0 0 27.675 -22.602 48.726
1 135 1 0.2727 -0.941 0 0 26.353 -24.544 45.705
1 136 17 0.1939 0.2638 0 0 25.792 -27.587 47.966
1 137 20 0.4303 0.5610 0 0 23.696 -25.409 50.305
1 138 9 0.3575 0.0000 0 0 21.858 -23.700 47.435
1 139 11 0.6303 0.7542 0 0 23.071 -20.260 48.447
1 140 16 0.7030 0.2310 0 0 25.248 -17.502 46.996
1 141 20 0.7757 -0.051 0 0 28.940 -17.059 47.755
1 142 11 0.8060 0.2380 0 0 30.248 -13.493 47.982
1 143 7 0.7575 -0.694 0 0 33.705 -12.218 48.899
1 144 18 0.8 0.9744 0 0 34.095 -9.130 51.051
1 145 17 0.6484 -0.971 0 0 36.603 -6.849 52.677
1 146 0 0.7090 0.4858 0 0 35.445 -4.908 55.720
1 147 13 0.3818 -0.742 0 0 38.684 -2.933 55.306
1 148 18 0.2424 -0.126 0 0 38.149 -1.673 51.760
1 149 1 0.4545 -0.060 0 0 34.323 -2.041 51.674
1 150 6 0.4424 -0.364 0 0 34.579 -4.383 48.698
1 151 9 0.6666 0.0000 0 0 31.432 -6.523 48.564
1 152 22 0.8121 -0.063 0 0 30.029 -5.374 51.911
1 153 7 0.7151 -0.893 0 0 26.758 -3.870 50.679
1 154 3 0.7212 -0.598 0 0 26.510 -6.692 48.114
1 155 0 0.9151 0.6956 0 0 26.658 -9.341 50.853
1 156 15 0.9212 0.5458 0 0 24.031 -7.796 53.109
1 157 20 0.7272 -0.517 0 0 21.723 -6.731 50.265
1 158 18 0.7636 0.0510 0 0 22.026 -10.153 48.660
1 159 12 0.8727 0.7711 0 0 20.882 -11.646 51.961
1 160 22 0.6909 -0.359 0 0 17.815 -9.400 51.859
1 161 1 0.4727 -0.100 0 0 17.137 -10.559 48.283
1 162 7 0.5878 0.2879 0 0 17.373 -14.195 49.470
1 163 11 0.5393 0.5215 0 0 14.903 -13.507 52.284
1 164 1 0.2363 0.0855 0 0 12.537 -12.077 49.644
1 165 6 0.1333 0.3143 0 0 12.642 -15.313 47.630
1 166 10 0.1515 0.2726 0 0 11.597 -17.366 50.678
