1 1 14 0.0060 0.3646 0 0 -5.648 31.946 -6.757
1 2 18 0.0481 0.1410 0 0 -4.470 28.954 -4.813
1 3 7 0.2349 -0.399 0 0 -4.485 29.628 -1.078
1 4 20 0.5421 -0.257 0 0 -2.438 27.564 1.340
1 5 13 0.6566 -0.069 0 0 -3.781 27.659 4.815
1 6 12 0.9036 0.1413 0 0 -0.620 27.060 6.979
1 7 22 0.9457 -0.530 0 0 -0.326 27.124 10.766
1 8 22 0.9819 0.2538 0 0 2.815 27.355 12.940
1 9 22 0.9698 -0.444 0 0 2.745 25.149 15.967
1 10 9 0.9277 0.0000 0 0 5.026 24.278 18.899
1 11 0 0.8012 -0.487 0 0 6.220 25.114 22.364
1 12 9 0.6385 0.0000 0 0 6.361 28.508 24.064
1 13 9 0.6024 0.0000 0 0 9.392 30.650 23.175
1 14 22 0.8132 0.5952 0 0 10.815 28.466 20.361
1 15 9 0.8554 0.0000 0 0 10.792 31.210 17.647
1 16 13 0.9518 0.1145 0 0 7.383 30.499 15.908
1 17 17 0.8433 -0.634 0 0 6.711 34.212 15.551
1 18 0 0.7530 -0.272 0 0 10.230 35.399 14.765
1 19 12 0.8975 0.7597 0 0 10.106 32.808 11.959
1 20 18 0.8795 0.2777 0 0 6.795 34.044 10.574
1 21 11 0.6325 -0.487 0 0 7.997 37.745 10.773
1 22 6 0.5903 -0.323 0 0 11.195 37.047 8.923
1 23 12 0.6746 0.5806 0 0 9.066 35.627 6.063
1 24 11 0.4759 0.4357 0 0 6.439 38.445 5.863
1 25 6 0.2831 -0.092 0 0 8.492 41.438 7.109
1 26 2 0.2409 -0.442 0 0 12.161 40.539 6.458
1 27 10 0.2108 -0.183 0 0 13.483 41.257 9.928
1 28 15 0.3132 0.2663 0 0 14.477 39.688 13.091
1 29 22 0.3072 0.3503 0 0 12.336 40.308 16.193
1 30 3 0.1265 -0.642 0 0 14.429 39.937 19.267
1 31 7 0.0843 -0.580 0 0 11.698 40.834 21.722
1 32 20 0.1024 -0.212 0 0 9.710 39.099 24.552
1 33 3 0.2289 -0.148 0 0 6.198 38.918 22.983
1 34 16 0.3674 -0.901 0 0 3.931 35.873 23.636
1 35 18 0.4939 0.8073 0 0 1.304 35.106 21.021
1 36 11 0.3614 -0.991 0 0 -2.352 34.730 21.659
1 37 7 0.5 0.0070 0 0 -2.943 34.346 17.892
1 38 7 0.5481 -0.327 0 0 -1.667 36.274 14.846
1 39 17 0.5542 -0.258 0 0 -2.484 35.882 11.181
1 40 20 0.5180 0.2962 0 0 -0.583 36.890 8.048
1 41 1 0.3795 -0.557 0 0 -1.722 36.891 4.498
1 42 13 0.3313 0.0028 0 0 0.701 37.234 1.583
1 43 6 0.0783 -0.861 0 0 0.370 37.059 -2.217
1 44 22 0.1385 0.9734 0 0 3.674 35.368 -3.220
1 45 22 0.0602 -0.975 0 0 5.017 33.353 -6.141
1 46 11 0.1867 0.9848 0 0 6.264 29.813 -5.409
1 47 3 0.0361 0.6386 0 0 7.756 27.885 -8.420
1 48 9 0.0 0.0000 0 0 5.861 29.986 -10.951
1 49 7 0.0180 0.4901 0 0 2.468 29.642 -9.184
1 50 18 0.0301 -0.846 0 0 0.788 32.760 -7.810
1 51 5 0.1144 0.6598 0 0 -0.615 31.964 -4.448
1 52 12 0.2530 -0.212 0 0 -1.623 33.407 -1.048
1 53 12 0.5662 0.4021 0 0 0.158 32.319 2.066
1 54 3 0.5783 -0.400 0 0 -2.536 32.402 4.761
1 55 11 0.8253 0.4744 0 0 -0.470 31.751 7.905
1 56 12 0.8373 -0.418 0 0 -1.750 31.368 11.483
1 57 3 0.8734 -0.039 0 0 0.718 32.080 14.242
1 58 18 0.8313 0.6213 0 0 -0.357 30.391 17.457
1 59 0 0.6867 -0.925 0 0 0.286 30.272 21.229
1 60 9 0.7048 0.0000 0 0 2.950 28.165 22.901
1 61 6 0.4337 -0.783 0 0 0.947 26.874 25.873
1 62 7 0.2048 0.1269 0 0 -1.877 29.107 27.274
1 63 7 0.0542 -0.696 0 0 -5.522 27.991 27.894
1 64 20 0.3253 0.6246 0 0 -4.953 26.739 24.341
1 65 17 0.1807 -0.854 0 0 -6.100 23.169 24.849
1 66 0 0.0903 -0.957 0 0 -9.144 21.837 22.890
1 67 14 0.1626 -0.273 0 0 -8.905 25.611 22.077
1 68 1 0.4578 0.6110 0 0 -6.505 24.320 19.367
1 69 3 0.3433 -0.605 0 0 -8.871 21.808 17.728
1 70 6 0.2469 -0.485 0 0 -10.644 24.490 15.773
1 71 20 0.5240 0.7134 0 0 -7.590 25.785 13.896
1 72 14 0.6445 0.3660 0 0 -6.013 22.367 13.482
1 73 1 0.3734 -0.819 0 0 -9.267 21.381 11.685
1 74 18 0.4156 -0.192 0 0 -8.800 24.384 9.300
1 75 9 0.7108 0.0000 0 0 -5.026 24.247 8.564
1 76 7 0.6686 -0.592 0 0 -3.982 22.432 5.382
1 77 9 0.8674 0.0000 0 0 -0.306 22.093 6.371
1 78 15 0.9638 -0.587 0 0 1.676 22.302 9.654
1 79 12 0.9939 0.5369 0 0 5.114 23.751 10.648
1 80 5 0.9879 -0.735 0 0 6.123 21.974 13.865
1 81 22 0.9759 0.4759 0 0 8.781 23.908 15.658
1 82 15 0.8915 -0.261 0 0 11.121 23.202 18.549
1 83 0 0.7469 -0.460 0 0 14.309 25.026 19.608
1 84 11 0.5060 -0.167 0 0 17.664 23.166 19.257
1 85 2 0.3012 0.0800 0 0 18.782 24.259 22.758
1 86 2 0.3554 0.2650 0 0 15.516 23.195 24.523
1 87 18 0.2710 -0.902 0 0 15.044 19.492 25.031
1 88 13 0.3373 -0.366 0 0 11.536 19.693 26.415
1 89 17 0.6204 0.3630 0 0 10.229 21.629 23.309
1 90 15 0.6265 -0.347 0 0 11.678 18.779 21.148
1 91 7 0.4216 -0.927 0 0 9.809 16.320 23.320
1 92 3 0.5602 -0.311 0 0 6.532 18.165 23.276
1 93 11 0.7831 0.6483 0 0 6.479 17.688 19.453
1 94 10 0.5361 -0.786 0 0 4.786 14.312 19.964
1 95 6 0.4879 -0.582 0 0 1.798 15.956 21.658
1 96 20 0.7771 0.4103 0 0 1.240 18.475 18.803
1 97 1 0.7349 -0.172 0 0 1.556 15.792 16.049
1 98 7 0.4277 -0.645 0 0 -0.926 13.395 17.705
1 99 6 0.4397 0.1334 0 0 -3.588 15.990 18.393
1 100 11 0.6144 0.9823 0 0 -3.285 17.171 14.736
1 101 13 0.3975 -0.065 0 0 -3.748 13.458 13.601
1 102 1 0.1506 -0.275 0 0 -6.655 13.167 16.055
1 103 22 0.2228 0.6047 0 0 -8.672 16.204 14.855
1 104 13 0.2891 0.8051 0 0 -7.696 15.517 11.275
1 105 3 0.0421 -0.663 0 0 -9.012 11.864 11.055
1 106 17 0.1325 0.5408 0 0 -5.578 11.401 9.411
1 107 3 0.1746 -0.873 0 0 -2.268 9.673 9.642
1 108 3 0.3493 -0.202 0 0 -0.953 11.580 6.630
1 109 22 0.5722 0.4891 0 0 -1.275 15.388 7.141
1 110 16 0.7590 -0.484 0 0 1.195 17.801 5.350
1 111 14 0.9096 0.0114 0 0 3.874 18.667 8.023
1 112 22 0.9337 0.2739 0 0 7.592 19.499 8.447
1 113 12 0.9397 -0.606 0 0 9.639 19.462 11.568
1 114 22 0.9578 0.6983 0 0 11.703 22.559 12.174
1 115 9 0.8614 0.0000 0 0 14.555 22.747 14.629
1 116 2 0.8493 0.2659 0 0 14.901 26.527 15.116
1 117 13 0.5963 0.1674 0 0 17.873 28.642 16.466
1 118 5 0.4457 0.3036 0 0 20.631 26.729 14.648
1 119 3 0.2168 0.4761 0 0 22.766 29.886 15.065
1 120 12 0.1084 0.4613 0 0 23.217 29.394 18.866
1 121 0 0.0240 -0.949 0 0 26.256 27.356 19.791
1 122 0 0.0120 0.0000 0 0 25.127 25.130 22.653
1 123 1 0.0963 0.4529 0 0 22.398 22.806 21.309
1 124 18 0.0662 0.0600 0 0 20.974 19.970 23.368
1 125 22 0.2590 0.8902 0 0 19.028 18.495 20.451
1 126 7 0.1204 -0.924 0 0 21.320 16.677 18.062
1 127 17 0.2951 -0.051 0 0 20.249 16.783 14.324
1 128 1 0.0722 -0.841 0 0 20.544 12.951 14.029
1 129 6 0.1445 -0.103 0 0 17.919 12.604 16.794
1 130 0 0.4819 0.5714 0 0 15.542 15.039 15.140
1 131 6 0.4096 -0.107 0 0 16.138 13.745 11.588
1 132 3 0.1686 -0.872 0 0 15.432 10.123 12.872
1 133 12 0.4036 0.5071 0 0 12.167 11.436 14.346
1 134 0 0.5843 0.4011 0 0 11.202 13.295 11.209
1 135 1 0.3192 -0.861 0 0 11.826 9.948 9.381
1 136 17 0.1927 0.1319 0 0 9.602 7.916 11.727
1 137 20 0.4518 0.5674 0 0 6.819 10.511 11.343
1 138 9 0.3855 0.0000 0 0 6.937 10.367 7.411
1 139 11 0.6626 0.7097 0 0 8.088 13.959 7.694
1 140 16 0.6987 0.1652 0 0 10.962 16.111 6.256
1 141 20 0.7891 -0.056 0 0 13.154 17.980 8.745
1 142 11 0.8072 0.3309 0 0 14.708 21.403 8.260
1 143 7 0.7710 -0.771 0 0 16.762 23.487 10.722
1 144 18 0.7951 0.9824 0 0 16.330 27.273 10.696
1 145 17 0.6506 -0.979 0 0 17.413 30.504 12.155
1 146 0 0.6927 0.4033 0 0 14.946 33.387 12.391
1 147 13 0.3915 -0.670 0 0 17.982 35.375 13.594
1 148 18 0.2771 -0.260 0 0 20.159 34.663 10.527
1 149 1 0.4698 0.0119 0 0 17.159 33.857 8.227
1 150 6 0.4638 -0.284 0 0 18.934 30.475 7.411
1 151 9 0.6807 0.0000 0 0 16.344 27.996 6.038
1 152 22 0.8192 -0.401 0 0 13.184 30.102 6.824
1 153 7 0.7289 -0.873 0 0 11.897 30.143 3.154
1 154 3 0.7168 -0.462 0 0 13.056 26.612 2.746
1 155 0 0.9216 0.6901 0 0 10.860 25.453 5.780
1 156 15 0.9156 0.4830 0 0 7.694 27.419 4.518
1 157 20 0.7409 -0.488 0 0 8.104 26.474 0.822
1 158 18 0.7650 0.0616 0 0 8.819 22.769 1.596
1 159 12 0.8855 0.7708 0 0 5.530 22.811 3.522
1 160 22 0.7228 -0.364 0 0 3.657 24.505 0.615
1 161 1 0.5120 -0.180 0 0 5.284 21.713 -1.473
1 162 7 0.6084 0.3654 0 0 4.089 18.947 0.956
1 163 11 0.5301 0.5803 0 0 0.575 20.302 0.349
1 164 1 0.2650 0.0211 0 0 0.954 20.246 -3.459
1 165 6 0.1566 -0.363 0 0 1.900 16.506 -3.308
1 166 10 0.1987 0.2373 0 0 -0.742 15.144 -0.857
