0 1 9 0 0 0 0 0 0 0
0 2 9 0 0 0 0 0 0 0
0 3 9 0 0 0 0 0 0 0
0 4 17 0 0 0 0 0 0 0
0 5 9 0 0 0 0 0 0 0
0 6 9 0 0 0 0 0 0 0
0 7 17 0 0 0 0 0 0 0
1 8 14 0.0060 0.2264 0 0 30.573 -0.725 9.578
1 9 18 0.0421 0.2076 0 0 28.671 -0.025 12.771
1 10 7 0.2048 -0.225 0 0 26.057 2.750 12.512
1 11 20 0.5060 -0.213 0 0 25.578 5.053 15.499
1 12 13 0.6686 -0.869 0 0 22.340 7.022 15.966
1 13 12 0.8975 0.1161 0 0 23.275 10.306 17.745
1 14 22 0.9457 -0.641 0 0 20.791 12.963 18.826
1 15 22 0.9879 0.3450 0 0 21.701 16.606 19.678
1 16 22 0.9698 -0.201 0 0 19.316 18.270 22.194
1 17 9 0.9277 0.0000 0 0 19.084 21.475 24.298
1 18 0 0.7831 -0.543 0 0 17.519 24.957 24.523
1 19 22 0.6204 -0.970 0 0 17.170 27.548 21.718
1 20 9 0.6325 0.0000 0 0 20.342 29.079 20.387
1 21 22 0.8192 0.5855 0 0 22.875 27.060 22.462
1 22 9 0.8614 0.0000 0 0 24.814 25.945 19.313
1 23 13 0.9518 0.1039 0 0 23.339 22.454 18.467
1 24 17 0.8433 -0.584 0 0 23.345 23.140 14.679
1 25 0 0.7710 -0.302 0 0 26.713 24.903 14.768
1 26 12 0.9036 0.6721 0 0 28.335 21.934 16.601
1 27 18 0.8855 0.3070 0 0 26.732 19.429 14.187
1 28 11 0.6626 -0.444 0 0 27.720 21.453 11.098
1 29 6 0.6265 -0.405 0 0 31.298 21.885 12.413
1 30 12 0.7168 0.5196 0 0 31.550 18.094 12.890
1 31 11 0.5361 0.3291 0 0 29.908 17.084 9.552
1 32 6 0.3192 0.0130 0 0 31.043 19.888 7.202
1 33 2 0.2710 -0.184 0 0 34.080 21.525 8.943
1 34 10 0.1987 -0.115 0 0 32.936 25.187 8.929
1 35 15 0.3433 0.1736 0 0 31.258 27.580 11.355
1 36 22 0.2590 0.2601 0 0 27.886 29.102 10.590
1 37 3 0.1024 -0.876 0 0 27.603 32.555 12.106
1 38 7 0.0662 -0.064 0 0 24.012 33.263 11.052
1 39 20 0.1867 0.4477 0 0 21.145 32.023 13.258
1 40 3 0.1927 -0.056 0 0 18.461 29.946 11.683
1 41 16 0.3614 -0.835 0 0 16.225 28.078 14.145
1 42 18 0.4698 0.8749 0 0 15.960 24.338 13.444
1 43 11 0.3734 -0.998 0 0 12.792 22.224 13.241
1 44 7 0.4879 0.0973 0 0 14.530 18.849 12.597
1 45 3 0.5180 -0.196 0 0 17.521 18.021 10.337
1 46 17 0.5240 -0.799 0 0 19.270 14.684 9.707
1 47 20 0.5301 0.3365 0 0 22.979 14.447 8.854
1 48 1 0.4096 -0.438 0 0 25.332 11.634 7.926
1 49 13 0.3554 0.0862 0 0 29.131 11.151 7.965
1 50 6 0.1204 -0.952 0 0 31.589 8.276 7.730
1 51 22 0.1746 0.9868 0 0 34.461 8.671 10.206
1 52 22 0.0722 -0.975 0 0 37.239 6.565 11.768
1 53 11 0.1445 0.9634 0 0 37.150 6.232 15.559
1 54 3 0.0361 0.5621 0 0 39.895 4.078 17.257
1 55 9 0.0 0.0000 0 0 40.871 2.515 13.936
1 56 7 0.0180 -0.007 0 0 37.353 1.446 12.880
1 57 18 0.0301 -0.587 0 0 35.193 3.034 10.181
1 58 5 0.1265 0.5954 0 0 31.844 4.160 11.732
1 59 12 0.2289 -0.401 0 0 28.702 5.608 10.181
1 60 12 0.5542 0.4616 0 0 27.282 8.542 12.181
1 61 3 0.5843 -0.273 0 0 23.597 9.299 11.816
1 62 11 0.8253 0.5001 0 0 23.160 12.674 13.613
1 63 12 0.8313 -0.474 0 0 19.738 14.142 14.369
1 64 3 0.8734 -0.063 0 0 19.814 17.941 14.951
1 65 18 0.8373 0.5207 0 0 16.669 18.863 16.943
1 66 0 0.6867 -0.918 0 0 14.565 21.994 17.771
1 67 9 0.6987 0.0000 0 0 15.265 24.148 20.798
1 68 6 0.3915 -0.521 0 0 12.030 26.165 20.213
1 69 7 0.2469 0.2505 0 0 9.401 25.016 22.738
1 70 7 0.0602 -0.421 0 0 6.837 25.200 19.908
1 71 20 0.2108 -0.146 0 0 8.199 21.833 18.644
1 72 17 0.3373 -0.591 0 0 8.362 19.899 21.964
1 73 0 0.0843 -0.954 0 0 5.799 17.277 20.821
1 74 14 0.2891 0.0783 0 0 8.373 15.881 18.334
1 75 1 0.4759 0.3324 0 0 10.640 14.799 21.255
1 76 3 0.3012 -0.834 0 0 9.011 11.521 22.148
1 77 6 0.2530 -0.607 0 0 9.604 9.972 18.697
1 78 20 0.5481 0.7182 0 0 13.225 10.999 18.338
1 79 14 0.6024 0.3322 0 0 14.000 9.908 21.903
1 80 1 0.3493 -0.747 0 0 12.655 6.361 21.197
1 81 18 0.4036 -0.294 0 0 14.808 5.946 18.098
1 82 9 0.6807 0.0000 0 0 18.039 7.615 19.334
1 83 7 0.6566 -0.594 0 0 20.922 5.544 20.722
1 84 9 0.8674 0.0000 0 0 22.900 8.358 22.421
1 85 15 0.9638 -0.719 0 0 22.284 12.004 23.282
1 86 12 0.9939 0.5597 0 0 24.444 15.116 23.221
1 87 5 0.9819 -0.723 0 0 22.829 17.390 25.889
1 88 22 0.9759 0.4363 0 0 23.990 20.937 25.042
1 89 15 0.8915 -0.353 0 0 23.811 24.162 27.021
1 90 0 0.7530 -0.380 0 0 25.827 27.436 26.466
1 91 11 0.5120 -0.086 0 0 28.203 28.733 29.153
1 92 2 0.3132 0.1175 0 0 26.845 32.317 28.685
1 93 2 0.3855 0.4401 0 0 23.176 31.153 29.087
1 94 18 0.2650 -0.981 0 0 22.119 30.242 32.651
1 95 13 0.3253 -0.416 0 0 18.545 29.387 31.559
1 96 17 0.6385 0.4479 0 0 19.848 26.797 29.030
1 97 15 0.6084 -0.222 0 0 21.783 25.157 31.858
1 98 7 0.4216 -0.863 0 0 18.541 24.996 33.937
1 99 3 0.5662 -0.273 0 0 16.654 23.586 30.874
1 100 11 0.7951 0.6995 0 0 19.135 20.637 30.445
1 101 10 0.5783 -0.418 0 0 17.659 18.803 33.387
1 102 6 0.4819 -0.047 0 0 14.226 18.596 31.566
1 103 20 0.7771 0.4495 0 0 15.839 16.958 28.528
1 104 1 0.7349 -0.516 0 0 17.724 14.380 30.657
1 105 7 0.4337 -0.521 0 0 14.526 13.448 32.562
1 106 6 0.4457 0.0575 0 0 12.384 13.068 29.410
1 107 11 0.6144 0.9803 0 0 15.006 10.855 27.725
1 108 13 0.4156 -0.379 0 0 15.207 8.773 30.935
1 109 1 0.1385 -0.045 0 0 11.371 8.466 31.058
1 110 22 0.2168 0.5369 0 0 10.948 7.724 27.337
1 111 13 0.2409 0.7987 0 0 13.647 5.027 27.159
1 112 3 0.0481 -0.998 0 0 12.701 3.610 30.592
1 113 17 0.1084 0.4041 0 0 16.392 3.464 31.598
1 114 3 0.1566 -0.366 0 0 18.819 5.099 34.027
1 115 3 0.3313 -0.531 0 0 21.734 4.096 31.776
1 116 22 0.5602 0.3236 0 0 21.145 5.857 28.410
1 117 16 0.7469 -0.590 0 0 24.420 6.874 26.602
1 118 14 0.9096 -0.071 0 0 24.738 10.695 27.009
1 119 22 0.9397 0.0188 0 0 27.379 13.470 27.207
1 120 12 0.9337 -0.644 0 0 26.833 16.938 28.855
1 121 22 0.9578 0.7112 0 0 28.262 19.747 26.641
1 122 9 0.8554 0.0000 0 0 28.923 23.366 27.704
1 123 2 0.8493 0.3092 0 0 29.188 25.184 24.374
1 124 13 0.5963 0.0937 0 0 30.472 28.696 23.315
1 125 5 0.4518 0.2974 0 0 33.625 28.330 25.425
1 126 3 0.2228 0.3432 0 0 35.330 30.908 23.142
1 127 12 0.0903 0.3827 0 0 33.215 33.707 24.661
1 128 0 0.0240 -0.933 0 0 34.457 35.851 27.558
1 129 0 0.0120 -0.632 0 0 32.573 36.471 30.830
1 130 1 0.0783 0.4905 0 0 30.762 33.088 31.215
1 131 18 0.0542 -0.003 0 0 27.755 32.996 33.545
1 132 22 0.2349 0.8584 0 0 27.648 29.231 34.184
1 133 7 0.1144 -0.907 0 0 30.658 27.824 36.144
1 134 17 0.3072 0.0003 0 0 32.402 24.685 34.871
1 135 1 0.0963 -0.958 0 0 32.095 23.205 38.331
1 136 6 0.1807 -0.223 0 0 28.266 23.572 38.344
1 137 0 0.4939 0.6763 0 0 28.145 21.450 35.151
1 138 6 0.3795 -0.488 0 0 30.720 18.946 36.549
1 139 3 0.1626 -0.833 0 0 28.493 18.388 39.589
1 140 12 0.4277 0.5677 0 0 25.436 17.856 37.365
1 141 0 0.5722 0.3955 0 0 27.286 15.396 35.088
1 142 1 0.2831 -0.708 0 0 28.539 13.463 38.150
1 143 17 0.1686 0.1958 0 0 24.960 13.068 39.489
1 144 20 0.4397 0.5565 0 0 23.901 11.659 36.071
1 145 9 0.3674 0.0000 0 0 26.938 9.376 35.752
1 146 11 0.6445 0.7364 0 0 27.950 10.877 32.362
1 147 16 0.7228 0.2084 0 0 30.963 12.814 30.874
1 148 20 0.7891 -0.087 0 0 31.110 16.632 30.788
1 149 11 0.8072 0.2003 0 0 33.062 18.409 28.018
1 150 7 0.7590 -0.685 0 0 33.331 22.137 27.042
1 151 18 0.8012 0.9762 0 0 33.225 23.062 23.338
1 152 17 0.6506 -0.968 0 0 33.308 25.932 20.837
1 153 0 0.6927 0.4639 0 0 31.652 25.414 17.499
1 154 13 0.3975 -0.772 0 0 33.477 28.626 16.440
1 155 18 0.2771 -0.156 0 0 37.034 27.465 17.209
1 156 1 0.4638 -0.102 0 0 36.441 23.633 17.044
1 157 6 0.4578 -0.394 0 0 37.703 23.360 20.658
1 158 9 0.6746 0.0000 0 0 36.416 20.031 22.022
1 159 22 0.8132 0.0129 0 0 34.009 19.339 19.122
1 160 7 0.7048 -0.896 0 0 35.423 15.992 17.833
1 161 3 0.7108 -0.376 0 0 36.076 15.008 21.459
1 162 0 0.9156 0.6515 0 0 32.452 15.616 22.456
1 163 15 0.9216 0.5447 0 0 30.879 13.568 19.562
1 164 20 0.7409 -0.434 0 0 33.479 10.736 19.695
1 165 18 0.7650 0.0797 0 0 33.108 10.474 23.455
1 166 12 0.8795 0.7897 0 0 29.344 9.969 22.854
1 167 22 0.7289 -0.353 0 0 30.009 7.282 20.116
1 168 1 0.5 -0.173 0 0 32.280 5.558 22.651
1 169 7 0.5903 0.3174 0 0 29.564 5.643 25.345
1 170 11 0.5421 0.5696 0 0 27.247 3.785 22.920
1 171 1 0.2951 -0.183 0 0 29.988 1.393 21.731
1 172 6 0.1325 -0.290 0 0 31.082 0.484 25.334
1 173 10 0.1506 0.2482 0 0 27.482 0.110 26.621
