0 1 9 0 0 0 0 0 0 0
0 2 9 0 0 0 0 0 0 0
0 3 9 0 0 0 0 0 0 0
0 4 17 0 0 0 0 0 0 0
0 5 9 0 0 0 0 0 0 0
0 6 9 0 0 0 0 0 0 0
0 7 17 0 0 0 0 0 0 0
1 8 14 0.0060 0.1962 0 0 44.222 25.294 40.614
1 9 18 0.0421 0.1916 0 0 43.710 21.552 41.098
1 10 7 0.2108 0.1460 0 0 46.742 19.257 40.822
1 11 20 0.5060 -0.202 0 0 46.231 15.862 39.138
1 12 13 0.6746 -0.838 0 0 48.663 12.993 39.705
1 13 12 0.9036 0.0771 0 0 48.752 10.884 36.505
1 14 22 0.9518 -0.642 0 0 50.816 7.719 36.064
1 15 22 0.9879 0.2937 0 0 51.749 6.203 32.717
1 16 22 0.9698 -0.197 0 0 52.192 2.377 32.835
1 17 9 0.9277 0.0000 0 0 52.713 -0.451 30.339
1 18 0 0.7891 -0.549 0 0 55.197 -2.961 28.881
1 19 22 0.6265 -0.985 0 0 58.658 -2.185 27.609
1 20 9 0.6204 0.0000 0 0 58.751 -0.085 24.382
1 21 22 0.8192 0.6176 0 0 54.987 0.613 23.960
1 22 9 0.8614 0.0000 0 0 55.509 4.404 23.775
1 23 13 0.9457 0.1420 0 0 54.913 5.684 27.367
1 24 17 0.8313 -0.561 0 0 57.795 8.186 27.197
1 25 0 0.7650 -0.300 0 0 57.094 9.240 23.583
1 26 12 0.8975 0.6975 0 0 53.428 9.992 24.566
1 27 18 0.8734 0.3424 0 0 54.464 11.968 27.663
1 28 11 0.6445 -0.407 0 0 57.192 13.977 25.799
1 29 6 0.5903 -0.345 0 0 54.708 14.785 22.982
1 30 12 0.6807 0.5494 0 0 52.292 16.193 25.526
1 31 11 0.4879 0.3473 0 0 54.929 18.108 27.522
1 32 6 0.2710 -0.163 0 0 57.551 19.151 24.959
1 33 2 0.2409 -0.235 0 0 55.533 18.931 21.673
1 34 10 0.1686 -0.133 0 0 57.990 16.752 19.805
1 35 15 0.3253 0.1641 0 0 58.332 13.048 18.927
1 36 22 0.2771 0.5368 0 0 61.381 11.145 20.201
1 37 3 0.1144 -0.942 0 0 62.394 8.421 17.727
1 38 7 0.0722 -0.130 0 0 65.304 7.119 19.841
1 39 20 0.1987 0.4273 0 0 64.675 4.502 22.525
1 40 3 0.1807 -0.330 0 0 66.022 5.327 25.983
1 41 16 0.3554 -0.847 0 0 64.584 2.796 28.518
1 42 18 0.4698 0.8633 0 0 63.024 4.577 31.527
1 43 11 0.3855 -0.993 0 0 63.542 3.878 35.234
1 44 7 0.5120 0.0671 0 0 61.212 6.642 36.481
1 45 3 0.5180 -0.224 0 0 60.769 10.317 35.392
1 46 17 0.5301 -0.474 0 0 58.390 13.078 36.614
1 47 20 0.5361 0.3113 0 0 57.004 15.757 34.295
1 48 1 0.4156 -0.459 0 0 54.797 18.793 34.955
1 49 13 0.3614 0.3124 0 0 52.432 20.878 32.788
1 50 6 0.1265 -0.961 0 0 49.912 23.658 33.421
1 51 22 0.1506 0.9863 0 0 46.836 23.361 31.107
1 52 22 0.0542 -0.969 0 0 43.232 24.595 30.815
1 53 11 0.1385 0.9743 0 0 40.614 21.780 30.776
1 54 3 0.0361 0.5823 0 0 36.902 22.734 30.625
1 55 9 0.0 0.0000 0 0 37.643 26.337 31.522
1 56 7 0.0120 0.0108 0 0 39.784 25.692 34.589
1 57 18 0.0240 -0.616 0 0 43.568 25.877 35.023
1 58 5 0.1325 0.5117 0 0 44.910 22.408 36.054
1 59 12 0.2289 -0.440 0 0 48.380 21.347 37.167
1 60 12 0.5421 0.4223 0 0 49.401 17.931 35.807
1 61 3 0.5843 -0.208 0 0 52.054 15.907 37.647
1 62 11 0.8253 0.4208 0 0 52.834 13.054 35.224
1 63 12 0.8433 -0.491 0 0 54.909 10.006 36.244
1 64 3 0.8795 -0.066 0 0 56.544 8.119 33.409
1 65 18 0.8373 0.5089 0 0 57.370 4.604 34.684
1 66 0 0.6867 -0.949 0 0 59.503 1.577 33.686
1 67 9 0.7168 0.0000 0 0 58.279 -1.205 31.388
1 68 6 0.4036 -0.517 0 0 61.432 -3.251 32.220
1 69 7 0.2530 -0.002 0 0 60.453 -6.073 34.656
1 70 7 0.0602 -0.428 0 0 63.781 -5.551 36.500
1 71 20 0.2168 -0.119 0 0 62.123 -2.466 38.131
1 72 17 0.3313 -0.589 0 0 58.727 -4.042 39.045
1 73 0 0.0903 -0.927 0 0 59.346 -3.585 42.834
1 74 14 0.3012 0.0490 0 0 58.865 0.160 42.343
1 75 1 0.4759 0.3569 0 0 55.179 -0.349 41.328
1 76 3 0.3072 -0.917 0 0 53.674 -0.621 44.819
1 77 6 0.2650 -0.610 0 0 54.937 2.922 45.698
1 78 20 0.5542 0.7146 0 0 53.745 4.788 42.594
1 79 14 0.6084 0.3244 0 0 50.434 2.943 42.604
1 80 1 0.3493 -0.842 0 0 49.748 4.114 46.179
1 81 18 0.4096 -0.290 0 0 50.495 7.758 45.311
1 82 9 0.6927 0.0000 0 0 49.019 8.091 41.736
1 83 7 0.6626 -0.589 0 0 45.411 9.303 41.280
1 84 9 0.8674 0.0000 0 0 44.825 7.926 37.750
1 85 15 0.9638 -0.743 0 0 46.584 5.536 35.363
1 86 12 0.9939 0.5264 0 0 47.142 5.588 31.613
1 87 5 0.9819 -0.731 0 0 47.587 1.859 30.713
1 88 22 0.9759 0.4323 0 0 49.429 1.759 27.358
1 89 15 0.8915 -0.340 0 0 50.007 -1.085 24.882
1 90 0 0.7409 -0.385 0 0 51.119 -0.933 21.257
1 91 11 0.5240 -0.093 0 0 48.652 -2.123 18.607
1 92 2 0.3192 0.1175 0 0 51.498 -4.048 16.843
1 93 2 0.3674 0.3664 0 0 52.618 -5.887 19.999
1 94 18 0.2831 -0.882 0 0 50.280 -8.651 21.239
1 95 13 0.3433 -0.238 0 0 52.334 -9.349 24.385
1 96 17 0.6325 0.3900 0 0 52.075 -5.697 25.475
1 97 15 0.6385 -0.296 0 0 48.254 -5.982 25.173
1 98 7 0.4216 -0.847 0 0 48.208 -9.236 27.291
1 99 3 0.5722 -0.371 0 0 50.446 -7.561 29.907
1 100 11 0.8012 0.6745 0 0 47.892 -4.808 30.623
1 101 10 0.5602 -0.890 0 0 46.075 -7.207 32.984
1 102 6 0.4939 -0.075 0 0 49.047 -7.457 35.362
1 103 20 0.7831 0.4713 0 0 49.100 -3.638 35.689
1 104 1 0.7349 -0.383 0 0 45.350 -3.294 36.271
1 105 7 0.4337 -0.693 0 0 45.381 -6.191 38.811
1 106 6 0.4397 0.0279 0 0 48.124 -4.714 40.965
1 107 11 0.6024 0.9808 0 0 46.592 -1.191 40.819
1 108 13 0.3915 -0.094 0 0 43.261 -2.605 42.147
1 109 1 0.1204 -0.150 0 0 44.984 -4.550 44.958
1 110 22 0.2048 0.5511 0 0 47.058 -1.521 46.040
1 111 13 0.2349 0.8067 0 0 44.125 0.911 45.960
1 112 3 0.0481 -0.999 0 0 41.769 -1.747 47.338
1 113 17 0.1024 0.3531 0 0 39.188 -0.618 44.759
1 114 3 0.1746 -0.778 0 0 37.559 -1.776 41.501
1 115 3 0.3373 -0.547 0 0 36.910 1.858 40.677
1 116 22 0.5662 0.3123 0 0 40.309 3.504 40.115
1 117 16 0.7590 -0.552 0 0 40.457 6.302 37.360
1 118 14 0.9096 -0.020 0 0 42.058 4.581 34.357
1 119 22 0.9397 -0.007 0 0 42.197 4.857 30.570
1 120 12 0.9337 -0.639 0 0 43.226 2.075 28.151
1 121 22 0.9578 0.6856 0 0 45.536 3.413 25.399
1 122 9 0.8554 0.0000 0 0 46.290 1.605 22.139
1 123 2 0.8493 0.2680 0 0 49.460 3.406 20.951
1 124 13 0.5963 0.0866 0 0 51.364 3.443 17.593
1 125 5 0.4518 0.1263 0 0 48.097 3.701 15.600
1 126 3 0.2228 0.3496 0 0 50.120 5.188 12.706
1 127 12 0.0963 0.4072 0 0 51.587 1.683 12.046
1 128 0 0.0180 -0.922 0 0 50.142 -0.651 9.393
1 129 0 0.0301 -0.195 0 0 51.117 -3.962 10.990
1 130 1 0.0783 0.4645 0 0 48.308 -4.261 13.521
1 131 18 0.0662 0.1198 0 0 48.168 -7.431 15.681
1 132 22 0.2469 0.8759 0 0 45.581 -6.271 18.246
1 133 7 0.1084 -0.928 0 0 42.120 -5.499 16.830
1 134 17 0.2951 -0.022 0 0 40.315 -2.359 18.087
1 135 1 0.0843 -0.927 0 0 37.417 -4.616 19.024
1 136 6 0.1626 -0.266 0 0 39.662 -6.814 21.246
1 137 0 0.4819 0.6368 0 0 40.826 -3.727 23.142
1 138 6 0.3795 -0.461 0 0 37.181 -2.516 23.396
1 139 3 0.1566 -0.844 0 0 36.203 -5.905 24.998
1 140 12 0.4277 0.6252 0 0 39.066 -5.564 27.506
1 141 0 0.5783 0.3536 0 0 38.130 -1.912 28.379
1 142 1 0.2891 -0.705 0 0 34.456 -2.922 28.763
1 143 17 0.1867 0.2455 0 0 35.472 -5.775 31.133
1 144 20 0.4457 0.5596 0 0 37.310 -3.171 33.280
1 145 9 0.3734 0.0000 0 0 34.624 -0.421 33.006
1 146 11 0.6566 0.7545 0 0 37.138 2.132 31.509
1 147 16 0.7228 0.2393 0 0 37.520 4.147 28.237
1 148 20 0.7771 -0.077 0 0 39.570 2.907 25.304
1 149 11 0.8072 0.3503 0 0 41.347 5.368 23.018
1 150 7 0.7530 -0.696 0 0 43.807 4.835 20.156
1 151 18 0.7951 0.9632 0 0 46.859 7.161 19.887
1 152 17 0.6506 -0.968 0 0 49.989 7.919 17.905
1 153 0 0.6987 0.4672 0 0 52.858 9.640 19.737
1 154 13 0.3975 -0.739 0 0 54.367 10.073 16.263
1 155 18 0.2590 -0.115 0 0 51.564 12.103 14.586
1 156 1 0.4638 -0.063 0 0 49.961 13.389 17.850
1 157 6 0.4578 -0.358 0 0 46.681 11.699 16.991
1 158 9 0.6686 0.0000 0 0 44.643 11.181 20.196
1 159 22 0.8132 -0.029 0 0 47.450 12.258 22.556
1 160 7 0.7048 -0.905 0 0 45.691 15.239 24.237
1 161 3 0.7108 -0.575 0 0 42.384 13.320 24.213
1 162 0 0.9156 0.6482 0 0 43.955 10.356 26.145
1 163 15 0.9216 0.4879 0 0 45.597 12.444 28.889
1 164 20 0.7469 -0.352 0 0 42.686 14.886 29.270
1 165 18 0.7710 0.0794 0 0 40.161 12.020 29.324
1 166 12 0.8855 0.7772 0 0 42.172 10.640 32.256
1 167 22 0.7289 -0.367 0 0 42.132 14.065 34.028
1 168 1 0.5 -0.202 0 0 38.289 14.101 33.595
1 169 7 0.6144 0.2675 0 0 38.095 10.489 34.952
1 170 11 0.5481 0.5581 0 0 39.857 11.639 38.166
1 171 1 0.3132 -0.239 0 0 37.874 14.869 38.395
1 172 6 0.1445 -0.319 0 0 34.495 13.139 37.970
1 173 10 0.1927 0.1950 0 0 35.303 10.226 40.311
