1 1 14 0.0 0.4734 0 0 -5.201 24.070 24.841
1 2 18 0.0421 0.0706 0 0 -3.831 24.334 21.276
1 3 7 0.2590 -0.327 0 0 -0.389 25.850 21.281
1 4 20 0.5481 -0.289 0 0 2.006 27.219 18.685
1 5 13 0.7048 -0.498 0 0 5.746 27.239 19.293
1 6 12 0.9096 0.1034 0 0 7.248 30.431 17.816
1 7 22 0.9578 -0.639 0 0 10.895 31.430 17.736
1 8 22 0.9879 0.3788 0 0 12.150 35.010 17.317
1 9 22 0.9698 -0.289 0 0 15.619 35.388 15.743
1 10 9 0.9277 0.0000 0 0 17.685 38.296 14.372
1 11 0 0.7771 -0.540 0 0 20.697 40.500 14.958
1 12 9 0.6204 0.0000 0 0 21.407 42.098 18.275
1 13 9 0.6084 0.0000 0 0 19.268 45.148 18.974
1 14 22 0.8132 0.6175 0 0 16.686 44.671 16.232
1 15 9 0.8554 0.0000 0 0 13.966 44.656 18.937
1 16 13 0.9457 0.1197 0 0 13.235 40.908 19.306
1 17 17 0.8313 -0.661 0 0 12.583 41.286 22.982
1 18 0 0.7951 -0.292 0 0 10.604 44.479 22.446
1 19 12 0.9036 0.6668 0 0 8.334 42.696 19.975
1 20 18 0.8855 0.1784 0 0 7.877 39.723 22.281
1 21 11 0.6807 -0.482 0 0 7.055 41.955 25.219
1 22 6 0.6445 -0.437 0 0 4.572 44.046 23.236
1 23 12 0.7349 0.5887 0 0 2.756 40.928 22.144
1 24 11 0.5421 0.3604 0 0 2.775 39.612 25.713
1 25 6 0.3313 -0.127 0 0 2.810 42.536 28.141
1 26 2 0.3132 -0.288 0 0 1.115 45.111 25.842
1 27 10 0.2228 -0.236 0 0 3.774 47.745 26.520
1 28 15 0.3493 0.1262 0 0 7.101 48.998 25.158
1 29 22 0.2710 0.5259 0 0 10.385 48.587 26.940
1 30 3 0.1204 -0.935 0 0 12.850 51.417 26.212
1 31 7 0.1626 -0.939 0 0 15.587 48.825 26.699
1 32 5 0.3192 0.8838 0 0 16.246 45.253 27.786
1 33 3 0.1686 -0.564 0 0 18.932 42.866 28.937
1 34 16 0.3975 -0.877 0 0 20.560 42.183 25.522
1 35 18 0.3072 -0.987 0 0 21.786 38.804 26.683
1 36 11 0.3795 -0.544 0 0 18.714 37.082 28.147
1 37 7 0.5361 0.2734 0 0 16.951 34.247 26.269
1 38 3 0.5060 -0.919 0 0 13.811 32.414 27.353
1 39 17 0.6024 -0.472 0 0 10.375 31.278 26.298
1 40 20 0.5301 0.2224 0 0 7.172 32.972 27.334
1 41 1 0.4397 -0.279 0 0 3.658 31.899 26.964
1 42 13 0.4337 0.1618 0 0 0.756 34.028 25.861
1 43 6 0.1987 -0.985 0 0 -2.944 33.364 25.389
1 44 22 0.2831 0.9968 0 0 -4.479 34.974 22.329
1 45 22 0.1024 -0.981 0 0 -7.569 34.365 20.152
1 46 11 0.2289 0.9424 0 0 -6.450 34.125 16.519
1 47 3 0.0662 0.6562 0 0 -8.905 33.850 13.709
1 48 9 0.0060 0.0000 0 0 -11.364 32.878 16.472
1 49 7 0.0180 0.4059 0 0 -9.297 30.077 17.925
1 50 18 0.0240 -0.750 0 0 -8.357 30.330 21.597
1 51 5 0.1265 0.7164 0 0 -4.744 29.206 21.851
1 52 12 0.3373 -0.743 0 0 -1.333 29.752 23.497
1 53 12 0.6325 0.4755 0 0 1.790 31.103 21.830
1 54 3 0.6385 -0.503 0 0 5.020 29.712 23.371
1 55 11 0.8614 0.4888 0 0 7.630 32.205 22.156
1 56 12 0.8373 -0.456 0 0 11.367 31.720 22.556
1 57 3 0.8915 -0.133 0 0 12.977 35.129 22.399
1 58 18 0.8433 0.5100 0 0 16.535 34.330 21.353
1 59 0 0.6686 -0.786 0 0 19.725 36.033 22.325
1 60 9 0.5120 0.0000 0 0 22.947 36.239 20.368
1 61 6 0.2409 -0.050 0 0 25.054 34.473 22.885
1 62 7 0.0542 -0.920 0 0 28.122 32.311 22.264
1 63 7 0.0843 0.1961 0 0 26.457 29.148 21.227
1 64 20 0.0361 -0.162 0 0 25.482 26.108 22.925
1 65 17 0.0903 0.7260 0 0 22.212 26.060 24.805
1 66 0 0.0481 -0.871 0 0 20.184 22.847 25.007
1 67 14 0.1746 0.4240 0 0 16.975 24.789 25.446
1 68 1 0.4457 0.0802 0 0 17.787 26.886 22.400
1 69 3 0.2951 -0.839 0 0 18.516 23.676 20.443
1 70 6 0.2349 -0.102 0 0 15.182 22.165 21.530
1 71 20 0.5602 0.2063 0 0 13.199 25.197 20.255
1 72 14 0.6144 0.4481 0 0 15.172 25.499 17.030
1 73 1 0.3734 -0.851 0 0 14.235 21.795 16.360
1 74 18 0.3855 -0.506 0 0 10.612 21.553 17.593
1 75 9 0.6746 0.0000 0 0 9.664 25.151 16.831
1 76 7 0.6626 -0.572 0 0 6.825 25.409 14.364
1 77 9 0.8734 0.0000 0 0 7.368 28.965 13.112
1 78 15 0.9638 -0.688 0 0 10.168 31.580 13.092
1 79 12 0.9939 0.5170 0 0 10.056 35.383 13.127
1 80 5 0.9819 -0.760 0 0 13.187 36.623 11.362
1 81 22 0.9759 0.5652 0 0 13.727 40.190 12.410
1 82 15 0.8674 -0.319 0 0 15.821 43.069 11.177
1 83 0 0.7228 -0.424 0 0 15.534 46.774 12.035
1 84 11 0.5 -0.061 0 0 14.614 49.031 9.133
1 85 2 0.2771 0.0508 0 0 17.176 51.667 10.315
1 86 2 0.3554 0.1333 0 0 20.065 49.177 10.416
1 87 18 0.2168 -0.858 0 0 21.411 47.776 7.148
1 88 13 0.2530 -0.160 0 0 23.756 45.284 8.836
1 89 17 0.5783 0.4532 0 0 20.821 43.702 10.655
1 90 15 0.5903 -0.263 0 0 19.056 43.192 7.283
1 91 7 0.4036 -0.878 0 0 22.202 41.700 5.683
1 92 3 0.5180 -0.144 0 0 22.370 39.242 8.619
1 93 11 0.7590 0.6665 0 0 18.945 37.826 7.904
1 94 10 0.5240 -0.895 0 0 20.195 35.182 5.482
1 95 6 0.4819 0.1263 0 0 22.443 33.702 8.225
1 96 20 0.7891 0.3223 0 0 19.460 33.276 10.524
1 97 1 0.7530 -0.210 0 0 17.211 31.759 7.900
1 98 7 0.4518 -0.418 0 0 19.980 29.403 6.705
1 99 6 0.4759 0.2586 0 0 20.494 28.178 10.263
1 100 11 0.6566 0.9820 0 0 16.758 27.605 10.537
1 101 13 0.4277 -0.132 0 0 16.689 25.718 7.214
1 102 1 0.1807 0.0001 0 0 19.493 23.501 8.605
1 103 22 0.3253 0.7784 0 0 17.857 22.741 11.966
1 104 13 0.3614 0.6822 0 0 14.467 22.085 10.351
1 105 3 0.0722 -0.997 0 0 16.055 20.277 7.337
1 106 17 0.1385 0.2688 0 0 13.713 22.111 5.009
1 107 3 0.1927 -0.719 0 0 13.426 24.985 2.553
1 108 3 0.3433 -0.352 0 0 9.779 25.296 3.569
1 109 22 0.5843 0.3642 0 0 9.695 26.450 7.176
1 110 16 0.7469 -0.556 0 0 6.878 28.593 8.458
1 111 14 0.8975 -0.122 0 0 8.605 31.943 8.636
1 112 22 0.9397 0.0840 0 0 7.857 35.608 8.463
1 113 12 0.9337 -0.719 0 0 10.283 38.414 7.738
1 114 22 0.9518 0.7276 0 0 9.827 41.363 10.125
1 115 9 0.8493 0.0000 0 0 11.165 44.881 9.600
1 116 2 0.8253 0.2957 0 0 10.973 46.471 13.012
1 117 13 0.5722 0.1193 0 0 11.126 50.115 14.183
1 118 17 0.4578 0.2221 0 0 8.696 51.294 11.554
1 119 3 0.1867 0.3359 0 0 8.022 54.322 13.784
1 120 12 0.1084 0.4617 0 0 11.482 55.760 13.107
1 121 0 0.0120 -0.913 0 0 12.190 58.520 10.713
1 122 0 0.0301 0.3929 0 0 15.522 56.674 10.329
1 123 1 0.0783 0.4340 0 0 14.919 54.159 7.526
1 124 18 0.0602 0.0574 0 0 17.920 52.762 5.741
1 125 22 0.2108 0.8305 0 0 16.419 49.479 4.463
1 126 7 0.1144 -0.871 0 0 13.687 50.150 1.953
1 127 17 0.2469 -0.104 0 0 10.415 48.249 2.114
1 128 1 0.0963 -0.782 0 0 10.552 46.982 -1.410
1 129 6 0.1506 -0.215 0 0 14.031 45.542 -0.665
1 130 0 0.4698 0.6666 0 0 12.541 43.436 2.123
1 131 6 0.3915 -0.433 0 0 9.493 42.603 0.088
1 132 3 0.1566 -0.883 0 0 11.959 41.132 -2.443
1 133 12 0.4156 0.5155 0 0 14.127 39.262 0.083
1 134 0 0.5662 0.4870 0 0 10.913 37.760 1.466
1 135 1 0.2650 -0.634 0 0 9.258 36.932 -1.982
1 136 17 0.1445 0.1492 0 0 12.401 35.153 -3.064
1 137 20 0.4216 0.5708 0 0 12.051 33.122 0.164
1 138 9 0.3674 0.0000 0 0 8.332 32.540 -0.462
1 139 11 0.6265 0.7479 0 0 7.404 34.066 2.902
1 140 16 0.6987 0.2027 0 0 5.496 37.120 4.053
1 141 20 0.7831 -0.090 0 0 7.021 40.455 4.970
1 142 11 0.8072 0.2409 0 0 5.536 42.600 7.734
1 143 7 0.7409 -0.723 0 0 6.743 45.928 9.097
1 144 18 0.8012 0.9796 0 0 6.338 46.530 12.830
1 145 17 0.6506 -0.957 0 0 6.973 48.924 15.630
1 146 0 0.6927 0.4054 0 0 7.356 47.662 19.214
1 147 13 0.4096 -0.732 0 0 6.973 51.283 20.279
1 148 18 0.2891 -0.201 0 0 3.491 51.728 18.842
1 149 1 0.4879 0.0560 0 0 2.336 48.094 18.263
1 150 6 0.4638 -0.453 0 0 1.801 48.756 14.569
1 151 9 0.6867 0.0000 0 0 2.038 45.435 12.679
1 152 22 0.8192 0.0310 0 0 2.877 43.383 15.794
1 153 7 0.7168 -0.892 0 0 -0.164 41.196 16.231
1 154 3 0.7289 -0.456 0 0 -0.012 40.881 12.398
1 155 0 0.9156 0.6829 0 0 3.584 39.576 12.465
1 156 15 0.9216 0.5641 0 0 2.779 36.931 15.005
1 157 20 0.7650 -0.373 0 0 -0.614 35.939 13.723
1 158 18 0.7710 0.0035 0 0 0.511 35.689 10.094
1 159 12 0.8795 0.7934 0 0 3.203 33.318 11.417
1 160 22 0.7108 -0.318 0 0 0.512 31.161 13.088
1 161 1 0.4939 -0.010 0 0 -1.412 31.111 9.834
1 162 7 0.5963 0.2279 0 0 1.752 29.904 8.117
1 163 11 0.5542 0.5590 0 0 2.271 27.154 10.748
1 164 1 0.3012 0.1131 0 0 -1.319 25.995 10.338
1 165 6 0.1325 0.3757 0 0 -1.259 25.664 6.524
1 166 10 0.2048 0.1582 0 0 2.198 24.172 6.394
