1 1 14 0.0060 0.3827 0 0 39.885 32.765 36.010
1 2 18 0.0421 0.0809 0 0 42.223 35.585 35.250
1 3 7 0.2168 -0.163 0 0 42.297 38.330 37.850
1 4 20 0.5120 -0.243 0 0 43.384 41.879 36.988
1 5 13 0.6686 -0.872 0 0 44.184 44.213 39.866
1 6 12 0.9036 0.0960 0 0 43.322 47.817 38.911
1 7 22 0.9457 -0.669 0 0 43.898 50.955 40.989
1 8 22 0.9879 0.3975 0 0 42.202 54.318 40.503
1 9 22 0.9698 -0.277 0 0 44.160 57.414 41.569
1 10 9 0.9277 0.0000 0 0 44.079 61.178 41.094
1 11 0 0.7951 -0.533 0 0 43.180 64.462 42.735
1 12 9 0.6325 0.0000 0 0 40.254 64.928 45.125
1 13 9 0.6144 0.0000 0 0 36.887 65.380 43.462
1 14 22 0.8132 0.6056 0 0 37.825 64.281 39.949
1 15 9 0.8554 0.0000 0 0 35.289 61.403 39.991
1 16 13 0.9518 0.0836 0 0 37.359 58.302 40.827
1 17 17 0.8433 -0.571 0 0 34.577 56.796 42.916
1 18 0 0.7891 -0.302 0 0 31.834 57.833 40.500
1 19 12 0.9096 0.6877 0 0 33.710 56.128 37.633
1 20 18 0.8915 0.3314 0 0 34.204 52.947 39.568
1 21 11 0.6626 -0.427 0 0 30.552 52.782 40.691
1 22 6 0.6265 -0.412 0 0 29.364 53.453 37.115
1 23 12 0.7108 0.5638 0 0 31.443 50.527 35.919
1 24 11 0.5240 0.3061 0 0 30.352 48.131 38.618
1 25 6 0.3192 -0.193 0 0 26.806 49.186 39.466
1 26 2 0.2831 -0.562 0 0 25.700 50.993 36.284
1 27 10 0.2108 -0.154 0 0 24.517 54.198 37.943
1 28 15 0.3433 0.1330 0 0 25.800 57.696 38.565
1 29 22 0.3012 0.5410 0 0 26.333 58.964 42.080
1 30 3 0.1265 -0.870 0 0 25.748 62.721 42.272
1 31 7 0.0903 -0.527 0 0 26.952 62.698 45.896
1 32 5 0.2771 -0.116 0 0 30.508 62.468 47.290
1 33 3 0.3554 0.5461 0 0 31.664 59.049 48.567
1 34 16 0.1686 -0.675 0 0 33.335 59.934 51.896
1 35 18 0.3313 0.2448 0 0 35.517 56.814 51.959
1 36 11 0.4518 -0.778 0 0 39.311 56.973 51.566
1 37 7 0.5421 -0.270 0 0 39.550 53.421 50.204
1 38 3 0.5180 -0.404 0 0 37.037 50.884 48.979
1 39 17 0.5481 -0.591 0 0 37.297 47.689 46.921
1 40 20 0.5602 0.3757 0 0 35.124 46.331 44.107
1 41 1 0.4156 -0.604 0 0 34.884 43.161 42.066
1 42 13 0.3734 0.1232 0 0 33.298 42.543 38.667
1 43 6 0.1204 -0.987 0 0 33.338 39.283 36.685
1 44 22 0.1506 0.8948 0 0 33.337 40.300 33.030
1 45 22 0.0481 -0.975 0 0 34.357 38.922 29.626
1 46 11 0.1867 0.9708 0 0 36.921 41.172 27.963
1 47 3 0.0361 0.6756 0 0 38.057 40.215 24.451
1 48 9 0.0 0.0000 0 0 36.842 36.677 24.939
1 49 7 0.0120 0.4757 0 0 38.561 36.100 28.270
1 50 18 0.0180 -0.726 0 0 36.483 35.674 31.439
1 51 5 0.1325 0.6185 0 0 38.180 38.096 33.849
1 52 12 0.2349 -0.638 0 0 37.758 39.100 37.480
1 53 12 0.5783 0.4692 0 0 38.410 42.794 37.889
1 54 3 0.5963 -0.632 0 0 39.536 43.778 41.359
1 55 11 0.8313 0.5076 0 0 39.445 47.576 41.633
1 56 12 0.8253 -0.403 0 0 40.901 49.630 44.444
1 57 3 0.8855 -0.073 0 0 39.298 53.029 44.614
1 58 18 0.8373 0.3628 0 0 41.665 55.423 46.454
1 59 0 0.7409 -0.985 0 0 41.169 58.957 47.660
1 60 9 0.7048 0.0000 0 0 43.142 62.014 46.446
1 61 6 0.4879 0.1761 0 0 46.497 62.886 48.157
1 62 7 0.2891 0.5638 0 0 44.601 65.685 49.948
1 63 7 0.2289 0.2963 0 0 43.224 63.004 52.303
1 64 20 0.0843 -0.701 0 0 45.240 60.883 54.691
1 65 17 0.2048 0.6503 0 0 44.983 57.127 54.106
1 66 0 0.0602 -0.453 0 0 45.575 53.883 55.939
1 67 14 0.1024 -0.876 0 0 48.175 51.956 53.940
1 68 1 0.4277 0.5927 0 0 47.696 53.891 50.657
1 69 3 0.3795 -0.231 0 0 51.052 52.877 49.176
1 70 6 0.1987 -0.930 0 0 50.926 49.365 50.558
1 71 20 0.4397 -0.326 0 0 47.449 48.948 49.033
1 72 14 0.6385 0.4875 0 0 48.657 50.568 45.779
1 73 1 0.4096 -0.853 0 0 51.707 48.269 45.775
1 74 18 0.4216 -0.080 0 0 49.414 45.344 44.951
1 75 9 0.6927 0.0000 0 0 48.056 46.991 41.724
1 76 7 0.6445 -0.577 0 0 48.863 45.655 38.257
1 77 9 0.8674 0.0000 0 0 47.593 48.738 36.362
1 78 15 0.9638 -0.686 0 0 46.558 52.283 37.259
1 79 12 0.9939 0.5539 0 0 43.932 54.686 36.030
1 80 5 0.9819 -0.762 0 0 45.356 58.148 36.497
1 81 22 0.9759 0.5318 0 0 42.316 60.415 36.634
1 82 15 0.8795 -0.354 0 0 41.922 64.173 36.270
1 83 0 0.7530 -0.370 0 0 38.754 66.183 35.464
1 84 11 0.5060 -0.155 0 0 38.566 68.227 32.222
1 85 2 0.3132 0.1635 0 0 37.170 71.212 34.197
1 86 2 0.3674 0.3950 0 0 39.956 71.178 36.810
1 87 18 0.2530 -0.903 0 0 43.314 72.352 35.492
1 88 13 0.3072 -0.277 0 0 45.081 71.761 38.839
1 89 17 0.6024 0.4681 0 0 43.994 68.088 38.799
1 90 15 0.5903 -0.286 0 0 45.654 67.736 35.406
1 91 7 0.3855 -0.841 0 0 48.805 69.468 36.648
1 92 3 0.5301 -0.169 0 0 48.833 67.057 39.648
1 93 11 0.7650 0.7114 0 0 48.920 63.924 37.409
1 94 10 0.5361 -0.894 0 0 52.662 63.897 37.221
1 95 6 0.4819 -0.924 0 0 52.925 63.510 41.045
1 96 20 0.7771 0.3305 0 0 50.479 60.641 40.962
1 97 1 0.7289 -0.304 0 0 52.572 58.990 38.287
1 98 7 0.4457 -0.717 0 0 55.758 59.557 40.323
1 99 6 0.4939 0.4221 0 0 54.067 57.974 43.386
1 100 11 0.6566 0.9360 0 0 53.163 54.915 41.293
1 101 13 0.3975 -0.186 0 0 56.664 54.616 39.881
1 102 1 0.1927 0.0554 0 0 58.071 54.754 43.438
1 103 22 0.3253 0.5942 0 0 55.620 52.336 44.988
1 104 13 0.3373 0.6557 0 0 56.055 49.821 42.104
1 105 3 0.0662 -0.929 0 0 59.799 50.560 41.988
1 106 17 0.1084 0.3074 0 0 59.550 50.636 38.188
1 107 3 0.1626 -0.833 0 0 59.292 53.157 35.386
1 108 3 0.2951 -0.473 0 0 57.300 50.694 33.235
1 109 22 0.5662 0.3834 0 0 53.906 50.270 34.927
1 110 16 0.7349 -0.490 0 0 50.662 49.769 32.959
1 111 14 0.8975 -0.075 0 0 48.675 52.988 33.062
1 112 22 0.9397 0.0864 0 0 45.891 54.920 31.315
1 113 12 0.9337 -0.669 0 0 45.373 58.683 31.524
1 114 22 0.9578 0.7566 0 0 41.683 59.481 32.082
1 115 9 0.8614 0.0000 0 0 40.028 62.893 31.610
1 116 2 0.8493 0.3156 0 0 36.729 62.662 33.435
1 117 13 0.6084 0.0930 0 0 33.616 64.852 33.532
1 118 17 0.4578 0.2944 0 0 33.462 65.100 29.710
1 119 3 0.2228 0.3545 0 0 29.758 65.912 30.016
1 120 12 0.1144 0.3854 0 0 30.656 69.342 31.474
1 121 0 0.0240 -0.914 0 0 31.155 72.401 29.272
1 122 0 0.0301 -0.065 0 0 33.526 74.365 31.544
1 123 1 0.0722 0.4544 0 0 36.460 72.651 29.971
1 124 18 0.0542 -0.019 0 0 39.918 74.020 30.773
1 125 22 0.2409 0.8597 0 0 41.992 70.977 29.737
1 126 7 0.0963 -0.875 0 0 41.819 70.585 26.001
1 127 17 0.2590 0.0028 0 0 42.004 67.081 24.563
1 128 1 0.0783 -0.995 0 0 45.310 67.866 22.750
1 129 6 0.1385 -0.417 0 0 46.932 68.994 26.020
1 130 0 0.4759 0.6244 0 0 46.093 65.667 27.644
1 131 6 0.3614 -0.460 0 0 47.118 63.716 24.498
1 132 3 0.1566 -0.807 0 0 50.623 65.345 24.851
1 133 12 0.4036 0.6179 0 0 50.943 64.276 28.447
1 134 0 0.5722 0.4143 0 0 49.836 60.680 27.671
1 135 1 0.2650 -0.982 0 0 52.262 60.603 24.722
1 136 17 0.1807 0.2689 0 0 55.139 61.601 26.997
1 137 20 0.4337 0.5420 0 0 54.295 58.631 29.242
1 138 9 0.3493 0.0000 0 0 53.742 56.211 26.322
1 139 11 0.6204 0.7582 0 0 50.171 55.529 27.410
1 140 16 0.6746 0.2606 0 0 46.655 56.066 25.997
1 141 20 0.7590 -0.052 0 0 44.433 59.041 26.841
1 142 11 0.8072 0.2203 0 0 40.733 58.392 27.261
1 143 7 0.7710 -0.708 0 0 37.864 60.766 28.182
1 144 18 0.8012 0.9818 0 0 34.999 59.634 30.365
1 145 17 0.6506 -0.973 0 0 31.812 60.779 31.998
1 146 0 0.6867 0.4379 0 0 30.661 58.880 35.059
1 147 13 0.3915 -0.751 0 0 27.361 60.695 34.539
1 148 18 0.2469 -0.096 0 0 26.503 59.664 30.976
1 149 1 0.4698 -0.056 0 0 28.670 56.519 30.962
1 150 6 0.4638 -0.137 0 0 30.674 57.765 27.931
1 151 9 0.6807 0.0000 0 0 34.091 56.099 27.867
1 152 22 0.8192 -0.023 0 0 33.778 54.350 31.217
1 153 7 0.7168 -0.916 0 0 34.076 50.812 29.907
1 154 3 0.7228 -0.622 0 0 36.679 52.001 27.379
1 155 0 0.9156 0.6808 0 0 38.841 53.328 30.167
1 156 15 0.9216 0.5610 0 0 38.844 50.253 32.349
1 157 20 0.7469 -0.455 0 0 39.060 47.731 29.493
1 158 18 0.7831 0.0206 0 0 41.866 49.718 27.878
1 159 12 0.8734 0.7587 0 0 43.766 49.437 31.139
1 160 22 0.6987 -0.359 0 0 43.304 45.599 31.117
1 161 1 0.5 -0.090 0 0 44.628 45.708 27.541
1 162 7 0.5843 0.2879 0 0 47.733 47.654 28.711
1 163 11 0.5542 0.5234 0 0 48.400 45.162 31.493
1 164 1 0.2710 0.0983 0 0 48.250 42.353 28.887
1 165 6 0.1445 0.3316 0 0 51.104 44.028 26.921
1 166 10 0.1746 0.5012 0 0 53.435 44.305 29.856
