1 1 14 0.0120 0.1760 0 0 34.650 39.910 -6.665
1 2 18 0.0421 0.4080 0 0 31.010 39.693 -5.714
1 3 7 0.2530 -0.369 0 0 29.920 43.029 -6.951
1 4 20 0.5481 -0.315 0 0 26.742 44.640 -5.609
1 5 13 0.6746 -0.888 0 0 25.089 46.990 -8.086
1 6 12 0.9096 0.1631 0 0 23.234 49.719 -6.184
1 7 22 0.9457 -0.659 0 0 21.160 52.516 -7.678
1 8 22 0.9879 0.3567 0 0 20.273 55.559 -5.594
1 9 22 0.9698 -0.170 0 0 16.912 57.125 -6.561
1 10 9 0.9277 0.0000 0 0 14.635 59.904 -5.269
1 11 0 0.7951 -0.549 0 0 13.667 63.534 -5.648
1 12 9 0.5963 0.0000 0 0 15.573 66.742 -6.124
1 13 9 0.6084 0.0000 0 0 17.820 67.729 -3.252
1 14 22 0.8192 0.5938 0 0 17.103 64.668 -1.075
1 15 9 0.8614 0.0000 0 0 20.833 63.857 -0.652
1 16 13 0.9518 0.1046 0 0 21.551 61.102 -3.208
1 17 17 0.8253 -0.632 0 0 24.767 62.567 -4.534
1 18 0 0.7771 -0.374 0 0 25.843 63.521 -1.016
1 19 12 0.8975 0.6485 0 0 25.039 60.097 0.589
1 20 18 0.8855 0.3980 0 0 27.082 58.276 -2.013
1 21 11 0.6506 -0.435 0 0 30.002 60.675 -2.082
1 22 6 0.6144 -0.377 0 0 30.000 60.272 1.731
1 23 12 0.7108 0.5275 0 0 30.154 56.470 1.358
1 24 11 0.5361 0.3073 0 0 32.665 56.394 -1.518
1 25 6 0.3192 0.0356 0 0 34.931 59.255 -0.211
1 26 2 0.2891 -0.395 0 0 34.108 59.774 3.495
1 27 10 0.2108 -0.146 0 0 33.378 63.513 3.298
1 28 15 0.3373 0.1958 0 0 30.341 65.853 2.935
1 29 22 0.2951 0.5136 0 0 29.374 68.007 -0.097
1 30 3 0.1807 -0.453 0 0 27.100 71.031 -0.639
1 31 7 0.0783 0.1233 0 0 27.027 72.509 -4.176
1 32 5 0.1144 -0.434 0 0 23.868 72.635 -6.406
1 33 3 0.1686 -0.200 0 0 25.238 70.418 -9.172
1 34 16 0.3132 -0.912 0 0 22.743 68.356 -11.221
1 35 18 0.2409 -0.741 0 0 25.580 66.544 -12.996
1 36 11 0.4819 0.3429 0 0 25.798 62.808 -12.260
1 37 7 0.3975 -0.174 0 0 29.316 61.285 -12.093
1 38 3 0.3433 -0.943 0 0 30.058 57.895 -13.632
1 39 17 0.5301 -0.315 0 0 29.295 55.043 -11.220
1 40 20 0.5602 0.3664 0 0 31.052 55.218 -7.850
1 41 1 0.4277 -0.456 0 0 33.011 52.067 -7.135
1 42 13 0.3493 0.1340 0 0 34.554 50.900 -3.976
1 43 6 0.1385 -0.951 0 0 35.845 47.750 -2.529
1 44 22 0.1927 0.9981 0 0 34.461 47.361 0.950
1 45 22 0.0963 -0.951 0 0 34.001 44.711 3.621
1 46 11 0.2228 0.9394 0 0 30.383 44.125 4.602
1 47 3 0.0481 0.6781 0 0 29.537 41.601 7.323
1 48 9 0.0060 0.0000 0 0 33.019 40.119 6.748
1 49 7 0.0240 0.4716 0 0 32.643 39.780 2.977
1 50 18 0.0301 -0.704 0 0 35.053 41.660 0.687
1 51 5 0.1265 0.7788 0 0 33.055 42.999 -2.244
1 52 12 0.2590 -0.776 0 0 32.851 45.709 -4.879
1 53 12 0.5662 0.4809 0 0 30.056 48.207 -4.654
1 54 3 0.6024 -0.427 0 0 29.130 49.960 -7.830
1 55 11 0.8433 0.5255 0 0 26.766 52.804 -7.067
1 56 12 0.8313 -0.648 0 0 24.825 54.690 -9.721
1 57 3 0.8915 -0.169 0 0 23.917 58.130 -8.407
1 58 18 0.8373 0.5043 0 0 20.865 59.249 -10.462
1 59 0 0.6807 -0.951 0 0 19.010 62.622 -11.192
1 60 9 0.6927 0.0000 0 0 16.217 64.113 -9.018
1 61 6 0.4216 -0.084 0 0 13.990 66.408 -11.137
1 62 7 0.3674 0.2992 0 0 13.869 64.041 -14.085
1 63 7 0.1867 -0.939 0 0 10.712 62.560 -15.575
1 64 20 0.2289 -0.152 0 0 10.709 58.870 -16.487
1 65 17 0.0662 0.0648 0 0 12.308 58.201 -19.856
1 66 0 0.0361 -0.981 0 0 13.776 55.363 -21.895
1 67 14 0.0602 -0.291 0 0 17.170 56.977 -21.250
1 68 1 0.3795 0.7736 0 0 16.676 56.829 -17.489
1 69 3 0.3313 -0.545 0 0 15.348 53.275 -17.873
1 70 6 0.1506 -0.849 0 0 18.563 52.476 -19.882
1 71 20 0.4518 -0.275 0 0 20.655 53.591 -16.888
1 72 14 0.6325 0.4190 0 0 18.519 52.111 -14.096
1 73 1 0.4457 -0.865 0 0 17.868 48.653 -15.533
1 74 18 0.4397 -0.172 0 0 21.382 47.388 -14.720
1 75 9 0.6987 0.0000 0 0 20.921 47.947 -10.998
1 76 7 0.6566 -0.563 0 0 20.439 45.020 -8.622
1 77 9 0.8674 0.0000 0 0 19.226 46.955 -5.574
1 78 15 0.9638 -0.674 0 0 17.730 50.395 -5.071
1 79 12 0.9939 0.6156 0 0 18.131 52.960 -2.342
1 80 5 0.9819 -0.778 0 0 14.839 55.048 -2.362
1 81 22 0.9759 0.5154 0 0 15.665 58.320 -0.733
1 82 15 0.8795 -0.349 0 0 13.588 61.202 0.540
1 83 0 0.7349 -0.442 0 0 14.489 64.171 2.798
1 84 11 0.5180 -0.075 0 0 12.731 64.249 6.182
1 85 2 0.3012 0.1409 0 0 12.190 68.006 5.730
1 86 2 0.3915 0.4356 0 0 10.614 67.576 2.265
1 87 18 0.2771 -0.874 0 0 7.097 66.146 2.231
1 88 13 0.3253 -0.172 0 0 6.871 66.064 -1.551
1 89 17 0.6265 0.3812 0 0 10.021 63.876 -1.647
1 90 15 0.6204 -0.276 0 0 8.497 61.354 0.781
1 91 7 0.4337 -0.879 0 0 5.243 61.121 -1.220
1 92 3 0.5542 -0.222 0 0 7.217 60.778 -4.429
1 93 11 0.7710 0.6389 0 0 8.598 57.526 -2.946
1 94 10 0.5240 -0.575 0 0 5.506 55.695 -4.237
1 95 6 0.5 -0.565 0 0 6.330 56.718 -7.810
1 96 20 0.7891 0.3271 0 0 9.964 55.871 -7.443
1 97 1 0.7590 -0.536 0 0 9.159 52.440 -6.026
1 98 7 0.4638 -0.570 0 0 6.571 51.734 -8.732
1 99 6 0.5120 0.4003 0 0 9.059 52.994 -11.431
1 100 11 0.6686 0.9653 0 0 11.774 50.649 -10.145
1 101 13 0.4578 -0.124 0 0 9.447 47.621 -10.270
1 102 1 0.2168 -0.351 0 0 8.347 48.405 -13.830
1 103 22 0.3554 0.6631 0 0 11.923 49.043 -15.032
1 104 13 0.3614 0.6483 0 0 13.126 45.758 -13.489
1 105 3 0.0722 -0.968 0 0 9.961 43.964 -14.645
1 106 17 0.1325 0.4693 0 0 9.676 42.334 -11.233
1 107 3 0.1204 -0.817 0 0 7.377 42.144 -8.202
1 108 3 0.3072 -0.232 0 0 10.309 41.765 -5.856
1 109 22 0.5783 0.3820 0 0 13.256 44.094 -6.055
1 110 16 0.7409 -0.525 0 0 15.756 44.598 -3.188
1 111 14 0.9036 -0.171 0 0 15.133 48.102 -1.867
1 112 22 0.9397 0.0633 0 0 15.808 50.181 1.278
1 113 12 0.9337 -0.651 0 0 13.839 53.273 2.200
1 114 22 0.9578 0.7109 0 0 16.113 56.096 3.390
1 115 9 0.8554 0.0000 0 0 15.044 59.232 5.180
1 116 2 0.8493 0.3136 0 0 17.984 61.577 4.742
1 117 13 0.5843 0.0766 0 0 18.920 64.919 6.388
1 118 17 0.4698 0.4839 0 0 18.330 63.559 9.877
1 119 3 0.2048 0.3470 0 0 20.606 66.216 11.347
1 120 12 0.1084 0.4120 0 0 18.073 68.963 10.501
1 121 0 0.0180 -0.953 0 0 15.508 70.007 13.119
1 122 0 0.0 -0.545 0 0 11.806 70.557 12.552
1 123 1 0.0843 0.4949 0 0 11.309 67.524 10.357
1 124 18 0.0542 0.0779 0 0 8.052 67.349 8.450
1 125 22 0.2469 0.9235 0 0 7.888 63.715 7.515
1 126 7 0.1024 -0.924 0 0 6.899 61.832 10.612
1 127 17 0.2349 0.0679 0 0 9.342 59.036 11.388
1 128 1 0.0903 -0.943 0 0 6.548 56.604 12.343
1 129 6 0.1445 -0.186 0 0 4.843 57.137 9.010
1 130 0 0.4939 0.6240 0 0 8.036 56.259 7.042
1 131 6 0.3855 -0.530 0 0 8.344 53.099 9.094
1 132 3 0.1626 -0.872 0 0 4.711 52.286 8.286
1 133 12 0.4096 0.5995 0 0 5.429 53.058 4.601
1 134 0 0.5722 0.4696 0 0 8.526 50.832 4.573
1 135 1 0.2831 -0.712 0 0 6.588 48.134 6.467
1 136 17 0.1566 0.0650 0 0 3.678 48.134 3.990
1 137 20 0.4156 0.3539 0 0 6.135 47.630 1.107
1 138 9 0.3734 0.0000 0 0 8.180 45.006 3.047
1 139 11 0.6385 0.6955 0 0 11.495 46.877 2.975
1 140 16 0.7289 0.2142 0 0 13.988 48.193 5.538
1 141 20 0.7831 -0.126 0 0 13.939 51.804 6.615
1 142 11 0.8132 0.1799 0 0 17.148 53.584 7.536
1 143 7 0.7530 -0.708 0 0 17.451 57.192 8.701
1 144 18 0.8012 0.9767 0 0 20.647 58.972 7.486
1 145 17 0.6445 -0.973 0 0 22.695 62.119 7.393
1 146 0 0.6867 0.4451 0 0 25.187 62.632 4.630
1 147 13 0.4036 -0.797 0 0 26.477 65.454 6.874
1 148 18 0.2650 -0.127 0 0 27.204 63.595 10.122
1 149 1 0.4879 0.0429 0 0 27.551 60.115 8.495
1 150 6 0.4759 0.2264 0 0 24.859 58.760 10.842
1 151 9 0.6626 0.0000 0 0 23.348 55.743 9.046
1 152 22 0.8072 -0.070 0 0 25.236 56.056 5.769
1 153 7 0.7168 -0.890 0 0 26.781 52.583 6.275
1 154 3 0.7048 -0.788 0 0 23.694 51.015 7.801
1 155 0 0.9156 0.6440 0 0 21.579 52.193 4.877
1 156 15 0.9216 0.5629 0 0 23.853 50.960 2.089
1 157 20 0.7469 -0.512 0 0 25.086 47.820 3.812
1 158 18 0.7650 -0.000 0 0 21.482 46.819 4.561
1 159 12 0.8734 0.7844 0 0 20.793 47.220 0.834
1 160 22 0.7228 -0.338 0 0 23.573 44.682 0.116
1 161 1 0.5060 -0.055 0 0 22.005 42.338 2.687
1 162 7 0.5903 0.2142 0 0 18.689 42.656 0.772
1 163 11 0.5421 0.5198 0 0 20.423 41.720 -2.491
1 164 1 0.2710 0.0732 0 0 22.057 38.637 -0.917
1 165 6 0.1746 0.1487 0 0 18.653 37.539 0.430
1 166 10 0.1987 0.7662 0 0 16.818 37.931 -2.915
