1 1 14 0.0060 0.2722 0 0 35.178 39.707 -7.006
1 2 18 0.0361 -0.007 0 0 31.724 39.745 -5.417
1 3 7 0.2469 -0.349 0 0 30.141 42.957 -6.687
1 4 20 0.5361 -0.295 0 0 26.908 44.671 -5.623
1 5 13 0.6686 -0.901 0 0 25.282 46.986 -8.171
1 6 12 0.8975 0.0859 0 0 23.561 49.735 -6.283
1 7 22 0.9518 -0.643 0 0 21.482 52.666 -7.557
1 8 22 0.9879 0.2301 0 0 20.643 55.844 -5.632
1 9 22 0.9698 -0.159 0 0 17.212 57.266 -6.661
1 10 9 0.9277 0.0000 0 0 14.865 60.003 -5.430
1 11 0 0.7951 -0.537 0 0 13.856 63.628 -6.051
1 12 9 0.6325 0.0000 0 0 16.256 66.421 -6.864
1 13 9 0.6084 0.0000 0 0 18.110 67.870 -3.874
1 14 22 0.8132 0.6014 0 0 17.502 65.179 -1.247
1 15 9 0.8554 0.0000 0 0 21.199 64.338 -0.774
1 16 13 0.9457 0.1142 0 0 21.814 61.326 -3.051
1 17 17 0.8373 -0.597 0 0 25.260 62.561 -3.958
1 18 0 0.7650 -0.343 0 0 26.139 63.635 -0.467
1 19 12 0.9036 0.6549 0 0 25.270 60.186 0.873
1 20 18 0.8795 0.3425 0 0 27.246 58.406 -1.784
1 21 11 0.6506 -0.468 0 0 30.305 60.645 -1.495
1 22 6 0.5963 -0.436 0 0 30.227 60.346 2.251
1 23 12 0.6987 0.5575 0 0 30.394 56.587 1.660
1 24 11 0.5180 0.2295 0 0 32.936 56.549 -1.214
1 25 6 0.3012 -0.028 0 0 35.232 59.237 0.250
1 26 2 0.2771 -0.232 0 0 34.304 59.976 3.855
1 27 10 0.2108 -0.187 0 0 33.559 63.680 3.530
1 28 15 0.3373 0.1808 0 0 30.533 65.954 3.029
1 29 22 0.3253 0.6729 0 0 29.688 67.776 -0.201
1 30 3 0.1686 -0.303 0 0 27.810 71.075 -0.389
1 31 7 0.0602 0.0024 0 0 27.901 72.700 -3.847
1 32 5 0.0542 -0.603 0 0 25.525 73.761 -6.658
1 33 3 0.1506 0.6611 0 0 25.706 70.761 -8.970
1 34 16 0.2349 -0.989 0 0 22.690 69.625 -11.049
1 35 18 0.4698 0.9483 0 0 23.908 66.021 -10.960
1 36 11 0.4156 -0.972 0 0 23.475 63.684 -13.833
1 37 7 0.5301 -0.144 0 0 24.638 60.073 -13.715
1 38 3 0.4939 -0.486 0 0 28.052 59.337 -12.275
1 39 17 0.5542 -0.541 0 0 29.189 55.989 -10.852
1 40 20 0.5421 0.3404 0 0 31.493 55.282 -7.940
1 41 1 0.3915 -0.469 0 0 33.316 51.980 -7.173
1 42 13 0.3132 0.0494 0 0 34.988 51.072 -3.853
1 43 6 0.1325 -0.950 0 0 36.133 47.834 -2.292
1 44 22 0.1927 0.9722 0 0 34.796 47.520 1.229
1 45 22 0.0843 -0.950 0 0 34.209 44.833 3.853
1 46 11 0.1987 0.9448 0 0 30.661 43.868 4.830
1 47 3 0.0421 0.6442 0 0 30.125 41.177 7.478
1 48 9 0.0 0.0000 0 0 33.491 39.571 6.697
1 49 7 0.0180 0.4900 0 0 32.812 39.505 2.931
1 50 18 0.0240 -0.751 0 0 35.223 41.405 0.784
1 51 5 0.1084 0.8122 0 0 33.266 42.843 -2.082
1 52 12 0.2590 -0.681 0 0 32.997 45.738 -4.500
1 53 12 0.5602 0.4673 0 0 30.261 48.394 -4.513
1 54 3 0.5903 -0.492 0 0 29.356 49.796 -7.937
1 55 11 0.8253 0.4592 0 0 27.098 52.788 -7.224
1 56 12 0.8313 -0.494 0 0 25.061 54.754 -9.708
1 57 3 0.8855 -0.161 0 0 24.195 58.182 -8.350
1 58 18 0.8433 0.5167 0 0 21.182 59.318 -10.449
1 59 0 0.6746 -0.954 0 0 19.973 62.791 -11.368
1 60 9 0.6927 0.0000 0 0 16.855 64.090 -9.596
1 61 6 0.4457 -0.055 0 0 14.570 64.626 -12.610
1 62 7 0.2650 -0.710 0 0 10.836 65.442 -12.655
1 63 7 0.1265 -0.889 0 0 10.369 63.683 -15.998
1 64 20 0.2289 -0.037 0 0 10.647 59.911 -16.387
1 65 17 0.1024 0.0745 0 0 12.505 58.681 -19.534
1 66 0 0.0481 -0.979 0 0 13.994 55.797 -21.413
1 67 14 0.0963 -0.314 0 0 17.512 57.187 -20.965
1 68 1 0.3795 0.8062 0 0 17.124 57.087 -17.158
1 69 3 0.3614 -0.567 0 0 15.733 53.504 -17.577
1 70 6 0.1746 -0.832 0 0 18.879 52.656 -19.685
1 71 20 0.4337 -0.219 0 0 21.020 53.665 -16.708
1 72 14 0.6445 0.4985 0 0 18.760 52.174 -13.912
1 73 1 0.4277 -0.855 0 0 18.211 48.721 -15.418
1 74 18 0.4216 -0.003 0 0 21.850 47.749 -14.705
1 75 9 0.7108 0.0000 0 0 21.284 48.048 -10.958
1 76 7 0.6626 -0.564 0 0 20.721 45.164 -8.537
1 77 9 0.8674 0.0000 0 0 19.610 47.123 -5.441
1 78 15 0.9638 -0.666 0 0 18.075 50.602 -4.997
1 79 12 0.9939 0.5711 0 0 18.559 53.155 -2.301
1 80 5 0.9819 -0.716 0 0 15.337 55.207 -2.324
1 81 22 0.9759 0.4107 0 0 16.144 58.564 -0.694
1 82 15 0.8915 -0.340 0 0 13.913 61.431 0.437
1 83 0 0.7469 -0.413 0 0 14.736 64.340 2.746
1 84 11 0.5120 -0.099 0 0 12.816 64.465 6.035
1 85 2 0.3072 0.1243 0 0 12.097 68.200 5.652
1 86 2 0.3734 0.4232 0 0 10.819 67.847 2.055
1 87 18 0.2831 -0.864 0 0 7.326 66.355 1.957
1 88 13 0.3192 -0.172 0 0 7.091 66.256 -1.841
1 89 17 0.6265 0.4188 0 0 10.265 64.089 -1.965
1 90 15 0.6204 -0.295 0 0 8.534 61.656 0.443
1 91 7 0.4096 -0.861 0 0 5.353 61.477 -1.674
1 92 3 0.5722 -0.119 0 0 7.555 60.760 -4.730
1 93 11 0.7891 0.6868 0 0 8.867 57.538 -3.182
1 94 10 0.5240 -0.579 0 0 5.719 55.758 -4.414
1 95 6 0.4879 -0.540 0 0 6.553 56.734 -7.988
1 96 20 0.7831 0.4747 0 0 10.144 55.595 -7.689
1 97 1 0.7349 -0.489 0 0 9.129 52.258 -6.178
1 98 7 0.4518 -0.541 0 0 6.757 51.833 -9.146
1 99 6 0.5 0.4240 0 0 9.390 53.025 -11.585
1 100 11 0.6807 0.9602 0 0 11.994 50.607 -10.224
1 101 13 0.4397 -0.154 0 0 9.622 47.601 -10.324
1 102 1 0.2228 -0.336 0 0 8.668 48.307 -13.935
1 103 22 0.3433 0.6775 0 0 12.274 48.883 -15.068
1 104 13 0.3493 0.6483 0 0 13.459 45.576 -13.425
1 105 3 0.0783 -0.982 0 0 10.254 43.839 -14.489
1 106 17 0.1385 0.4657 0 0 9.871 42.261 -11.059
1 107 3 0.1445 -0.734 0 0 7.638 42.390 -8.015
1 108 3 0.3313 -0.192 0 0 10.451 42.051 -5.428
1 109 22 0.5662 0.3454 0 0 13.557 44.148 -6.141
1 110 16 0.7530 -0.524 0 0 16.156 44.790 -3.311
1 111 14 0.9096 0.0196 0 0 15.317 48.180 -1.915
1 112 22 0.9337 0.0152 0 0 15.715 50.279 1.130
1 113 12 0.9397 -0.687 0 0 14.059 53.584 2.044
1 114 22 0.9578 0.7041 0 0 16.374 56.365 3.259
1 115 9 0.8614 0.0000 0 0 15.241 59.534 5.081
1 116 2 0.8493 0.3140 0 0 18.182 61.895 4.719
1 117 13 0.5843 0.1136 0 0 19.147 65.212 6.394
1 118 17 0.4638 0.2769 0 0 18.635 63.889 9.962
1 119 3 0.2048 0.3763 0 0 20.840 66.672 11.311
1 120 12 0.1204 0.3518 0 0 18.110 69.210 10.341
1 121 0 0.0301 -0.924 0 0 15.406 70.083 12.865
1 122 0 0.0120 -0.564 0 0 11.735 70.915 12.386
1 123 1 0.0722 0.4926 0 0 11.139 67.845 10.198
1 124 18 0.0662 0.1297 0 0 8.094 67.756 7.966
1 125 22 0.2409 0.8759 0 0 7.950 63.898 7.788
1 126 7 0.1144 -0.927 0 0 7.620 62.065 11.050
1 127 17 0.2710 0.1336 0 0 9.742 59.006 11.431
1 128 1 0.0903 -0.740 0 0 6.745 56.861 12.394
1 129 6 0.1626 -0.196 0 0 5.053 57.393 9.007
1 130 0 0.4819 0.5890 0 0 8.151 56.681 6.864
1 131 6 0.3975 -0.518 0 0 8.784 53.534 8.949
1 132 3 0.1867 -0.920 0 0 5.158 52.622 8.336
1 133 12 0.4036 0.5622 0 0 5.654 53.269 4.595
1 134 0 0.5783 0.4847 0 0 8.677 50.874 4.384
1 135 1 0.2951 -0.677 0 0 6.794 48.213 6.419
1 136 17 0.1566 0.1336 0 0 3.707 48.455 4.188
1 137 20 0.3855 0.5740 0 0 6.236 47.884 1.341
1 138 9 0.3554 0.0000 0 0 8.056 45.098 3.286
1 139 11 0.6144 0.7522 0 0 11.458 46.775 3.161
1 140 16 0.7048 0.1637 0 0 13.831 48.272 5.635
1 141 20 0.7771 -0.079 0 0 13.857 51.906 6.661
1 142 11 0.8192 0.0892 0 0 17.053 53.722 7.613
1 143 7 0.7590 -0.733 0 0 17.475 57.350 8.696
1 144 18 0.8012 0.9880 0 0 20.685 59.249 7.695
1 145 17 0.6385 -0.959 0 0 22.763 62.411 7.478
1 146 0 0.6867 0.4192 0 0 25.318 62.935 4.791
1 147 13 0.3674 -0.812 0 0 26.530 65.785 7.080
1 148 18 0.2530 -0.115 0 0 27.253 63.916 10.332
1 149 1 0.4759 0.0748 0 0 27.609 60.465 8.551
1 150 6 0.4578 -0.707 0 0 25.138 58.955 11.074
1 151 9 0.6566 0.0000 0 0 23.302 56.007 9.483
1 152 22 0.8072 0.0030 0 0 25.108 56.164 6.154
1 153 7 0.7168 -0.896 0 0 26.950 52.824 6.403
1 154 3 0.7289 -0.808 0 0 23.764 51.291 7.785
1 155 0 0.9156 0.6469 0 0 21.668 52.406 4.839
1 156 15 0.9216 0.5345 0 0 24.039 51.123 2.124
1 157 20 0.7409 -0.506 0 0 25.059 47.941 3.998
1 158 18 0.7710 0.0455 0 0 21.369 47.107 4.709
1 159 12 0.8734 0.7746 0 0 20.743 47.298 0.908
1 160 22 0.7228 -0.316 0 0 23.607 44.881 0.197
1 161 1 0.5060 -0.099 0 0 21.977 42.555 2.778
1 162 7 0.6024 0.2154 0 0 18.743 42.876 0.792
1 163 11 0.5481 0.5366 0 0 20.680 42.028 -2.424
1 164 1 0.2891 0.0853 0 0 22.232 38.968 -0.764
1 165 6 0.1807 0.1232 0 0 18.768 37.803 0.485
1 166 10 0.2168 0.7035 0 0 16.866 38.093 -2.817
