1 1 14 0.0060 0.3195 0 0 35.174 39.292 -6.457
1 2 18 0.0421 0.0949 0 0 31.580 39.777 -5.200
1 3 7 0.2349 -0.371 0 0 30.223 42.972 -6.821
1 4 20 0.5361 -0.286 0 0 26.981 44.680 -5.674
1 5 13 0.6686 -0.904 0 0 25.319 46.976 -8.206
1 6 12 0.8975 0.0872 0 0 23.587 49.704 -6.305
1 7 22 0.9457 -0.638 0 0 21.558 52.673 -7.610
1 8 22 0.9879 0.2635 0 0 20.687 55.752 -5.526
1 9 22 0.9698 -0.196 0 0 17.296 57.222 -6.648
1 10 9 0.9277 0.0000 0 0 14.925 60.013 -5.492
1 11 0 0.7831 -0.561 0 0 13.827 63.573 -6.053
1 12 9 0.6325 0.0000 0 0 16.174 66.406 -6.856
1 13 9 0.6144 0.0000 0 0 18.158 67.866 -4.011
1 14 22 0.8132 0.5829 0 0 17.468 65.263 -1.283
1 15 9 0.8614 0.0000 0 0 21.180 64.380 -0.911
1 16 13 0.9518 0.0941 0 0 21.815 61.308 -3.085
1 17 17 0.8433 -0.583 0 0 25.223 62.592 -4.061
1 18 0 0.7650 -0.339 0 0 26.171 63.650 -0.517
1 19 12 0.9036 0.6611 0 0 25.284 60.193 0.840
1 20 18 0.8855 0.3535 0 0 27.286 58.403 -1.847
1 21 11 0.6566 -0.477 0 0 30.333 60.658 -1.591
1 22 6 0.6024 -0.436 0 0 30.265 60.381 2.185
1 23 12 0.6987 0.5665 0 0 30.455 56.622 1.486
1 24 11 0.5180 0.2351 0 0 33.048 56.636 -1.305
1 25 6 0.2951 -0.042 0 0 35.341 59.302 0.192
1 26 2 0.2831 -0.214 0 0 34.286 60.027 3.756
1 27 10 0.2108 -0.184 0 0 33.590 63.766 3.476
1 28 15 0.3313 0.1420 0 0 30.541 66.025 3.049
1 29 22 0.3253 0.6439 0 0 29.736 67.779 -0.219
1 30 3 0.1506 -0.322 0 0 27.983 71.146 -0.029
1 31 7 0.0602 0.0106 0 0 27.869 72.757 -3.473
1 32 5 0.0662 -0.488 0 0 25.244 73.390 -6.178
1 33 3 0.1746 0.5892 0 0 25.580 70.595 -8.733
1 34 16 0.2771 -0.966 0 0 22.634 69.265 -10.808
1 35 18 0.4698 0.9109 0 0 23.888 65.680 -11.190
1 36 11 0.3674 -0.965 0 0 23.307 63.934 -14.507
1 37 7 0.5120 0.2143 0 0 24.720 60.550 -13.645
1 38 3 0.4879 -0.054 0 0 28.073 59.367 -12.316
1 39 17 0.5481 -0.133 0 0 29.246 56.002 -10.924
1 40 20 0.5421 0.3397 0 0 31.557 55.256 -7.942
1 41 1 0.3855 -0.488 0 0 33.477 51.953 -7.303
1 42 13 0.3132 0.0728 0 0 34.962 51.065 -3.829
1 43 6 0.1325 -0.956 0 0 36.142 47.837 -2.267
1 44 22 0.1987 0.9677 0 0 34.796 47.577 1.279
1 45 22 0.0843 -0.961 0 0 34.259 44.825 3.839
1 46 11 0.1807 0.9605 0 0 30.782 43.754 4.879
1 47 3 0.0361 0.6611 0 0 30.155 41.024 7.441
1 48 9 0.0 0.0000 0 0 33.480 39.385 6.628
1 49 7 0.0240 0.4894 0 0 32.861 39.467 2.869
1 50 18 0.0180 -0.760 0 0 35.409 41.485 0.928
1 51 5 0.1084 0.7988 0 0 33.455 42.818 -2.026
1 52 12 0.2469 -0.251 0 0 33.112 45.668 -4.539
1 53 12 0.5602 0.4779 0 0 30.335 48.311 -4.552
1 54 3 0.5903 -0.455 0 0 29.344 49.673 -7.929
1 55 11 0.8253 0.4710 0 0 27.198 52.719 -7.176
1 56 12 0.8313 -0.445 0 0 25.183 54.724 -9.682
1 57 3 0.8795 -0.154 0 0 24.237 58.162 -8.400
1 58 18 0.8373 0.4841 0 0 21.282 59.388 -10.478
1 59 0 0.6746 -0.950 0 0 19.756 62.759 -11.317
1 60 9 0.7168 0.0000 0 0 16.621 63.868 -9.449
1 61 6 0.4457 -0.063 0 0 14.625 64.649 -12.609
1 62 7 0.2590 -0.726 0 0 10.964 65.679 -12.665
1 63 7 0.1265 -0.882 0 0 10.428 63.828 -15.951
1 64 20 0.1867 0.0061 0 0 10.496 60.088 -16.625
1 65 17 0.1024 0.1470 0 0 12.710 58.917 -19.470
1 66 0 0.0481 -0.976 0 0 13.943 55.862 -21.306
1 67 14 0.0963 -0.330 0 0 17.490 57.156 -20.884
1 68 1 0.3975 0.8250 0 0 17.007 57.007 -17.138
1 69 3 0.3493 -0.614 0 0 15.702 53.408 -17.575
1 70 6 0.1686 -0.836 0 0 18.882 52.641 -19.633
1 71 20 0.4337 -0.233 0 0 21.023 53.692 -16.677
1 72 14 0.6385 0.5204 0 0 18.755 52.127 -14.005
1 73 1 0.4216 -0.842 0 0 18.274 48.635 -15.495
1 74 18 0.4277 -0.130 0 0 21.827 47.568 -14.616
1 75 9 0.7048 0.0000 0 0 21.277 48.046 -10.905
1 76 7 0.6626 -0.588 0 0 20.754 45.146 -8.489
1 77 9 0.8674 0.0000 0 0 19.669 47.135 -5.436
1 78 15 0.9638 -0.664 0 0 18.178 50.609 -4.969
1 79 12 0.9939 0.5684 0 0 18.672 53.152 -2.306
1 80 5 0.9819 -0.726 0 0 15.436 55.230 -2.349
1 81 22 0.9759 0.4145 0 0 16.231 58.564 -0.711
1 82 15 0.8915 -0.356 0 0 13.989 61.449 0.440
1 83 0 0.7469 -0.439 0 0 14.815 64.418 2.735
1 84 11 0.5240 -0.120 0 0 12.845 64.512 6.075
1 85 2 0.3072 0.1270 0 0 12.161 68.266 5.572
1 86 2 0.3734 0.4421 0 0 10.796 67.892 2.014
1 87 18 0.2710 -0.893 0 0 7.281 66.440 1.973
1 88 13 0.3192 -0.186 0 0 7.155 66.297 -1.820
1 89 17 0.6265 0.4219 0 0 10.322 64.060 -1.881
1 90 15 0.6084 -0.300 0 0 8.515 61.661 0.476
1 91 7 0.4096 -0.860 0 0 5.345 61.532 -1.681
1 92 3 0.5722 -0.127 0 0 7.620 60.755 -4.670
1 93 11 0.7951 0.7186 0 0 8.950 57.543 -3.083
1 94 10 0.5301 -0.591 0 0 5.769 55.752 -4.310
1 95 6 0.4939 -0.563 0 0 6.602 56.735 -7.929
1 96 20 0.7771 0.4613 0 0 10.241 55.612 -7.677
1 97 1 0.7349 -0.469 0 0 9.176 52.344 -6.139
1 98 7 0.4518 -0.554 0 0 6.787 51.822 -9.053
1 99 6 0.5060 0.4094 0 0 9.417 52.892 -11.579
1 100 11 0.6807 0.9620 0 0 12.074 50.595 -10.144
1 101 13 0.4397 -0.181 0 0 9.681 47.587 -10.255
1 102 1 0.2289 -0.327 0 0 8.718 48.310 -13.852
1 103 22 0.3433 0.5760 0 0 12.313 48.750 -14.921
1 104 13 0.3614 0.6401 0 0 13.547 45.503 -13.258
1 105 3 0.0783 -0.983 0 0 10.399 43.648 -14.386
1 106 17 0.1385 0.4321 0 0 10.005 42.305 -10.871
1 107 3 0.1445 -0.871 0 0 7.687 42.557 -7.870
1 108 3 0.3373 -0.238 0 0 10.478 42.057 -5.301
1 109 22 0.5662 0.3701 0 0 13.548 44.206 -6.064
1 110 16 0.7530 -0.527 0 0 16.156 44.808 -3.256
1 111 14 0.9096 0.0165 0 0 15.402 48.223 -1.927
1 112 22 0.9337 0.0166 0 0 15.742 50.289 1.144
1 113 12 0.9397 -0.645 0 0 14.150 53.564 2.139
1 114 22 0.9578 0.6036 0 0 16.272 56.447 3.381
1 115 9 0.8554 0.0000 0 0 15.276 59.697 5.152
1 116 2 0.8493 0.3316 0 0 18.233 62.005 4.782
1 117 13 0.5843 0.1414 0 0 19.191 65.299 6.437
1 118 17 0.4638 0.2786 0 0 18.619 63.942 9.957
1 119 3 0.2168 0.3591 0 0 20.863 66.688 11.194
1 120 12 0.1204 0.3449 0 0 18.272 69.307 10.266
1 121 0 0.0301 -0.929 0 0 15.519 70.128 12.693
1 122 0 0.0120 -0.578 0 0 11.863 71.043 12.319
1 123 1 0.0722 0.5023 0 0 11.185 67.975 10.164
1 124 18 0.0542 0.1350 0 0 8.124 67.792 7.946
1 125 22 0.2409 0.8563 0 0 8.023 63.939 7.738
1 126 7 0.1144 -0.925 0 0 7.666 62.115 11.041
1 127 17 0.2650 0.1040 0 0 9.736 59.050 11.423
1 128 1 0.0903 -0.748 0 0 6.723 56.941 12.341
1 129 6 0.1626 -0.187 0 0 5.063 57.471 8.944
1 130 0 0.4819 0.5879 0 0 8.231 56.743 7.017
1 131 6 0.4036 -0.539 0 0 8.870 53.546 9.043
1 132 3 0.2048 -0.917 0 0 5.250 52.619 8.272
1 133 12 0.4156 0.5747 0 0 5.721 53.246 4.556
1 134 0 0.5783 0.4343 0 0 8.757 50.897 4.388
1 135 1 0.3012 -0.679 0 0 6.800 48.252 6.393
1 136 17 0.1566 0.1125 0 0 3.703 48.430 4.130
1 137 20 0.3915 0.5831 0 0 6.227 47.894 1.274
1 138 9 0.3554 0.0000 0 0 8.067 45.062 3.074
1 139 11 0.6204 0.7638 0 0 11.438 46.813 3.101
1 140 16 0.6927 0.1780 0 0 13.828 48.280 5.664
1 141 20 0.7891 -0.109 0 0 14.076 51.933 6.598
1 142 11 0.8192 -0.015 0 0 17.166 53.747 7.626
1 143 7 0.7590 -0.689 0 0 17.554 57.373 8.694
1 144 18 0.8012 0.9836 0 0 20.740 59.294 7.736
1 145 17 0.6445 -0.958 0 0 22.794 62.481 7.463
1 146 0 0.6867 0.4208 0 0 25.345 62.983 4.749
1 147 13 0.3795 -0.811 0 0 26.568 65.815 7.070
1 148 18 0.2530 -0.052 0 0 27.274 63.944 10.343
1 149 1 0.4759 0.0619 0 0 27.635 60.562 8.535
1 150 6 0.4578 -0.710 0 0 25.154 59.043 11.021
1 151 9 0.6506 0.0000 0 0 23.423 56.017 9.523
1 152 22 0.8072 0.0286 0 0 25.207 56.234 6.145
1 153 7 0.7108 -0.871 0 0 27.039 52.895 6.339
1 154 3 0.7289 -0.812 0 0 23.851 51.331 7.742
1 155 0 0.9156 0.6556 0 0 21.733 52.461 4.823
1 156 15 0.9216 0.5189 0 0 24.144 51.170 2.156
1 157 20 0.7409 -0.566 0 0 25.501 48.074 3.883
1 158 18 0.7710 0.1123 0 0 21.848 47.294 4.636
1 159 12 0.8734 0.7569 0 0 20.893 47.392 0.922
1 160 22 0.7228 -0.316 0 0 23.655 44.849 0.292
1 161 1 0.5 -0.088 0 0 22.057 42.500 2.790
1 162 7 0.5963 0.1995 0 0 18.776 42.883 0.932
1 163 11 0.5542 0.5291 0 0 20.681 42.066 -2.295
1 164 1 0.2891 0.0842 0 0 22.198 38.978 -0.703
1 165 6 0.1927 0.1181 0 0 18.760 37.855 0.568
1 166 10 0.2228 0.7160 0 0 16.805 38.130 -2.688
