1 1 14 0.0 0.3067 0 0 35.255 39.390 -6.189
1 2 18 0.0429 0.0918 0 0 31.573 39.815 -5.246
1 3 7 0.2392 -0.378 0 0 30.223 43.058 -6.734
1 4 20 0.5398 -0.264 0 0 27.021 44.790 -5.565
1 5 13 0.6871 -0.673 0 0 25.387 47.063 -8.131
1 6 12 0.9018 0.0873 0 0 23.600 49.805 -6.210
1 7 22 0.9509 -0.624 0 0 21.491 52.705 -7.522
1 8 22 0.9877 0.2144 0 0 20.592 55.845 -5.613
1 9 22 0.9631 -0.131 0 0 17.162 57.263 -6.661
1 10 9 0.9263 0.0000 0 0 14.910 60.068 -5.460
1 11 0 0.7607 -0.528 0 0 13.917 63.648 -6.146
1 12 9 0.6196 0.0000 0 0 16.501 66.233 -7.033
1 13 9 0.5766 0.0000 0 0 17.920 67.913 -3.958
1 14 22 0.8036 0.6199 0 0 17.438 65.164 -1.293
1 15 9 0.8527 0.0000 0 0 21.151 64.330 -0.770
1 16 13 0.9325 0.1240 0 0 21.827 61.373 -3.096
1 17 17 0.8220 -0.606 0 0 25.259 62.641 -4.054
1 18 0 0.7361 -0.301 0 0 26.113 63.714 -0.524
1 19 12 0.8895 0.6705 0 0 25.255 60.226 0.808
1 20 18 0.8711 0.3159 0 0 27.295 58.497 -1.886
1 21 11 0.6257 -0.475 0 0 30.376 60.729 -1.510
1 22 6 0.5889 -0.432 0 0 30.188 60.332 2.271
1 23 12 0.6932 0.5618 0 0 30.136 56.569 1.950
1 24 11 0.5153 0.2971 0 0 32.952 56.411 -0.629
1 25 6 0.2822 -0.027 0 0 35.255 59.310 0.362
1 26 2 0.2269 -0.217 0 0 34.353 59.957 4.033
1 27 10 0.1595 -0.217 0 0 33.568 63.672 3.739
1 28 15 0.2944 0.1749 0 0 30.561 65.979 3.196
1 29 22 0.2331 0.6453 0 0 30.000 68.006 0.031
0 30 3 0 0 0 0 30.000 68.006 0.031
0 31 7 0 0 0 0 30.000 68.006 0.031
0 32 20 0 0 0 0 30.000 68.006 0.031
1 33 3 0.1472 -0.647 0 0 26.711 69.191 -9.865
1 34 16 0.3742 -0.557 0 0 23.077 68.008 -9.625
1 35 18 0.2208 -0.978 0 0 22.827 67.211 -13.386
1 36 11 0.2760 -0.463 0 0 25.673 64.742 -14.109
1 37 7 0.4846 0.3393 0 0 24.940 61.034 -13.634
1 38 3 0.4907 -0.712 0 0 27.818 58.692 -12.776
1 39 17 0.5521 -0.556 0 0 28.988 55.603 -10.952
1 40 20 0.5276 0.2794 0 0 31.512 55.275 -8.082
1 41 1 0.3926 -0.450 0 0 33.300 52.142 -6.872
1 42 13 0.3190 0.0699 0 0 34.981 51.060 -3.609
1 43 6 0.1165 -0.948 0 0 36.302 47.871 -2.059
1 44 22 0.1533 0.9845 0 0 34.884 47.333 1.434
1 45 22 0.0674 -0.981 0 0 34.320 44.571 4.014
1 46 11 0.1901 0.9540 0 0 30.672 43.952 4.995
1 47 3 0.0368 0.6534 0 0 30.003 41.298 7.650
1 48 9 0.0122 0.0000 0 0 33.409 39.848 6.927
1 49 7 0.0306 0.4980 0 0 32.890 39.698 3.145
1 50 18 0.0245 -0.702 0 0 35.401 41.726 1.164
1 51 5 0.1104 0.7829 0 0 33.396 42.977 -1.829
1 52 12 0.2576 -0.316 0 0 33.090 45.783 -4.433
1 53 12 0.5582 0.4570 0 0 30.249 48.350 -4.425
1 54 3 0.6012 -0.501 0 0 29.393 49.863 -7.787
1 55 11 0.8404 0.4620 0 0 27.113 52.818 -7.070
1 56 12 0.8343 -0.410 0 0 25.128 54.728 -9.645
1 57 3 0.8650 -0.171 0 0 24.188 58.225 -8.545
1 58 18 0.8282 0.5554 0 0 21.142 59.263 -10.575
1 59 0 0.6441 -0.323 0 0 20.497 62.887 -11.576
1 60 9 0.3312 0.0000 0 0 19.742 64.913 -14.660
1 61 6 0.2883 -0.178 0 0 15.978 65.538 -14.550
1 62 7 0.4171 -0.629 0 0 13.229 64.407 -12.144
1 63 7 0.4723 0.6682 0 0 12.745 60.909 -13.627
1 64 20 0.2638 -0.563 0 0 10.742 58.759 -16.085
1 65 17 0.1042 0.2651 0 0 12.917 59.174 -19.091
1 66 0 0.0490 -0.967 0 0 13.938 56.016 -20.950
1 67 14 0.0858 -0.333 0 0 17.508 57.378 -20.619
1 68 1 0.4049 0.6499 0 0 17.305 57.029 -16.852
1 69 3 0.3680 -0.153 0 0 15.958 53.511 -17.245
1 70 6 0.1656 -0.819 0 0 18.920 52.692 -19.523
1 71 20 0.4417 -0.258 0 0 21.141 53.633 -16.589
1 72 14 0.6625 0.4310 0 0 18.875 52.091 -13.792
1 73 1 0.4294 -0.810 0 0 18.324 48.672 -15.489
1 74 18 0.4233 -0.174 0 0 21.801 47.399 -14.573
1 75 9 0.7116 0.0000 0 0 21.261 48.015 -10.848
1 76 7 0.6748 -0.582 0 0 20.750 45.131 -8.420
1 77 9 0.8834 0.0000 0 0 19.473 47.130 -5.458
1 78 15 0.9693 -0.711 0 0 18.013 50.591 -4.978
1 79 12 0.9938 0.6001 0 0 18.496 53.199 -2.267
1 80 5 0.9815 -0.666 0 0 15.265 55.263 -2.364
1 81 22 0.9754 0.3860 0 0 16.072 58.590 -0.702
1 82 15 0.8773 -0.312 0 0 13.857 61.474 0.357
1 83 0 0.7239 -0.421 0 0 14.672 64.429 2.585
1 84 11 0.5092 -0.073 0 0 12.868 64.620 5.967
1 85 2 0.2699 0.1280 0 0 12.161 68.360 5.483
1 86 2 0.3496 0.3617 0 0 10.775 67.928 1.927
1 87 18 0.2453 -0.859 0 0 7.273 66.419 1.876
1 88 13 0.3006 -0.184 0 0 7.142 66.307 -1.918
1 89 17 0.6073 0.3617 0 0 10.294 64.167 -2.066
1 90 15 0.6134 -0.261 0 0 8.601 61.708 0.320
1 91 7 0.3865 -0.867 0 0 5.373 61.584 -1.720
1 92 3 0.5460 -0.126 0 0 7.584 60.844 -4.769
1 93 11 0.7791 0.6851 0 0 8.849 57.583 -3.285
1 94 10 0.5214 -0.570 0 0 5.694 55.870 -4.553
1 95 6 0.4969 -0.544 0 0 6.524 56.746 -8.112
1 96 20 0.7852 0.3816 0 0 10.228 55.883 -7.816
1 97 1 0.7423 -0.416 0 0 9.290 52.436 -6.407
1 98 7 0.4539 -0.542 0 0 6.833 51.870 -9.309
1 99 6 0.5030 0.1518 0 0 9.493 52.891 -11.880
1 100 11 0.6809 0.9762 0 0 12.042 50.487 -10.338
1 101 13 0.4478 -0.177 0 0 9.620 47.541 -10.370
1 102 1 0.2024 -0.163 0 0 8.839 48.236 -14.043
1 103 22 0.3251 0.8064 0 0 12.477 48.567 -15.180
1 104 13 0.3435 0.6579 0 0 13.582 45.407 -13.329
1 105 3 0.0797 -0.988 0 0 10.375 43.628 -14.449
1 106 17 0.1226 0.4374 0 0 9.929 42.297 -10.901
1 107 3 0.1349 -0.816 0 0 7.598 42.703 -7.910
1 108 3 0.3374 -0.204 0 0 10.396 42.108 -5.358
1 109 22 0.5950 0.3421 0 0 13.487 44.229 -6.080
1 110 16 0.7668 -0.528 0 0 16.059 44.791 -3.255
1 111 14 0.9079 0.0140 0 0 15.374 48.253 -1.850
1 112 22 0.9447 0.0196 0 0 15.774 50.408 1.225
1 113 12 0.9386 -0.687 0 0 13.983 53.626 2.091
1 114 22 0.9570 0.7268 0 0 16.291 56.424 3.192
1 115 9 0.8588 0.0000 0 0 15.191 59.587 5.011
1 116 2 0.8466 0.2756 0 0 18.115 61.962 4.551
1 117 13 0.5644 0.0752 0 0 19.064 65.320 6.183
1 118 17 0.4601 0.2725 0 0 18.521 63.948 9.695
1 119 3 0.1717 0.3361 0 0 20.734 66.728 11.090
1 120 12 0.0920 0.2961 0 0 18.178 69.412 10.073
1 121 0 0.0184 -0.927 0 0 15.390 70.276 12.530
1 122 0 0.0061 -0.520 0 0 11.743 71.259 11.967
1 123 1 0.0613 0.4936 0 0 11.195 68.042 10.014
1 124 18 0.0552 0.1047 0 0 8.123 67.890 7.777
1 125 22 0.1963 0.8616 0 0 7.953 64.037 7.606
1 126 7 0.0981 -0.939 0 0 7.719 62.232 10.909
1 127 17 0.2515 0.1165 0 0 9.737 59.135 11.400
1 128 1 0.0736 -0.716 0 0 6.721 57.023 12.269
1 129 6 0.1288 -0.164 0 0 5.073 57.724 8.948
1 130 0 0.4785 0.5817 0 0 8.209 56.864 6.969
1 131 6 0.3803 -0.521 0 0 8.694 53.663 9.066
1 132 3 0.1779 -0.876 0 0 5.066 52.794 8.183
1 133 12 0.3987 0.5626 0 0 5.653 53.325 4.419
1 134 0 0.5828 0.4757 0 0 8.695 51.020 4.481
1 135 1 0.3067 -0.581 0 0 6.725 48.422 6.469
1 136 17 0.1411 0.0764 0 0 3.740 48.606 4.071
1 137 20 0.4110 0.5719 0 0 6.333 47.998 1.282
1 138 9 0.3619 0.0000 0 0 8.076 45.184 3.210
1 139 11 0.6503 0.7405 0 0 11.473 46.924 3.149
1 140 16 0.7177 0.2019 0 0 13.805 48.485 5.691
1 141 20 0.7914 -0.101 0 0 13.816 52.163 6.668
1 142 11 0.8159 0.1288 0 0 17.061 53.918 7.652
1 143 7 0.7484 -0.745 0 0 17.421 57.561 8.685
1 144 18 0.7730 0.9813 0 0 20.662 59.341 7.735
1 145 17 0.6319 -0.969 0 0 22.751 62.530 7.380
1 146 0 0.6687 0.3935 0 0 25.256 62.992 4.626
1 147 13 0.3558 -0.815 0 0 26.492 65.859 6.938
1 148 18 0.2085 -0.120 0 0 27.237 64.018 10.208
1 149 1 0.4662 0.0483 0 0 27.589 60.545 8.560
1 150 6 0.4355 -0.725 0 0 25.058 59.099 11.041
1 151 9 0.6564 0.0000 0 0 23.245 56.130 9.509
1 152 22 0.8098 -0.021 0 0 25.121 56.291 6.191
1 153 7 0.6993 -0.890 0 0 26.956 52.968 6.394
1 154 3 0.7055 -0.806 0 0 23.792 51.389 7.872
1 155 0 0.9141 0.6283 0 0 21.747 52.490 4.868
1 156 15 0.9202 0.4939 0 0 24.122 51.196 2.146
1 157 20 0.7546 -0.548 0 0 25.292 48.059 3.949
1 158 18 0.7975 0.0819 0 0 21.633 47.269 4.642
1 159 12 0.8957 0.7697 0 0 20.966 47.464 0.924
1 160 22 0.7300 -0.360 0 0 23.729 44.890 0.307
1 161 1 0.5337 -0.088 0 0 22.084 42.616 2.928
1 162 7 0.6380 0.2244 0 0 18.793 42.927 0.974
1 163 11 0.5705 0.5243 0 0 20.586 42.037 -2.265
1 164 1 0.3128 0.0731 0 0 22.117 39.015 -0.566
1 165 6 0.1840 0.1090 0 0 18.695 37.818 0.683
1 166 10 0.2147 0.7085 0 0 16.850 38.129 -2.664
