1 1 14 0.0 0.1779 0 0 35.357 39.702 -6.755
1 2 18 0.0421 0.0238 0 0 31.723 39.771 -5.601
1 3 7 0.2349 -0.341 0 0 30.131 42.970 -6.985
1 4 20 0.5361 -0.268 0 0 26.934 44.732 -5.844
1 5 13 0.6686 -0.087 0 0 25.201 47.035 -8.349
1 6 12 0.9036 0.1157 0 0 23.485 49.788 -6.395
1 7 22 0.9518 -0.633 0 0 21.384 52.742 -7.646
1 8 22 0.9879 0.2591 0 0 20.490 55.934 -5.619
1 9 22 0.9698 -0.128 0 0 17.104 57.327 -6.574
1 10 9 0.9277 0.0000 0 0 14.723 59.959 -5.337
1 11 0 0.7891 -0.505 0 0 13.763 63.587 -5.827
1 12 9 0.6385 0.0000 0 0 16.046 66.410 -6.721
1 13 9 0.6265 0.0000 0 0 18.072 67.686 -3.733
1 14 22 0.8192 0.5302 0 0 17.299 64.998 -1.139
1 15 9 0.8554 0.0000 0 0 21.034 64.264 -0.708
1 16 13 0.9457 0.0653 0 0 21.664 61.362 -3.167
1 17 17 0.8433 -0.602 0 0 25.109 62.548 -4.184
1 18 0 0.7650 -0.232 0 0 25.973 63.924 -0.799
1 19 12 0.8975 0.6390 0 0 25.201 60.432 0.616
1 20 18 0.8795 0.3266 0 0 27.208 58.487 -1.918
1 21 11 0.6506 -0.441 0 0 30.268 60.737 -1.648
1 22 6 0.6024 -0.404 0 0 30.164 60.493 2.096
1 23 12 0.7168 0.5344 0 0 30.121 56.714 1.899
1 24 11 0.5240 0.3702 0 0 32.812 56.435 -0.785
1 25 6 0.3072 0.0102 0 0 35.134 59.452 -0.057
1 26 2 0.2771 -0.222 0 0 34.356 60.096 3.606
1 27 10 0.2108 -0.199 0 0 33.548 63.829 3.440
1 28 15 0.3373 0.1464 0 0 30.420 66.054 3.238
1 29 22 0.2831 0.4895 0 0 29.889 68.148 0.149
1 30 3 0.1144 -0.584 0 0 28.252 71.491 0.809
1 31 7 0.0783 0.2500 0 0 27.603 72.649 -2.766
1 32 5 0.1084 -0.336 0 0 25.096 72.825 -5.660
1 33 3 0.1867 -0.097 0 0 26.166 70.319 -8.293
1 34 16 0.3253 -0.876 0 0 23.241 68.912 -10.270
1 35 18 0.4698 0.9186 0 0 23.819 65.380 -11.393
1 36 11 0.3554 -0.996 0 0 23.360 63.980 -14.855
1 37 7 0.4819 0.2503 0 0 24.744 60.541 -14.024
1 38 3 0.5120 -0.314 0 0 27.824 59.548 -12.046
1 39 17 0.5542 -0.621 0 0 29.140 56.247 -10.838
1 40 20 0.5421 0.3441 0 0 31.386 55.395 -7.930
1 41 1 0.4096 -0.454 0 0 33.195 52.144 -7.215
1 42 13 0.3313 -0.056 0 0 34.940 51.139 -3.994
1 43 6 0.1385 -0.949 0 0 36.150 47.975 -2.470
1 44 22 0.1746 0.9788 0 0 34.831 47.556 1.096
1 45 22 0.0903 -0.948 0 0 34.259 44.934 3.808
1 46 11 0.1987 0.9351 0 0 30.703 43.893 4.741
1 47 3 0.0481 0.6522 0 0 30.163 41.166 7.379
1 48 9 0.0060 0.0000 0 0 33.530 39.599 6.519
1 49 7 0.0180 0.4982 0 0 32.843 39.461 2.804
1 50 18 0.0240 -0.752 0 0 35.287 41.404 0.706
1 51 5 0.1024 0.7337 0 0 33.298 42.800 -2.199
1 52 12 0.2590 -0.704 0 0 32.981 45.765 -4.622
1 53 12 0.5602 0.4919 0 0 30.215 48.364 -4.541
1 54 3 0.5843 -0.443 0 0 29.264 49.662 -8.016
1 55 11 0.8253 0.4686 0 0 27.044 52.714 -7.350
1 56 12 0.8373 -0.527 0 0 24.968 54.808 -9.695
1 57 3 0.8734 -0.194 0 0 23.997 58.353 -8.637
1 58 18 0.8313 0.5488 0 0 20.859 59.446 -10.606
1 59 0 0.6807 -0.950 0 0 18.911 62.679 -11.329
1 60 9 0.7048 0.0000 0 0 15.567 63.393 -9.691
1 61 6 0.5180 -0.116 0 0 12.843 62.383 -12.148
1 62 7 0.2289 -0.479 0 0 11.869 65.627 -13.722
1 63 7 0.2048 -0.936 0 0 10.387 62.597 -15.327
1 64 20 0.2469 -0.187 0 0 10.650 58.979 -16.454
1 65 17 0.0722 0.1049 0 0 12.422 58.505 -19.769
1 66 0 0.0361 -0.977 0 0 13.886 55.687 -21.846
1 67 14 0.0602 -0.346 0 0 17.354 57.243 -21.293
1 68 1 0.3795 0.6602 0 0 16.870 57.100 -17.524
1 69 3 0.3132 -0.510 0 0 15.558 53.598 -17.979
1 70 6 0.1566 -0.855 0 0 18.756 52.702 -19.875
1 71 20 0.4337 -0.122 0 0 20.936 53.773 -16.902
1 72 14 0.6325 0.5555 0 0 18.878 52.234 -14.125
1 73 1 0.4277 -0.870 0 0 17.883 48.910 -15.640
1 74 18 0.4156 -0.319 0 0 21.179 47.239 -14.789
1 75 9 0.6987 0.0000 0 0 20.923 48.026 -11.061
1 76 7 0.6626 -0.580 0 0 20.593 45.166 -8.594
1 77 9 0.8674 0.0000 0 0 19.467 47.146 -5.474
1 78 15 0.9638 -0.704 0 0 17.975 50.635 -5.008
1 79 12 0.9939 0.5688 0 0 18.503 53.115 -2.254
1 80 5 0.9819 -0.732 0 0 15.270 55.121 -2.289
1 81 22 0.9759 0.4298 0 0 16.097 58.476 -0.707
1 82 15 0.8915 -0.396 0 0 13.883 61.289 0.575
1 83 0 0.7469 -0.375 0 0 14.591 64.183 2.938
1 84 11 0.5060 -0.065 0 0 12.741 64.473 6.270
1 85 2 0.2951 0.1304 0 0 12.151 68.225 5.829
1 86 2 0.3734 0.2997 0 0 10.481 67.935 2.430
1 87 18 0.2710 -0.870 0 0 7.118 66.328 2.242
1 88 13 0.3433 -0.201 0 0 7.031 66.264 -1.609
1 89 17 0.6204 0.3633 0 0 10.211 64.100 -1.741
1 90 15 0.5963 -0.296 0 0 8.401 61.687 0.682
1 91 7 0.3915 -0.860 0 0 5.171 61.619 -1.405
1 92 3 0.5722 -0.182 0 0 7.473 60.818 -4.448
1 93 11 0.8012 0.6884 0 0 8.911 57.549 -3.058
1 94 10 0.5301 -0.595 0 0 5.707 55.787 -4.273
1 95 6 0.4939 -0.500 0 0 6.540 56.818 -7.845
1 96 20 0.7771 0.4466 0 0 10.115 55.585 -7.761
1 97 1 0.7409 -0.531 0 0 9.207 52.387 -6.027
1 98 7 0.4578 -0.814 0 0 6.708 51.919 -8.834
1 99 6 0.4879 -0.019 0 0 9.113 53.069 -11.545
1 100 11 0.6746 0.9689 0 0 11.834 50.750 -10.247
1 101 13 0.4457 -0.118 0 0 9.487 47.770 -10.286
1 102 1 0.2228 -0.382 0 0 8.479 48.608 -13.877
1 103 22 0.3674 0.6644 0 0 12.091 49.242 -15.018
1 104 13 0.3493 0.6509 0 0 13.254 45.900 -13.571
1 105 3 0.0963 -0.864 0 0 9.993 44.215 -14.536
1 106 17 0.1445 0.4841 0 0 9.848 42.508 -11.140
1 107 3 0.1325 -0.918 0 0 7.497 42.232 -8.157
1 108 3 0.3192 -0.124 0 0 10.472 41.886 -5.777
1 109 22 0.5662 0.3670 0 0 13.393 44.234 -6.164
1 110 16 0.7530 -0.533 0 0 16.061 44.722 -3.367
1 111 14 0.9096 -0.053 0 0 15.333 48.108 -1.879
1 112 22 0.9337 0.0264 0 0 15.694 50.229 1.189
1 113 12 0.9397 -0.650 0 0 14.045 53.412 2.183
1 114 22 0.9578 0.6810 0 0 16.364 56.233 3.354
1 115 9 0.8614 0.0000 0 0 15.295 59.357 5.186
1 116 2 0.8493 0.2824 0 0 18.174 61.845 4.861
1 117 13 0.5903 0.1166 0 0 19.154 65.181 6.456
1 118 17 0.4397 0.4907 0 0 18.677 63.938 10.049
1 119 3 0.1927 0.3741 0 0 20.996 66.665 11.374
1 120 12 0.1265 0.3535 0 0 18.256 69.192 10.412
1 121 0 0.0301 -0.937 0 0 15.597 70.048 12.884
1 122 0 0.0120 -0.606 0 0 11.913 70.840 12.608
1 123 1 0.0662 0.5063 0 0 11.138 67.865 10.346
1 124 18 0.0542 0.1616 0 0 8.075 67.748 8.175
1 125 22 0.2409 0.8336 0 0 8.010 63.826 7.917
1 126 7 0.1204 -0.909 0 0 7.784 61.861 11.216
1 127 17 0.2650 0.0607 0 0 9.719 58.611 11.584
1 128 1 0.0843 -0.751 0 0 6.472 56.764 12.324
1 129 6 0.1506 -0.255 0 0 4.789 57.454 8.994
1 130 0 0.4759 0.5826 0 0 7.984 56.765 7.038
1 131 6 0.4036 -0.610 0 0 8.791 53.624 9.075
1 132 3 0.1807 -0.907 0 0 5.205 52.567 8.498
1 133 12 0.4216 0.5571 0 0 5.721 53.222 4.728
1 134 0 0.5783 0.4507 0 0 8.773 50.880 4.579
1 135 1 0.3012 -0.911 0 0 6.780 48.212 6.472
1 136 17 0.1626 0.1754 0 0 3.760 48.538 4.094
1 137 20 0.3975 0.5725 0 0 6.236 47.821 1.209
1 138 9 0.3614 0.0000 0 0 8.029 45.101 3.317
1 139 11 0.6144 0.7595 0 0 11.431 46.707 3.122
1 140 16 0.6927 0.1693 0 0 13.796 48.178 5.683
1 141 20 0.7831 -0.066 0 0 14.063 51.779 6.736
1 142 11 0.8132 0.1296 0 0 17.176 53.727 7.701
1 143 7 0.7590 -0.709 0 0 17.488 57.326 8.727
1 144 18 0.7951 0.9559 0 0 20.679 59.160 7.759
1 145 17 0.6445 -0.966 0 0 22.719 62.372 7.545
1 146 0 0.6867 0.4324 0 0 25.237 62.938 4.794
1 147 13 0.3855 -0.802 0 0 26.596 65.781 6.990
1 148 18 0.2530 -0.110 0 0 27.323 63.858 10.237
1 149 1 0.4638 0.0520 0 0 27.707 60.329 8.694
1 150 6 0.4518 0.2682 0 0 24.937 59.051 11.067
1 151 9 0.6566 0.0000 0 0 23.274 55.977 9.501
1 152 22 0.8072 0.0034 0 0 25.158 56.149 6.143
1 153 7 0.7108 -0.910 0 0 26.967 52.786 6.376
1 154 3 0.7228 -0.775 0 0 23.859 51.239 7.860
1 155 0 0.9156 0.6545 0 0 21.762 52.396 4.887
1 156 15 0.9216 0.5176 0 0 24.093 51.192 2.103
1 157 20 0.7349 -0.533 0 0 25.426 47.971 3.705
1 158 18 0.7710 0.0723 0 0 21.817 47.127 4.537
1 159 12 0.8855 0.7638 0 0 20.798 47.358 0.873
1 160 22 0.7289 -0.357 0 0 23.600 44.861 0.187
1 161 1 0.5 -0.039 0 0 21.970 42.471 2.683
1 162 7 0.6084 0.2183 0 0 18.671 42.848 0.805
1 163 11 0.5481 0.5855 0 0 20.584 42.016 -2.409
1 164 1 0.2891 0.0921 0 0 22.271 38.945 -0.803
1 165 6 0.1686 0.1531 0 0 18.810 37.724 0.399
1 166 10 0.2168 0.7087 0 0 16.964 38.064 -2.946
