0 1 9 0 0 0 0 0 0 0
0 2 16 0 0 0 0 0 0 0
0 3 12 0 0 0 0 0 0 0
0 4 9 0 0 0 0 0 0 0
0 5 17 0 0 0 0 0 0 0
0 6 3 0 0 0 0 0 0 0
1 7 14 0.0120 0.1688 0 0 -7.503 -19.885 -17.360
1 8 18 0.0903 0.3709 0 0 -5.819 -19.970 -13.960
1 9 7 0.2951 -0.399 0 0 -6.378 -17.723 -10.938
1 10 20 0.5602 -0.263 0 0 -3.230 -16.163 -9.483
1 11 13 0.7228 -0.491 0 0 -3.781 -14.588 -6.063
1 12 12 0.9096 0.1552 0 0 -1.166 -11.825 -6.104
1 13 22 0.9457 -0.728 0 0 -0.810 -10.561 -2.537
1 14 22 0.9879 0.3765 0 0 0.855 -7.148 -2.592
1 15 22 0.9698 0.0192 0 0 2.599 -5.693 0.456
1 16 9 0.9277 0.6098 0 0 3.878 -2.265 1.440
1 17 0 0.7771 -0.156 0 0 4.847 0.003 4.325
1 18 9 0.6807 0.7121 0 0 2.149 2.450 3.259
1 19 9 0.6385 -0.447 0 0 3.564 4.904 0.749
1 20 22 0.8253 0.5027 0 0 6.055 2.601 -0.959
1 21 9 0.8734 -0.725 0 0 3.804 2.314 -4.000
1 22 13 0.9638 0.0027 0 0 2.040 -0.949 -3.175
1 23 17 0.8674 -0.527 0 0 -1.403 0.439 -3.992
1 24 0 0.8192 -0.173 0 0 0.095 2.503 -6.819
1 25 12 0.9156 0.6607 0 0 1.342 -0.597 -8.638
1 26 18 0.8915 0.2074 0 0 -2.002 -2.365 -8.233
1 27 11 0.6927 -0.479 0 0 -4.188 0.525 -9.396
1 28 6 0.6686 -0.166 0 0 -1.827 0.845 -12.362
1 29 12 0.7530 0.4787 0 0 -1.915 -2.848 -13.270
1 30 11 0.5481 0.3393 0 0 -5.715 -2.647 -13.004
1 31 6 0.3433 -0.073 0 0 -7.107 0.811 -13.778
1 32 2 0.4036 -0.230 0 0 -3.792 2.122 -15.125
1 33 10 0.2831 -0.079 0 0 -3.588 5.597 -13.588
1 34 15 0.3253 0.0223 0 0 -2.235 7.694 -10.719
1 35 22 0.3192 0.8859 0 0 -4.364 7.605 -7.572
1 36 3 0.0421 -0.722 0 0 -5.741 11.124 -7.225
1 37 7 0.0240 -0.730 0 0 -8.894 10.400 -5.210
1 38 20 0.1204 0.9319 0 0 -9.254 6.618 -4.944
1 39 3 0.1265 -0.258 0 0 -10.517 4.805 -1.853
1 40 16 0.2168 -0.995 0 0 -7.927 4.861 0.989
1 41 17 0.4638 0.1961 0 0 -7.118 1.148 1.168
1 42 11 0.3493 -0.223 0 0 -9.922 -1.415 1.001
1 43 7 0.3734 -0.507 0 0 -10.729 -5.106 0.563
1 44 3 0.3313 -0.693 0 0 -12.108 -4.366 -2.911
1 45 17 0.5361 0.0620 0 0 -9.340 -6.421 -4.521
1 46 20 0.5240 0.1241 0 0 -8.978 -6.473 -8.308
1 47 1 0.4939 -0.893 0 0 -8.313 -9.172 -10.906
1 48 13 0.4277 0.1042 0 0 -6.994 -8.638 -14.432
1 49 6 0.2289 -0.969 0 0 -6.734 -11.192 -17.237
1 50 22 0.2530 0.9712 0 0 -3.394 -11.367 -19.049
1 51 22 0.1144 -0.827 0 0 -1.184 -13.776 -20.992
1 52 11 0.2409 0.9067 0 0 2.072 -14.931 -19.395
1 53 3 0.0481 0.0251 0 0 4.378 -15.923 -22.255
1 54 9 0.0 0.4007 0 0 1.414 -16.965 -24.376
1 55 7 0.0301 0.1672 0 0 -0.461 -18.388 -21.392
1 56 18 0.0361 -0.682 0 0 -3.783 -16.644 -20.771
1 57 5 0.1385 0.1982 0 0 -4.398 -16.581 -17.017
1 58 12 0.3373 -0.544 0 0 -6.208 -14.462 -14.429
1 59 12 0.6084 0.3052 0 0 -4.287 -12.207 -12.039
1 60 3 0.6626 -0.844 0 0 -6.146 -11.464 -8.806
1 61 11 0.8614 0.4358 0 0 -4.066 -8.703 -7.218
1 62 12 0.8313 -0.257 0 0 -5.154 -8.194 -3.609
1 63 3 0.8493 -0.552 0 0 -4.553 -4.696 -2.237
1 64 18 0.7891 0.4510 0 0 -4.396 -4.705 1.563
1 65 0 0.6024 -0.902 0 0 -4.059 -1.783 3.973
1 66 9 0.6265 0.1261 0 0 -0.862 -0.006 4.920
1 67 6 0.4578 0.2664 0 0 -0.170 -1.154 8.474
1 68 7 0.1867 -0.088 0 0 -3.533 -0.168 9.960
1 69 7 0.0722 -0.802 0 0 -3.820 -2.810 12.676
1 70 20 0.1325 -0.223 0 0 -5.272 -5.866 10.938
1 71 17 0.2048 -0.545 0 0 -2.716 -8.671 11.231
1 72 0 0.0602 -0.791 0 0 -5.644 -10.996 11.946
1 73 14 0.1987 -0.592 0 0 -6.773 -10.682 8.327
1 74 1 0.4698 0.4395 0 0 -3.191 -10.878 7.051
1 75 3 0.2891 -0.698 0 0 -3.294 -14.585 7.898
1 76 6 0.2349 -0.597 0 0 -6.463 -15.034 5.841
1 77 20 0.5180 -0.054 0 0 -5.003 -13.400 2.729
1 78 14 0.6204 0.3896 0 0 -1.406 -14.618 3.017
1 79 1 0.3614 -0.917 0 0 -2.692 -18.160 3.520
1 80 18 0.4096 -0.406 0 0 -4.794 -17.678 0.382
1 81 9 0.6987 -0.121 0 0 -2.106 -15.873 -1.599
1 82 7 0.6506 -0.649 0 0 -0.238 -17.792 -4.289
1 83 9 0.8554 -0.594 0 0 2.591 -15.269 -4.093
1 84 15 0.9578 -0.769 0 0 3.827 -12.042 -2.515
1 85 12 0.9939 0.5002 0 0 5.288 -8.864 -4.017
1 86 5 0.9819 -0.880 0 0 7.598 -6.637 -1.975
1 87 22 0.9759 0.4614 0 0 7.262 -2.985 -2.978
1 88 15 0.8795 -0.517 0 0 10.030 -0.635 -1.852
1 89 0 0.7168 -0.210 0 0 10.919 2.958 -2.725
1 90 11 0.4879 -0.080 0 0 14.476 3.588 -3.908
1 91 2 0.2771 -0.008 0 0 14.125 7.104 -2.498
1 92 2 0.3855 0.3266 0 0 12.578 5.933 0.776
1 93 18 0.3012 -0.844 0 0 14.955 3.897 2.939
1 94 13 0.3674 -0.208 0 0 12.082 3.214 5.341
1 95 17 0.6746 0.2544 0 0 10.530 0.848 2.801
1 96 15 0.5843 -0.386 0 0 13.748 -1.162 2.534
1 97 7 0.4156 -0.802 0 0 13.415 -1.611 6.300
1 98 3 0.5903 0.3056 0 0 9.827 -2.882 6.438
1 99 11 0.8132 0.7514 0 0 10.342 -4.848 3.228
1 100 10 0.5783 -0.961 0 0 12.855 -6.966 5.153
1 101 6 0.4819 0.1264 0 0 10.634 -7.874 8.106
1 102 20 0.7590 0.4736 0 0 7.694 -8.190 5.709
1 103 1 0.7409 -0.260 0 0 9.252 -11.282 4.129
1 104 7 0.4457 -0.506 0 0 9.605 -12.892 7.560
1 105 6 0.5060 0.0768 0 0 5.825 -12.653 7.925
1 106 11 0.6144 0.9326 0 0 5.349 -14.747 4.784
1 107 13 0.3975 -0.075 0 0 7.713 -17.521 5.878
1 108 1 0.1506 -0.371 0 0 5.605 -17.778 9.036
1 109 22 0.2590 0.6297 0 0 2.182 -18.136 7.413
1 110 13 0.3072 0.8002 0 0 3.382 -20.251 4.491
1 111 3 0.0662 -0.864 0 0 5.471 -22.145 7.049
1 112 17 0.1024 -0.320 0 0 8.443 -22.396 4.690
1 113 3 0.1807 -0.439 0 0 11.361 -20.313 3.433
1 114 3 0.2650 -0.951 0 0 10.629 -21.371 -0.145
1 115 22 0.5301 0.2818 0 0 7.884 -18.977 -1.221
1 116 16 0.7289 -0.440 0 0 7.073 -17.453 -4.648
1 117 14 0.8975 -0.190 0 0 7.641 -13.704 -4.363
1 118 22 0.9397 -0.077 0 0 9.322 -10.758 -6.071
1 119 12 0.9337 -0.546 0 0 11.007 -7.535 -4.966
1 120 22 0.9518 0.5419 0 0 10.122 -4.446 -6.997
1 121 9 0.8433 0.1033 0 0 11.647 -0.986 -6.704
1 122 2 0.8373 0.5094 0 0 8.884 1.563 -7.250
1 123 13 0.5722 -0.027 0 0 9.568 5.288 -7.600
1 124 5 0.4518 0.3623 0 0 12.372 4.707 -10.106
1 125 3 0.1686 0.3193 0 0 11.707 8.080 -11.755
1 126 12 0.0963 0.3866 0 0 12.387 10.436 -8.838
1 127 0 0.0060 -0.709 0 0 15.665 12.369 -8.791
1 128 0 0.0180 -0.249 0 0 16.525 11.647 -5.156
1 129 1 0.0843 -0.012 0 0 17.232 7.943 -4.637
1 130 18 0.0542 0.1399 0 0 18.749 6.769 -1.351
1 131 22 0.1927 0.7344 0 0 18.839 2.987 -1.731
1 132 7 0.1084 -0.816 0 0 21.031 2.044 -4.696
1 133 17 0.2469 -0.433 0 0 20.364 -1.061 -6.795
1 134 1 0.0783 -0.652 0 0 23.231 -2.710 -4.910
1 135 6 0.1626 -0.333 0 0 21.336 -2.756 -1.611
1 136 0 0.5 0.2772 0 0 18.085 -3.781 -3.300
1 137 6 0.3915 -0.424 0 0 19.977 -6.649 -4.929
1 138 3 0.2108 -0.609 0 0 21.332 -7.860 -1.584
1 139 12 0.4759 0.3079 0 0 17.831 -8.779 -0.428
1 140 0 0.5662 0.4132 0 0 16.794 -10.274 -3.765
1 141 1 0.2710 -0.920 0 0 20.094 -12.159 -3.917
1 142 17 0.1746 -0.104 0 0 19.930 -13.231 -0.271
1 143 20 0.4337 0.4674 0 0 16.282 -14.259 -0.554
1 144 9 0.3795 -0.479 0 0 16.827 -15.863 -3.952
1 145 11 0.6445 0.6859 0 0 14.112 -13.735 -5.537
1 146 16 0.6867 0.3666 0 0 14.164 -11.538 -8.682
1 147 20 0.7469 -0.148 0 0 14.594 -7.764 -8.519
1 148 11 0.8012 0.3892 0 0 12.715 -5.424 -10.851
1 149 7 0.7349 -0.702 0 0 12.489 -1.627 -11.013
1 150 18 0.7710 0.7952 0 0 9.318 0.293 -11.866
1 151 17 0.6325 -0.898 0 0 7.614 3.655 -11.350
1 152 0 0.6566 0.6383 0 0 3.942 4.368 -10.659
1 153 13 0.3554 -0.694 0 0 4.430 7.986 -11.741
1 154 18 0.2228 -0.240 0 0 6.130 7.471 -15.107
1 155 1 0.4397 -0.133 0 0 4.818 3.912 -15.459
1 156 6 0.4216 -0.537 0 0 8.033 2.151 -16.477
1 157 9 0.5542 -0.993 0 0 8.146 -1.640 -16.581
1 158 22 0.7951 -0.142 0 0 5.195 -1.636 -14.190
1 159 7 0.7650 -0.801 0 0 3.670 -4.823 -15.600
1 160 3 0.7108 -0.745 0 0 7.187 -6.247 -15.904
1 161 0 0.9036 0.3851 0 0 7.319 -6.474 -12.109
1 162 15 0.9216 0.4780 0 0 3.918 -8.148 -11.786
1 163 20 0.7831 -0.542 0 0 4.585 -10.652 -14.573
1 164 18 0.8072 0.1766 0 0 7.756 -11.750 -12.774
1 165 12 0.8855 0.7331 0 0 5.576 -12.892 -9.874
1 166 22 0.7048 -0.247 0 0 3.699 -15.307 -12.131
1 167 1 0.5120 -0.591 0 0 7.059 -16.804 -13.099
1 168 7 0.5963 0.5569 0 0 8.108 -17.495 -9.506
1 169 11 0.5421 0.5950 0 0 4.789 -19.179 -8.744
1 170 1 0.3132 -0.395 0 0 4.774 -21.337 -11.878
1 171 6 0.1566 0.3979 0 0 8.290 -22.473 -10.962
1 172 10 0.1445 0.1689 0 0 6.903 -23.795 -7.675
