0 1 9 0 0 0 0 0 0 0
0 2 16 0 0 0 0 0 0 0
0 3 12 0 0 0 0 0 0 0
0 4 9 0 0 0 0 0 0 0
0 5 17 0 0 0 0 0 0 0
0 6 3 0 0 0 0 0 0 0
1 7 14 0.0180 0.0426 0 0 -1.914 -2.375 21.351
1 8 18 0.1084 0.3800 0 0 -2.788 -4.517 18.331
1 9 7 0.2771 -0.399 0 0 -0.595 -5.861 15.526
1 10 20 0.5662 -0.226 0 0 -1.791 -4.383 12.230
1 11 13 0.7530 -0.602 0 0 -0.345 -6.206 9.222
1 12 12 0.9156 0.0606 0 0 -0.703 -3.758 6.332
1 13 22 0.9518 -0.683 0 0 0.034 -5.488 3.027
1 14 22 0.9879 0.1944 0 0 1.583 -2.859 0.759
1 15 22 0.9698 -0.170 0 0 1.005 -3.611 -2.925
1 16 9 0.9457 0.5782 0 0 1.587 -1.654 -6.120
1 17 0 0.8072 -0.157 0 0 3.593 -3.123 -8.992
1 18 9 0.7048 0.8452 0 0 7.300 -2.794 -8.271
1 19 9 0.5963 -0.045 0 0 8.184 0.712 -9.382
1 20 22 0.8132 0.6912 0 0 5.263 2.810 -8.174
1 21 9 0.8373 -0.512 0 0 6.966 3.996 -5.000
1 22 13 0.9578 -0.077 0 0 5.410 1.683 -2.420
1 23 17 0.8554 -0.583 0 0 8.767 1.197 -0.699
1 24 0 0.7771 -0.352 0 0 9.439 4.939 -0.671
1 25 12 0.8855 0.4052 0 0 5.976 5.729 0.690
1 26 18 0.9096 0.2605 0 0 6.404 3.014 3.323
1 27 11 0.6867 -0.531 0 0 9.634 4.327 4.854
1 28 6 0.6626 -0.151 0 0 7.930 7.728 5.013
1 29 12 0.7409 0.6056 0 0 5.397 6.515 7.573
1 30 11 0.5120 0.3913 0 0 8.300 4.852 9.390
1 31 6 0.3192 -0.155 0 0 11.234 7.270 9.501
1 32 2 0.3915 -0.013 0 0 9.759 9.964 7.238
1 33 10 0.2469 -0.174 0 0 12.892 9.968 5.084
1 34 15 0.2951 -0.052 0 0 13.733 9.187 1.458
1 35 22 0.3373 0.7036 0 0 15.132 5.693 0.898
1 36 3 0.0542 -0.750 0 0 18.875 6.339 0.794
1 37 7 0.0301 -0.836 0 0 20.329 3.332 2.621
1 38 20 0.0963 0.5735 0 0 18.617 0.060 3.541
1 39 3 0.0481 -0.377 0 0 19.273 -3.666 3.942
1 40 16 0.1265 -0.503 0 0 17.861 -5.507 0.882
1 41 17 0.0421 -0.977 0 0 17.792 -9.255 0.219
1 42 11 0.1445 -0.209 0 0 15.240 -9.531 3.031
1 43 7 0.4156 0.2592 0 0 11.722 -8.604 4.141
1 44 3 0.5240 -0.026 0 0 11.509 -4.813 3.925
1 45 17 0.6385 -0.420 0 0 8.917 -4.587 6.700
1 46 20 0.5602 0.0983 0 0 8.684 -1.912 9.394
1 47 1 0.4939 -0.815 0 0 6.386 -1.794 12.425
1 48 13 0.4277 0.0417 0 0 5.590 1.509 14.137
1 49 6 0.2048 -0.965 0 0 3.411 2.359 17.136
1 50 22 0.2349 0.9809 0 0 0.704 4.994 16.694
1 51 22 0.1204 -0.974 0 0 -2.689 6.135 17.976
1 52 11 0.2409 0.9995 0 0 -5.592 5.865 15.535
1 53 3 0.0783 0.3957 0 0 -9.286 6.168 16.391
1 54 9 0.0 0.4221 0 0 -8.287 6.902 19.976
1 55 7 0.0240 0.0211 0 0 -6.638 3.501 20.331
1 56 18 0.0361 -0.605 0 0 -2.868 3.024 20.473
1 57 5 0.1626 0.1325 0 0 -1.846 0.133 18.222
1 58 12 0.3313 -0.492 0 0 1.116 -1.224 16.273
1 59 12 0.5843 0.2501 0 0 1.457 -0.694 12.521
1 60 3 0.6566 -0.829 0 0 3.411 -3.594 11.023
1 61 11 0.8674 0.4671 0 0 4.007 -2.461 7.440
1 62 12 0.8433 -0.273 0 0 5.041 -5.386 5.237
1 63 3 0.8734 0.1407 0 0 6.737 -4.404 1.977
1 64 18 0.7891 0.3827 0 0 6.991 -7.408 -0.338
1 65 0 0.6084 -0.931 0 0 8.888 -7.578 -3.628
1 66 9 0.6927 0.6306 0 0 7.056 -6.181 -6.637
1 67 6 0.4036 -0.540 0 0 9.306 -8.211 -8.927
1 68 7 0.1385 -0.484 0 0 11.097 -11.571 -8.877
1 69 7 0.0602 -0.832 0 0 9.322 -14.917 -8.526
1 70 20 0.1566 -0.163 0 0 7.804 -15.459 -5.081
1 71 17 0.1987 -0.719 0 0 4.068 -16.082 -5.463
1 72 0 0.0843 -0.861 0 0 4.350 -18.583 -2.615
1 73 14 0.2710 -0.542 0 0 5.223 -15.613 -0.412
1 74 1 0.5 0.3665 0 0 2.280 -13.533 -1.614
1 75 3 0.3493 -0.689 0 0 -0.438 -16.077 -0.792
1 76 6 0.2891 -0.636 0 0 1.093 -16.165 2.693
1 77 20 0.5722 0.0092 0 0 1.201 -12.393 3.179
1 78 14 0.5903 0.3322 0 0 -2.450 -12.011 2.196
1 79 1 0.3734 -0.906 0 0 -3.440 -14.635 4.756
1 80 18 0.4337 -0.171 0 0 -1.195 -12.975 7.353
1 81 9 0.6807 0.0296 0 0 -2.260 -9.408 6.617
1 82 7 0.6506 -0.599 0 0 -5.422 -7.730 7.883
1 83 9 0.8614 -0.600 0 0 -5.545 -5.280 4.985
1 84 15 0.9638 -0.795 0 0 -3.992 -4.392 1.635
1 85 12 0.9939 0.6266 0 0 -2.789 -1.072 0.222
1 86 5 0.9819 -0.797 0 0 -2.975 -0.499 -3.535
1 87 22 0.9759 0.3799 0 0 -0.453 2.160 -4.544
1 88 15 0.8795 -0.365 0 0 0.269 3.148 -8.144
1 89 0 0.6987 -0.212 0 0 1.978 6.002 -9.984
1 90 11 0.4879 -0.131 0 0 -0.361 8.238 -11.981
1 91 2 0.2650 -0.006 0 0 2.523 8.779 -14.394
1 92 2 0.3674 0.3438 0 0 2.530 5.027 -15.058
1 93 18 0.2590 -0.917 0 0 -0.596 3.762 -16.818
1 94 13 0.3433 -0.354 0 0 0.756 0.232 -16.402
1 95 17 0.6265 0.2358 0 0 0.729 0.481 -12.604
1 96 15 0.5783 -0.450 0 0 -2.964 1.377 -12.746
1 97 7 0.4638 -0.881 0 0 -3.546 -1.997 -14.409
1 98 3 0.6325 -0.007 0 0 -1.652 -3.952 -11.747
1 99 11 0.8192 0.6976 0 0 -3.897 -2.452 -9.069
1 100 10 0.5481 -0.960 0 0 -6.778 -4.304 -10.730
1 101 6 0.4759 0.1765 0 0 -5.237 -7.777 -10.990
1 102 20 0.7590 0.4850 0 0 -3.674 -7.299 -7.554
1 103 1 0.7289 0.1599 0 0 -7.087 -6.896 -5.932
1 104 7 0.4457 -0.629 0 0 -8.279 -10.111 -7.583
1 105 6 0.4819 -0.002 0 0 -5.745 -11.899 -5.377
1 106 11 0.6024 0.9487 0 0 -6.920 -10.285 -2.139
1 107 13 0.4096 0.0500 0 0 -10.568 -11.163 -2.767
1 108 1 0.1927 -0.584 0 0 -9.568 -14.750 -3.541
1 109 22 0.2530 0.5755 0 0 -7.367 -15.328 -0.493
1 110 13 0.3132 0.7875 0 0 -9.633 -13.331 1.817
1 111 3 0.0722 -0.880 0 0 -12.597 -15.078 0.186
1 112 17 0.1325 -0.101 0 0 -14.644 -11.884 -0.041
1 113 3 0.2108 -0.835 0 0 -15.179 -9.044 -2.515
1 114 3 0.3253 -0.837 0 0 -15.438 -6.444 0.251
1 115 22 0.5060 0.2594 0 0 -12.033 -6.471 1.946
1 116 16 0.7168 -0.463 0 0 -10.265 -3.767 4.024
1 117 14 0.8975 -0.193 0 0 -7.955 -1.942 1.617
1 118 22 0.9337 0.0226 0 0 -7.069 1.486 0.231
1 119 12 0.9216 -0.569 0 0 -6.130 2.916 -3.167
1 120 22 0.9397 0.5407 0 0 -3.345 5.500 -3.009
1 121 9 0.8493 0.0902 0 0 -1.947 7.405 -5.975
1 122 2 0.8313 0.4467 0 0 1.788 7.939 -5.544
1 123 13 0.5421 -0.116 0 0 3.786 10.365 -7.689
1 124 5 0.4397 0.3125 0 0 1.553 13.433 -7.415
1 125 3 0.1807 0.3470 0 0 4.333 16.029 -7.672
1 126 12 0.1144 0.5209 0 0 5.486 14.787 -11.085
1 127 0 0.0060 -0.689 0 0 4.692 16.874 -14.169
1 128 0 0.0120 -0.197 0 0 3.625 14.027 -16.457
1 129 1 0.0903 -0.154 0 0 0.454 12.381 -15.151
1 130 18 0.0662 0.2597 0 0 -0.933 9.711 -17.467
1 131 22 0.2168 0.6646 0 0 -3.767 8.438 -15.280
1 132 7 0.1506 -0.835 0 0 -5.722 11.434 -13.979
1 133 17 0.3072 -0.258 0 0 -7.304 11.208 -10.525
1 134 1 0.1024 -0.959 0 0 -10.652 10.854 -12.299
1 135 6 0.1867 -0.422 0 0 -9.605 7.501 -13.759
1 136 0 0.4698 0.4934 0 0 -8.495 6.319 -10.317
1 137 6 0.3795 -0.236 0 0 -11.536 7.726 -8.520
1 138 3 0.1686 -0.863 0 0 -13.980 6.023 -10.885
1 139 12 0.3975 0.5576 0 0 -12.158 2.757 -10.189
1 140 0 0.5301 0.5946 0 0 -11.829 3.081 -6.414
1 141 1 0.3012 -0.993 0 0 -15.361 4.434 -6.034
1 142 17 0.1746 -0.302 0 0 -16.570 1.397 -7.980
1 143 20 0.4216 0.3958 0 0 -14.704 -0.913 -5.604
1 144 9 0.3614 -0.491 0 0 -16.162 0.824 -2.565
1 145 11 0.6144 0.6667 0 0 -12.754 1.884 -1.266
1 146 16 0.6746 0.3857 0 0 -11.285 5.349 -0.516
1 147 20 0.7469 -0.186 0 0 -8.921 7.099 -2.928
1 148 11 0.7831 0.4248 0 0 -5.981 9.145 -1.659
1 149 7 0.7349 -0.765 0 0 -3.060 10.891 -3.361
1 150 18 0.7650 0.8247 0 0 0.511 11.064 -2.060
1 151 17 0.6204 -0.907 0 0 4.089 11.630 -3.219
1 152 0 0.6686 0.6225 0 0 7.101 9.635 -2.024
1 153 13 0.3855 -0.588 0 0 9.301 12.465 -3.313
1 154 18 0.2289 -0.298 0 0 7.643 15.673 -2.117
1 155 1 0.4578 -0.193 0 0 6.128 13.735 0.793
1 156 6 0.4518 -0.565 0 0 2.532 14.957 0.588
1 157 9 0.5361 -0.995 0 0 -0.228 13.298 2.592
1 158 22 0.7951 -0.152 0 0 1.978 10.210 2.744
1 159 7 0.7710 -0.753 0 0 0.736 9.168 6.184
1 160 3 0.7108 -0.793 0 0 -2.760 10.288 5.178
1 161 0 0.9036 0.3575 0 0 -2.921 7.360 2.755
1 162 15 0.9277 0.5033 0 0 -1.648 4.757 5.218
1 163 20 0.8012 -0.570 0 0 -3.899 6.025 8.012
1 164 18 0.8253 0.1403 0 0 -6.782 5.227 5.669
1 165 12 0.8915 0.7184 0 0 -5.923 1.527 5.865
1 166 22 0.7228 -0.237 0 0 -6.286 1.491 9.653
1 167 1 0.5180 -0.490 0 0 -9.701 3.127 9.312
1 168 7 0.6445 0.6004 0 0 -10.707 0.510 6.741
1 169 11 0.5542 0.5947 0 0 -9.739 -2.511 8.831
1 170 1 0.3554 -0.369 0 0 -11.265 -1.030 11.983
1 171 6 0.2228 0.5448 0 0 -14.575 -0.452 10.200
1 172 10 0.2831 0.0698 0 0 -14.230 -3.751 8.327
