0 1 9 0 0 0 0 0 0 0
0 2 16 0 0 0 0 0 0 0
0 3 12 0 0 0 0 0 0 0
0 4 9 0 0 0 0 0 0 0
0 5 17 0 0 0 0 0 0 0
0 6 3 0 0 0 0 0 0 0
1 7 14 0.0 -0.554 0 0 -8.570 17.181 -13.227
1 8 18 0.0602 0.1055 0 0 -5.740 15.797 -11.095
1 9 7 0.2831 0.0650 0 0 -6.045 12.066 -10.429
1 10 20 0.5783 -0.325 0 0 -3.618 9.623 -8.814
1 11 13 0.7349 -0.880 0 0 -4.021 5.927 -9.599
1 12 12 0.9036 0.1947 0 0 -2.626 3.654 -6.886
1 13 22 0.9397 -0.700 0 0 -2.990 -0.130 -6.923
1 14 22 0.9819 0.0716 0 0 -3.643 -2.123 -3.750
1 15 22 0.9698 -0.171 0 0 -1.552 -5.233 -3.147
1 16 9 0.9578 0.3736 0 0 -0.511 -7.263 -0.119
1 17 0 0.8253 -0.097 0 0 -1.251 -10.359 1.947
1 18 9 0.6867 0.1952 0 0 -4.032 -12.423 0.404
1 19 9 0.5481 0.5681 0 0 -6.898 -12.762 2.842
1 20 22 0.6746 0.4711 0 0 -6.160 -10.238 5.580
1 21 9 0.7771 -0.139 0 0 -8.332 -7.394 4.342
1 22 13 0.9096 0.1706 0 0 -7.162 -5.280 1.414
1 23 17 0.8012 -0.834 0 0 -10.768 -4.295 0.708
1 24 0 0.7469 -0.372 0 0 -11.435 -3.237 4.299
1 25 12 0.8855 0.5147 0 0 -8.443 -0.889 4.247
1 26 18 0.8795 0.0951 0 0 -9.837 0.664 1.071
1 27 11 0.6506 -0.524 0 0 -13.268 0.990 2.678
1 28 6 0.6204 0.7356 0 0 -11.980 2.799 5.762
1 29 12 0.7409 0.9605 0 0 -10.366 5.385 3.492
1 30 11 0.5060 0.1999 0 0 -13.651 6.318 1.825
1 31 6 0.2891 -0.155 0 0 -15.796 5.766 4.916
1 32 2 0.3433 -0.365 0 0 -13.319 6.822 7.599
1 33 10 0.2771 -0.810 0 0 -14.213 3.657 9.510
1 34 15 0.4457 0.5954 0 0 -12.744 0.162 9.812
1 35 22 0.2951 0.0686 0 0 -15.042 -2.716 8.862
1 36 3 0.2409 -0.692 0 0 -14.876 -6.503 8.580
1 37 7 0.1807 -0.607 0 0 -17.146 -6.731 5.536
1 38 20 0.4036 0.3360 0 0 -15.288 -7.021 2.231
1 39 3 0.3614 0.4948 0 0 -16.355 -5.662 -1.158
1 40 16 0.1927 -0.646 0 0 -17.188 -7.981 -4.083
1 41 17 0.2469 -0.358 0 0 -15.231 -7.867 -7.342
1 42 11 0.0662 -0.984 0 0 -18.105 -5.757 -8.665
1 43 7 0.1746 -0.872 0 0 -17.629 -2.125 -7.650
1 44 3 0.4939 0.1319 0 0 -14.429 -2.989 -5.784
1 45 17 0.6325 -0.002 0 0 -12.236 -0.013 -6.683
1 46 20 0.5542 -0.155 0 0 -13.098 3.407 -5.266
1 47 1 0.5 -0.350 0 0 -12.218 7.063 -5.799
1 48 13 0.4638 -0.093 0 0 -11.923 9.641 -3.019
1 49 6 0.2349 -0.974 0 0 -11.325 13.398 -3.078
1 50 22 0.3373 0.9924 0 0 -8.426 14.272 -0.780
1 51 22 0.1987 -0.920 0 0 -5.860 16.978 -0.059
1 52 11 0.3493 0.9347 0 0 -2.290 15.776 -0.572
1 53 3 0.1385 0.0665 0 0 0.858 17.901 -0.410
1 54 9 0.0240 0.6308 0 0 -1.462 20.790 0.397
1 55 7 0.0301 -0.083 0 0 -3.077 20.411 -3.018
1 56 18 0.0421 -0.594 0 0 -6.634 19.168 -3.526
1 57 5 0.1506 0.6616 0 0 -6.717 16.143 -5.828
1 58 12 0.3253 -0.264 0 0 -8.544 12.907 -6.636
1 59 12 0.6385 0.8138 0 0 -7.174 9.697 -5.122
1 60 3 0.6927 -0.513 0 0 -8.059 6.523 -7.021
1 61 11 0.8734 0.5668 0 0 -7.671 3.300 -5.043
1 62 12 0.8493 -0.524 0 0 -7.573 0.206 -7.245
1 63 3 0.8373 -0.017 0 0 -8.845 -3.066 -5.786
1 64 18 0.7289 0.5676 0 0 -8.213 -6.349 -7.599
1 65 0 0.4578 -0.178 0 0 -11.143 -8.296 -9.036
1 66 9 0.1445 -0.003 0 0 -11.818 -11.832 -10.223
1 67 6 0.1566 -0.988 0 0 -8.581 -13.751 -10.718
1 68 7 0.3975 0.5132 0 0 -5.083 -12.925 -9.474
1 69 7 0.2048 -0.323 0 0 -3.444 -13.239 -12.891
1 70 20 0.0903 -0.806 0 0 -6.473 -12.010 -14.833
1 71 17 0.3072 0.8454 0 0 -7.642 -8.646 -13.496
1 72 0 0.2650 -0.755 0 0 -7.709 -5.292 -15.285
1 73 14 0.5602 -0.401 0 0 -7.469 -3.448 -11.970
1 74 1 0.6807 -0.005 0 0 -3.994 -4.879 -11.404
1 75 3 0.4337 -0.549 0 0 -2.918 -5.751 -14.933
1 76 6 0.3313 -0.308 0 0 -3.663 -2.414 -16.598
1 77 20 0.5722 0.0581 0 0 -2.720 -0.076 -13.760
1 78 14 0.6686 0.6591 0 0 0.383 -1.956 -12.624
1 79 1 0.3734 -0.950 0 0 1.598 -1.863 -16.228
1 80 18 0.3855 0.0522 0 0 1.478 1.930 -15.974
1 81 9 0.5843 0.0867 0 0 3.521 1.806 -12.787
1 82 7 0.6445 -0.249 0 0 2.095 5.015 -11.345
1 83 9 0.8674 -0.917 0 0 2.172 3.489 -7.877
1 84 15 0.9638 -0.339 0 0 0.986 0.700 -5.592
1 85 12 0.9939 0.6376 0 0 0.783 0.008 -1.856
1 86 5 0.9879 -0.729 0 0 1.917 -3.189 -0.140
1 87 22 0.9759 0.6169 0 0 -0.053 -4.043 2.999
1 88 15 0.8915 -0.273 0 0 0.350 -7.005 5.349
1 89 0 0.7168 -0.373 0 0 -0.779 -8.217 8.773
1 90 11 0.5301 -0.166 0 0 1.729 -7.723 11.586
1 91 2 0.2590 -0.076 0 0 0.340 -10.738 13.443
1 92 2 0.3554 0.4344 0 0 0.447 -12.933 10.338
1 93 18 0.2228 -0.946 0 0 3.869 -14.478 9.729
1 94 13 0.3012 -0.736 0 0 3.019 -15.588 6.196
1 95 17 0.6144 0.1078 0 0 1.797 -12.139 5.169
1 96 15 0.6024 -0.188 0 0 5.413 -11.092 4.624
1 97 7 0.4759 -0.893 0 0 5.867 -13.732 1.929
1 98 3 0.6566 0.0548 0 0 3.053 -12.451 -0.284
1 99 11 0.8192 0.7516 0 0 4.558 -8.972 -0.597
1 100 10 0.5963 -0.288 0 0 8.056 -10.399 -1.034
1 101 6 0.5180 -0.269 0 0 6.722 -12.173 -4.121
1 102 20 0.7530 0.5291 0 0 4.997 -9.009 -5.336
1 103 1 0.7048 -0.139 0 0 8.047 -6.784 -4.906
1 104 7 0.4277 -0.331 0 0 10.603 -9.176 -6.390
1 105 6 0.3795 0.2039 0 0 8.366 -10.057 -9.338
1 106 11 0.5361 0.9622 0 0 7.421 -6.438 -10.021
1 107 13 0.3915 -0.371 0 0 11.062 -5.438 -9.564
1 108 1 0.0963 -0.326 0 0 11.956 -7.535 -12.609
1 109 22 0.1626 0.4555 0 0 9.284 -5.742 -14.634
1 110 13 0.2530 0.7594 0 0 10.321 -2.361 -13.251
1 111 3 0.0481 -0.389 0 0 14.028 -2.865 -13.927
1 112 17 0.0180 -0.916 0 0 13.513 0.172 -16.151
1 113 3 0.1325 0.5218 0 0 10.598 2.106 -14.661
1 114 3 0.3192 -0.415 0 0 9.794 4.731 -12.029
1 115 22 0.6265 0.4670 0 0 7.243 3.465 -9.506
1 116 16 0.7891 -0.034 0 0 6.810 4.414 -5.825
1 117 14 0.8975 -0.468 0 0 6.482 1.643 -3.240
1 118 22 0.9457 0.0632 0 0 5.561 1.553 0.448
1 119 12 0.9216 -0.646 0 0 5.466 -1.355 2.895
1 120 22 0.9518 0.6306 0 0 2.680 -1.105 5.470
1 121 9 0.8433 0.1169 0 0 2.146 -3.264 8.538
1 122 2 0.7710 0.1300 0 0 -1.127 -3.198 10.444
1 123 13 0.4819 -0.002 0 0 -2.138 -3.586 14.085
1 124 5 0.4216 0.8558 0 0 0.962 -1.708 15.241
1 125 3 0.1265 0.2631 0 0 -1.048 -0.954 18.376
1 126 12 0.0722 0.0948 0 0 -1.491 -4.681 18.988
1 127 0 0.0060 -0.865 0 0 0.992 -6.301 21.369
1 128 0 0.0120 -0.372 0 0 0.200 -9.737 19.947
1 129 1 0.0843 0.1293 0 0 2.314 -9.628 16.789
1 130 18 0.0783 0.7215 0 0 5.307 -11.134 14.991
1 131 22 0.0361 -0.417 0 0 8.928 -10.124 15.567
1 132 7 0.0542 -0.452 0 0 9.285 -6.417 16.308
1 133 17 0.2710 0.2714 0 0 8.463 -4.136 13.380
1 134 1 0.1024 -0.785 0 0 12.149 -3.202 13.385
1 135 6 0.1144 -0.200 0 0 12.653 -6.384 11.366
1 136 0 0.4698 0.4003 0 0 9.940 -5.223 8.969
1 137 6 0.4156 -0.378 0 0 11.942 -2.027 8.507
1 138 3 0.1686 -0.818 0 0 15.061 -4.097 7.844
1 139 12 0.3674 -0.062 0 0 13.054 -6.224 5.413
1 140 0 0.5662 0.5159 0 0 11.781 -3.069 3.717
1 141 1 0.3132 -0.375 0 0 15.325 -1.693 3.583
1 142 17 0.1867 0.0651 0 0 16.576 -4.878 1.922
1 143 20 0.4518 0.2066 0 0 14.019 -4.243 -0.821
1 144 9 0.4096 -0.661 0 0 14.866 -0.559 -1.024
1 145 11 0.6626 0.6606 0 0 11.461 0.625 0.161
1 146 16 0.6987 0.3515 0 0 10.107 2.660 3.105
1 147 20 0.7650 -0.115 0 0 8.120 1.098 5.946
1 148 11 0.8132 0.2762 0 0 4.981 2.646 7.433
1 149 7 0.7108 -0.889 0 0 3.203 1.581 10.621
1 150 18 0.7590 0.8788 0 0 -0.600 1.508 10.680
1 151 17 0.5903 -0.888 0 0 -3.431 0.194 12.852
1 152 0 0.5120 0.0461 0 0 -7.200 -0.256 12.817
1 153 13 0.2168 -0.743 0 0 -7.070 0.939 16.421
1 154 18 0.2108 -0.923 0 0 -5.414 4.364 16.386
1 155 1 0.4397 0.1114 0 0 -2.126 4.296 14.488
1 156 6 0.6084 -0.565 0 0 -2.578 5.988 11.111
1 157 9 0.8313 -0.549 0 0 -0.492 4.377 8.385
1 158 22 0.9337 0.3636 0 0 -2.447 3.266 5.332
1 159 7 0.8554 -0.919 0 0 -3.923 6.694 4.603
1 160 3 0.8072 -0.718 0 0 -0.586 8.458 5.073
1 161 0 0.9156 0.5994 0 0 1.144 5.768 3.014
1 162 15 0.9277 0.7359 0 0 -1.180 6.405 0.072
1 163 20 0.7951 -0.273 0 0 -0.490 10.122 0.470
1 164 18 0.7831 0.1532 0 0 3.233 9.343 0.484
1 165 12 0.8614 0.9497 0 0 2.850 7.420 -2.774
1 166 22 0.7228 -0.081 0 0 1.067 10.420 -4.286
1 167 1 0.5240 -0.344 0 0 3.719 12.828 -3.012
1 168 7 0.5421 0.4625 0 0 6.394 10.570 -4.495
1 169 11 0.4879 0.6004 0 0 4.535 10.850 -7.795
1 170 1 0.2289 -0.105 0 0 4.438 14.624 -7.338
1 171 6 0.1084 0.4502 0 0 8.206 14.662 -6.817
1 172 10 0.1204 0.7279 0 0 9.114 12.212 -9.583
