0 1 9 0 0 0 0 0 0 0
0 2 16 0 0 0 0 0 0 0
0 3 12 0 0 0 0 0 0 0
0 4 9 0 0 0 0 0 0 0
0 5 17 0 0 0 0 0 0 0
0 6 3 0 0 0 0 0 0 0
1 7 14 0.0180 -0.453 0 0 -22.246 -5.314 1.752
1 8 18 0.0602 0.1623 0 0 -18.839 -6.870 1.089
1 9 7 0.2650 -0.420 0 0 -16.051 -4.993 2.867
1 10 20 0.5542 -0.335 0 0 -12.357 -4.882 1.979
1 11 13 0.7409 -0.853 0 0 -10.142 -3.760 4.857
1 12 12 0.9156 0.0083 0 0 -6.692 -3.013 3.462
1 13 22 0.9578 -0.656 0 0 -3.649 -1.644 5.273
1 14 22 0.9879 0.3673 0 0 -1.232 0.958 3.913
1 15 22 0.9759 -0.095 0 0 2.350 0.877 5.183
1 16 9 0.9457 0.5408 0 0 5.611 2.697 4.533
1 17 0 0.8012 -0.416 0 0 8.386 4.890 5.912
1 18 9 0.6626 -0.088 0 0 7.923 8.540 6.823
1 19 9 0.5421 -0.152 0 0 8.262 11.008 3.974
1 20 22 0.8072 0.7264 0 0 5.736 9.493 1.583
1 21 9 0.8313 -0.307 0 0 2.125 10.520 1.066
1 22 13 0.9277 0.2218 0 0 0.284 7.698 2.812
1 23 17 0.8192 -0.826 0 0 -2.327 10.261 3.852
1 24 0 0.7710 -0.242 0 0 -2.466 11.594 0.292
1 25 12 0.8855 0.9753 0 0 -3.034 8.098 -1.099
1 26 18 0.8554 0.1115 0 0 -6.171 7.477 0.958
1 27 11 0.6506 -0.369 0 0 -7.619 10.985 1.009
1 28 6 0.5602 0.1770 0 0 -7.262 11.603 -2.725
1 29 12 0.6686 0.8625 0 0 -9.100 8.369 -3.521
1 30 11 0.4939 0.4115 0 0 -11.962 8.962 -1.095
1 31 6 0.2469 -0.038 0 0 -12.301 12.631 -2.038
1 32 2 0.2409 -0.257 0 0 -11.454 12.086 -5.706
1 33 10 0.1626 -0.753 0 0 -9.267 15.186 -5.497
1 34 15 0.2048 -0.136 0 0 -5.638 16.322 -5.437
1 35 22 0.3072 0.0559 0 0 -4.853 16.586 -1.728
1 36 3 0.3313 -0.621 0 0 -1.639 17.047 0.251
1 37 7 0.2710 -0.294 0 0 -3.355 17.232 3.640
1 38 20 0.4096 -0.111 0 0 -1.368 15.200 6.166
1 39 3 0.5120 0.9330 0 0 -2.894 12.602 8.486
1 40 16 0.2771 0.1593 0 0 -2.710 12.915 12.296
1 41 17 0.2349 -0.981 0 0 0.267 11.708 14.325
1 42 11 0.3493 -0.816 0 0 -1.663 8.517 15.065
1 43 7 0.5481 -0.489 0 0 -3.261 5.771 12.975
1 44 3 0.5843 -0.256 0 0 -6.135 6.937 10.773
1 45 17 0.6746 -0.119 0 0 -8.617 4.861 8.772
1 46 20 0.5783 -0.003 0 0 -11.033 5.951 6.050
1 47 1 0.4819 -0.358 0 0 -13.889 4.115 4.337
1 48 13 0.3734 -0.369 0 0 -15.484 4.747 0.942
1 49 6 0.1506 -0.967 0 0 -18.150 2.935 -1.077
1 50 22 0.2289 0.9984 0 0 -16.691 1.724 -4.374
1 51 22 0.1024 -0.971 0 0 -17.522 -0.551 -7.300
1 52 11 0.1987 0.9436 0 0 -14.841 -3.047 -8.318
1 53 3 0.0542 0.5975 0 0 -15.192 -5.345 -11.327
1 54 9 0.0060 0.3253 0 0 -18.960 -4.939 -11.330
1 55 7 0.0240 0.3892 0 0 -19.167 -5.658 -7.608
1 56 18 0.0301 -0.686 0 0 -20.485 -3.037 -5.189
1 57 5 0.1144 0.5942 0 0 -18.506 -3.021 -1.945
1 58 12 0.2831 -0.719 0 0 -16.849 -0.890 0.731
1 59 12 0.5963 0.7484 0 0 -13.155 -0.008 0.560
1 60 3 0.7168 -0.530 0 0 -11.599 0.622 3.974
1 61 11 0.8734 0.4487 0 0 -8.060 2.003 3.911
1 62 12 0.8795 -0.426 0 0 -5.894 2.236 7.028
1 63 3 0.9096 0.0148 0 0 -2.885 4.536 7.291
1 64 18 0.8493 0.3941 0 0 -0.375 3.499 9.954
1 65 0 0.6987 -0.456 0 0 2.430 5.476 11.590
1 66 9 0.5180 0.0498 0 0 5.647 4.611 13.398
1 67 6 0.6144 0.5001 0 0 6.711 1.260 11.970
1 68 7 0.3132 -0.465 0 0 8.391 0.147 15.194
1 69 7 0.2168 -0.205 0 0 5.906 2.234 17.180
1 70 20 0.4216 0.7582 0 0 3.174 0.026 15.728
1 71 17 0.1385 -0.612 0 0 2.539 -1.437 19.172
1 72 0 0.0662 -0.909 0 0 -0.024 -3.975 20.381
1 73 14 0.0722 -0.740 0 0 -2.433 -1.050 20.699
1 74 1 0.3614 0.1195 0 0 -2.213 -0.650 16.922
1 75 3 0.3554 -0.422 0 0 -1.882 -4.377 16.234
1 76 6 0.1867 -0.092 0 0 -5.619 -4.437 16.934
1 77 20 0.5060 0.1807 0 0 -6.062 -3.329 13.322
1 78 14 0.5301 0.2623 0 0 -4.133 -6.377 12.118
1 79 1 0.3192 -0.796 0 0 -7.388 -8.229 12.773
1 80 18 0.5240 0.5154 0 0 -8.195 -7.025 9.257
1 81 9 0.6084 0.2329 0 0 -5.251 -8.942 7.928
1 82 7 0.6927 -0.428 0 0 -6.505 -8.936 4.346
1 83 9 0.8614 -0.643 0 0 -3.691 -7.272 2.424
1 84 15 0.9638 -0.708 0 0 -1.017 -4.587 2.526
1 85 12 0.9939 0.5410 0 0 -0.081 -1.711 0.225
1 86 5 0.9819 -0.718 0 0 3.552 -0.659 0.612
1 87 22 0.9698 0.3424 0 0 4.431 2.931 -0.279
1 88 15 0.8674 -0.324 0 0 7.952 4.239 -0.860
1 89 0 0.7048 -0.277 0 0 9.512 7.332 -2.428
1 90 11 0.4759 -0.043 0 0 11.753 7.055 -5.486
1 91 2 0.2590 -0.056 0 0 14.135 9.452 -3.742
1 92 2 0.3915 0.5728 0 0 13.999 7.558 -0.448
1 93 18 0.2951 -0.865 0 0 16.301 4.537 -0.654
1 94 13 0.3253 -0.788 0 0 16.180 3.756 3.062
1 95 17 0.6445 0.2941 0 0 12.403 3.354 2.905
1 96 15 0.6325 0.0049 0 0 12.942 -0.080 1.361
1 97 7 0.4397 -0.920 0 0 14.571 -1.396 4.535
1 98 3 0.5722 -0.222 0 0 11.915 0.199 6.742
1 99 11 0.8253 0.7071 0 0 9.168 -1.465 4.710
1 100 10 0.6385 -0.868 0 0 10.971 -4.809 4.909
1 101 6 0.4638 -0.558 0 0 11.395 -4.654 8.686
1 102 20 0.6867 0.6273 0 0 7.871 -3.315 9.162
1 103 1 0.7650 -0.086 0 0 6.742 -6.177 6.927
1 104 7 0.4457 -0.489 0 0 8.512 -8.730 9.123
1 105 6 0.4036 0.0624 0 0 6.813 -7.377 12.245
1 106 11 0.5662 0.9853 0 0 3.279 -7.446 10.844
1 107 13 0.4518 0.6365 0 0 3.888 -10.992 9.619
1 108 1 0.1445 -0.290 0 0 4.876 -12.000 13.151
1 109 22 0.1927 0.5148 0 0 1.668 -10.500 14.541
1 110 13 0.2228 0.6170 0 0 -0.338 -12.645 12.126
1 111 3 0.0481 -0.643 0 0 1.760 -15.757 12.748
1 112 17 0.1265 0.2508 0 0 1.734 -16.227 8.977
1 113 3 0.2891 -0.033 0 0 3.269 -15.147 5.669
1 114 3 0.3433 -0.797 0 0 1.138 -15.597 2.572
1 115 22 0.6024 0.3053 0 0 -0.818 -12.401 1.933
1 116 16 0.7951 -0.261 0 0 -1.580 -10.051 -0.987
1 117 14 0.9036 -0.398 0 0 0.859 -7.146 -1.262
1 118 22 0.9518 -0.048 0 0 1.675 -4.367 -3.726
1 119 12 0.9337 -0.576 0 0 4.698 -2.068 -3.925
1 120 22 0.9397 0.5294 0 0 4.046 1.520 -5.000
1 121 9 0.8373 0.0876 0 0 6.575 4.257 -5.692
1 122 2 0.7771 0.3611 0 0 5.752 7.949 -5.361
1 123 13 0.4698 0.1261 0 0 7.584 11.074 -6.518
1 124 5 0.3674 0.7348 0 0 8.536 9.560 -9.875
1 125 3 0.1084 0.2264 0 0 8.443 13.088 -11.291
1 126 12 0.0843 0.1788 0 0 11.245 14.148 -8.947
1 127 0 0.0120 -0.805 0 0 14.606 14.319 -10.713
1 128 0 0.0 -0.466 0 0 16.912 14.197 -7.692
1 129 1 0.0421 0.0193 0 0 16.279 10.601 -6.625
1 130 18 0.0361 -0.311 0 0 18.458 7.682 -5.531
1 131 22 0.1566 0.9460 0 0 16.331 4.694 -6.509
1 132 7 0.0903 -0.912 0 0 16.644 3.180 -9.977
1 133 17 0.1807 -0.246 0 0 13.306 1.731 -11.081
1 134 1 0.0783 -0.906 0 0 15.177 -1.370 -12.241
1 135 6 0.1204 -0.426 0 0 16.248 -1.904 -8.631
1 136 0 0.4337 0.2517 0 0 12.816 -1.110 -7.201
1 137 6 0.3975 -0.823 0 0 10.957 -3.502 -9.499
1 138 3 0.1746 -0.863 0 0 13.494 -6.271 -8.901
1 139 12 0.3855 -0.073 0 0 12.988 -5.858 -5.155
1 140 0 0.5903 0.4415 0 0 9.243 -6.147 -5.738
1 141 1 0.3373 -0.447 0 0 9.808 -9.180 -7.961
1 142 17 0.2108 0.0082 0 0 11.883 -10.906 -5.280
1 143 20 0.4879 0.3409 0 0 8.954 -10.376 -2.914
1 144 9 0.4156 -0.643 0 0 6.573 -11.694 -5.552
1 145 11 0.7108 0.6777 0 0 4.546 -8.485 -5.537
1 146 16 0.7349 0.2585 0 0 3.439 -6.049 -8.273
1 147 20 0.7469 -0.327 0 0 5.496 -2.911 -8.877
1 148 11 0.7891 0.3899 0 0 3.535 0.258 -9.632
1 149 7 0.6807 -0.779 0 0 4.836 3.793 -10.142
1 150 18 0.7228 0.9281 0 0 2.531 6.665 -9.199
1 151 17 0.5361 -0.982 0 0 2.428 10.425 -8.662
1 152 0 0.6204 0.3670 0 0 0.453 11.957 -5.795
1 153 13 0.3012 -0.880 0 0 0.082 14.994 -8.055
1 154 18 0.2530 -0.984 0 0 -2.452 13.550 -10.497
1 155 1 0.3795 -0.071 0 0 -1.232 10.223 -11.863
1 156 6 0.6265 -0.141 0 0 -3.090 7.633 -9.786
1 157 9 0.7831 -0.318 0 0 -1.546 4.183 -9.634
1 158 22 0.9216 0.1719 0 0 -2.753 3.436 -6.115
1 159 7 0.8132 -0.931 0 0 -6.311 2.639 -7.199
1 160 3 0.7590 -0.711 0 0 -5.245 -0.261 -9.417
1 161 0 0.8915 0.6469 0 0 -2.945 -1.390 -6.606
1 162 15 0.8975 0.6651 0 0 -5.941 -1.745 -4.291
1 163 20 0.7289 -0.320 0 0 -7.884 -3.568 -7.004
1 164 18 0.7530 0.2480 0 0 -4.942 -5.937 -7.414
1 165 12 0.8433 0.9815 0 0 -5.061 -6.544 -3.661
1 166 22 0.6566 -0.151 0 0 -8.789 -7.257 -3.910
1 167 1 0.4277 -0.131 0 0 -8.351 -9.542 -6.918
1 168 7 0.5 0.4415 0 0 -5.616 -11.469 -5.105
1 169 11 0.4578 0.6254 0 0 -7.970 -11.821 -2.144
1 170 1 0.1686 0.1793 0 0 -10.686 -13.110 -4.474
1 171 6 0.0963 -0.054 0 0 -8.245 -15.607 -5.982
1 172 10 0.1325 -0.431 0 0 -6.729 -16.455 -2.597
