1 1 14 0.0233 0.3606 0 0 5.553 11.092 32.585
1 2 18 0.0760 0.2198 0 0 9.171 11.312 33.339
1 3 7 0.3099 -0.174 0 0 10.985 14.148 31.499
1 4 20 0.5906 -0.199 0 0 14.759 14.083 30.617
1 5 13 0.7076 -0.943 0 0 16.462 17.290 29.674
1 6 12 0.9064 0.2147 0 0 19.302 16.421 27.290
1 7 22 0.9473 -0.631 0 0 21.767 18.787 25.498
1 8 22 0.9883 0.1549 0 0 23.473 17.963 22.219
1 9 22 0.9649 -0.236 0 0 26.912 19.503 22.142
1 10 9 0.9122 0.0000 0 0 29.914 19.622 19.779
1 11 0 0.7368 -0.621 0 0 31.632 21.686 17.067
1 12 22 0.6023 -0.931 0 0 29.784 23.207 14.141
1 13 9 0.5497 0.0000 0 0 29.195 20.823 11.139
1 14 22 0.7894 0.7231 0 0 29.393 17.537 13.071
1 15 9 0.8362 0.0000 0 0 25.699 16.667 12.637
1 16 13 0.9239 0.0365 0 0 24.102 17.786 15.884
1 17 17 0.8011 -0.658 0 0 21.034 19.115 14.026
1 18 0 0.7192 -0.288 0 0 20.791 16.099 11.702
1 19 12 0.8888 0.6659 0 0 20.927 13.711 14.587
1 20 18 0.8830 0.2496 0 0 18.366 15.542 16.623
1 21 11 0.6608 -0.541 0 0 16.029 15.941 13.735
1 22 6 0.6140 -0.363 0 0 16.480 12.379 12.601
1 23 12 0.6900 0.5880 0 0 15.341 11.297 16.071
1 24 11 0.5204 0.3404 0 0 12.369 13.584 16.305
1 25 6 0.2690 -0.015 0 0 10.999 13.419 12.682
1 26 2 0.2631 -0.183 0 0 12.753 10.534 10.980
1 27 10 0.1403 -0.199 0 0 14.148 12.327 8.024
1 28 15 0.2923 0.1268 0 0 17.653 13.309 7.139
1 29 22 0.2397 0.2726 0 0 18.097 16.987 6.774
1 30 3 0.1286 -0.799 0 0 20.980 18.639 4.883
1 31 7 0.0818 -0.939 0 0 21.519 22.361 4.966
1 32 20 0.1871 0.6451 0 0 19.877 23.492 8.201
1 33 3 0.1169 -0.553 0 0 20.784 26.940 9.465
1 34 16 0.3450 -0.740 0 0 24.039 26.537 11.391
1 35 18 0.1929 -0.929 0 0 22.914 29.360 13.568
1 36 11 0.2865 -0.654 0 0 19.501 28.245 14.730
1 37 7 0.4970 0.2748 0 0 19.457 26.899 18.333
1 38 3 0.4795 -0.759 0 0 16.198 25.451 19.601
1 39 17 0.5672 -0.393 0 0 14.664 22.680 21.650
1 40 20 0.5614 0.0872 0 0 12.857 19.667 20.454
1 41 1 0.4444 -0.409 0 0 10.540 17.117 22.181
1 42 13 0.3801 0.1009 0 0 9.272 13.633 21.618
1 43 6 0.1461 -0.878 0 0 7.295 11.177 23.691
1 44 22 0.2339 0.9721 0 0 9.038 7.797 23.571
1 45 22 0.1052 -0.971 0 0 9.038 4.458 25.334
1 46 11 0.2748 0.9718 0 0 12.561 3.321 26.325
1 47 3 0.0701 0.6894 0 0 12.871 0.017 28.355
1 48 9 0.0175 0.0000 0 0 9.154 0.091 29.136
1 49 7 0.0467 0.4330 0 0 9.296 3.627 30.726
1 50 18 0.0526 -0.700 0 0 7.322 6.176 28.831
1 51 5 0.1520 0.7520 0 0 8.928 9.554 28.813
1 52 12 0.3274 -0.333 0 0 9.314 13.019 27.503
1 53 12 0.6257 0.5063 0 0 12.624 13.869 25.809
1 54 3 0.6549 -0.552 0 0 13.488 17.586 26.053
1 55 11 0.8654 0.4600 0 0 16.436 18.063 23.666
1 56 12 0.8538 -0.422 0 0 18.488 21.261 23.237
1 57 3 0.8713 -0.173 0 0 20.099 21.519 19.845
1 58 18 0.8421 0.4671 0 0 22.986 23.768 20.634
1 59 0 0.6198 -0.394 0 0 24.220 26.427 18.149
1 60 9 0.3625 0.0000 0 0 26.100 29.774 18.182
1 61 6 0.1637 -0.430 0 0 29.536 31.188 18.991
1 62 7 0.2982 0.5054 0 0 30.297 30.180 22.371
1 63 7 0.1988 -0.468 0 0 33.924 29.308 22.825
1 64 20 0.4912 -0.297 0 0 33.734 25.590 23.750
1 65 17 0.5087 -0.992 0 0 31.605 26.060 26.837
1 66 0 0.5263 -0.617 0 0 28.014 26.653 27.809
1 67 14 0.5789 0.7011 0 0 25.840 27.264 24.755
1 68 1 0.4678 -0.028 0 0 22.347 27.990 26.318
1 69 3 0.3508 -0.891 0 0 23.041 28.555 30.010
1 70 6 0.2280 -0.985 0 0 19.652 27.816 31.511
1 71 20 0.5438 0.2284 0 0 19.647 24.313 29.831
1 72 14 0.6432 0.3982 0 0 23.310 23.667 30.534
1 73 1 0.3976 -0.738 0 0 23.023 23.833 34.310
1 74 18 0.4269 -0.569 0 0 19.755 22.208 34.005
1 75 9 0.7251 0.0000 0 0 20.624 19.589 31.417
1 76 7 0.7134 -0.566 0 0 20.488 16.154 32.908
1 77 9 0.8947 0.0000 0 0 22.695 14.600 30.296
1 78 15 0.9766 -0.766 0 0 24.821 15.533 27.329
1 79 12 0.9941 0.7000 0 0 25.480 14.112 23.899
1 80 5 0.9824 -0.666 0 0 29.092 14.951 23.014
1 81 22 0.9707 0.3467 0 0 29.326 14.572 19.304
1 82 15 0.8771 -0.324 0 0 32.094 14.761 16.793
1 83 0 0.6959 -0.477 0 0 32.395 13.855 13.108
1 84 11 0.5146 -0.048 0 0 34.464 10.744 12.290
1 85 2 0.2573 0.0367 0 0 36.158 12.578 9.456
1 86 2 0.3567 0.2459 0 0 37.045 15.672 11.346
1 87 18 0.2514 -0.857 0 0 39.816 15.215 13.770
1 88 13 0.3040 -0.070 0 0 39.469 18.809 15.068
1 89 17 0.5964 0.3118 0 0 35.858 18.296 16.132
1 90 15 0.6081 -0.265 0 0 37.202 15.202 17.778
1 91 7 0.3859 -0.862 0 0 40.101 16.923 19.479
1 92 3 0.5321 -0.252 0 0 37.660 19.553 20.787
1 93 11 0.7602 0.7395 0 0 35.704 17.024 22.729
1 94 10 0.5380 -0.895 0 0 37.812 17.727 25.790
1 95 6 0.5029 -0.822 0 0 36.854 21.354 25.967
1 96 20 0.7719 0.3096 0 0 33.119 20.682 25.789
1 97 1 0.7543 -0.310 0 0 33.491 18.083 28.436
1 98 7 0.4502 -0.505 0 0 35.286 20.556 30.695
1 99 6 0.4736 -0.319 0 0 32.761 23.364 30.483
1 100 11 0.6783 0.9815 0 0 29.978 20.772 31.243
1 101 13 0.4385 -0.020 0 0 31.814 19.460 34.337
1 102 1 0.2222 -0.050 0 0 32.490 23.260 35.034
1 103 22 0.2807 0.6919 0 0 28.929 24.478 35.211
1 104 13 0.3391 0.7185 0 0 27.784 21.333 36.939
1 105 3 0.0877 -0.816 0 0 30.302 21.059 39.680
1 106 17 0.1578 0.3199 0 0 31.186 17.418 38.825
1 107 3 0.3216 -0.064 0 0 33.185 14.998 36.683
1 108 3 0.3918 -0.606 0 0 30.155 12.727 36.929
1 109 22 0.6491 0.3552 0 0 27.391 14.016 34.715
1 110 16 0.8070 -0.550 0 0 25.711 11.742 32.361
1 111 14 0.9298 -0.204 0 0 27.272 11.851 28.886
1 112 22 0.9590 0.0498 0 0 27.721 9.800 25.808
1 113 12 0.9415 -0.727 0 0 30.434 10.272 23.127
1 114 22 0.9532 0.7109 0 0 29.071 10.208 19.593
1 115 9 0.8596 0.0000 0 0 31.086 9.591 16.450
1 116 2 0.8304 0.2418 0 0 28.809 10.764 13.716
1 117 13 0.5555 0.0771 0 0 28.773 10.347 9.933
1 118 5 0.4210 0.3044 0 0 29.940 6.744 10.078
1 119 3 0.1695 0.3620 0 0 28.492 6.390 6.615
1 120 12 0.0994 0.2902 0 0 31.362 8.192 5.251
1 121 0 0.0292 -0.811 0 0 33.885 5.707 3.898
1 122 0 0.0116 0.2415 0 0 36.948 7.636 4.685
1 123 1 0.0643 0.5450 0 0 37.733 8.619 8.343
1 124 18 0.0584 0.1782 0 0 40.397 10.619 10.069
1 125 22 0.2046 0.8434 0 0 39.367 9.343 13.498
1 126 7 0.1228 -0.606 0 0 39.342 5.686 14.187
1 127 17 0.2456 -0.183 0 0 37.065 3.591 16.289
1 128 1 0.0935 -0.620 0 0 39.730 2.364 18.781
1 129 6 0.1345 -0.063 0 0 40.986 5.926 19.557
1 130 0 0.4853 0.5192 0 0 37.490 7.183 20.244
1 131 6 0.4093 -0.438 0 0 36.649 4.294 22.354
1 132 3 0.1754 -0.896 0 0 39.856 4.516 24.346
1 133 12 0.4035 0.4519 0 0 38.971 8.129 25.063
1 134 0 0.5847 0.3940 0 0 35.547 7.200 26.156
1 135 1 0.3333 -0.561 0 0 36.931 4.426 28.269
1 136 17 0.1812 0.1441 0 0 39.281 6.877 29.942
1 137 20 0.4327 0.5308 0 0 36.343 9.204 30.508
1 138 9 0.4152 0.0000 0 0 34.087 6.468 31.777
1 139 11 0.7017 0.6877 0 0 31.316 7.012 29.205
1 140 16 0.7660 0.1625 0 0 29.895 5.131 26.246
1 141 20 0.8128 -0.202 0 0 30.864 5.662 22.740
1 142 11 0.8245 0.4275 0 0 28.552 5.039 19.972
1 143 7 0.7426 -0.728 0 0 28.920 5.533 16.257
1 144 18 0.7836 0.9773 0 0 25.910 6.875 14.374
1 145 17 0.6374 -0.997 0 0 24.962 8.354 11.025
1 146 0 0.6725 0.3500 0 0 22.171 10.886 10.764
1 147 13 0.3684 -0.796 0 0 22.164 10.017 7.060
1 148 18 0.2105 -0.183 0 0 21.357 6.341 7.146
1 149 1 0.4619 0.0782 0 0 20.117 6.712 10.656
1 150 6 0.4561 -0.987 0 0 22.412 4.008 11.982
1 151 9 0.6842 0.0000 0 0 22.836 4.361 15.790
1 152 22 0.8479 -0.356 0 0 20.815 7.540 16.327
1 153 7 0.7309 -0.872 0 0 18.203 5.924 18.593
1 154 3 0.7485 -0.868 0 0 20.928 3.890 20.393
1 155 0 0.9181 0.6165 0 0 22.847 7.081 21.083
1 156 15 0.9356 0.4686 0 0 19.957 9.053 22.624
1 157 20 0.7953 -0.494 0 0 18.480 6.110 24.489
1 158 18 0.8187 0.1072 0 0 21.880 5.081 25.796
1 159 12 0.9005 0.7945 0 0 22.072 8.665 27.124
1 160 22 0.7777 -0.433 0 0 18.626 8.282 28.823
1 161 1 0.5730 -0.101 0 0 19.757 5.078 30.562
1 162 7 0.6666 0.3911 0 0 22.861 6.769 31.956
1 163 11 0.6315 0.6024 0 0 20.698 9.479 33.406
1 164 1 0.3742 -0.057 0 0 18.469 6.845 34.921
1 165 6 0.2163 -0.252 0 0 21.330 5.007 36.565
1 166 10 0.3157 0.3230 0 0 22.731 8.255 37.737
1 167 13 0.1111 0.4365 0 0 19.350 9.265 39.369
1 168 12 0.0409 -0.088 0 0 19.014 5.814 41.006
1 169 1 0.0350 0.6040 0 0 22.522 5.956 42.500
1 170 13 0.0058 -0.679 0 0 21.512 8.494 45.210
1 171 12 0.0 -0.802 0 0 18.913 5.787 46.034
