1 1 14 0.0120 0.3247 0 0 -5.223 42.964 25.456
1 2 18 0.0542 -0.004 0 0 -2.295 40.585 25.977
1 3 7 0.2289 -0.408 0 0 -1.722 37.665 23.651
1 4 20 0.5361 -0.254 0 0 -0.567 34.237 24.785
1 5 13 0.6867 -0.466 0 0 0.428 31.599 22.261
1 6 12 0.9096 0.1492 0 0 -0.336 28.111 23.521
1 7 22 0.9518 -0.693 0 0 0.269 24.739 21.876
1 8 22 0.9879 0.3372 0 0 -1.605 21.557 22.838
1 9 22 0.9698 -0.277 0 0 0.487 18.429 22.184
1 10 9 0.9277 0.0000 0 0 0.116 14.729 22.985
1 11 0 0.7951 -0.550 0 0 -0.803 11.351 21.508
1 12 9 0.6445 0.0000 0 0 -3.799 10.901 19.199
1 13 9 0.5963 0.0000 0 0 -7.023 10.207 21.025
1 14 22 0.8072 0.6182 0 0 -6.258 11.656 24.466
1 15 9 0.8554 0.0000 0 0 -8.696 14.579 24.153
1 16 13 0.9457 0.1152 0 0 -6.581 17.469 22.883
1 17 17 0.8253 -0.638 0 0 -9.426 18.642 20.630
1 18 0 0.7831 -0.338 0 0 -12.094 17.990 23.243
1 19 12 0.9036 0.6747 0 0 -10.104 19.975 25.827
1 20 18 0.8855 0.3123 0 0 -9.711 22.938 23.506
1 21 11 0.6746 -0.468 0 0 -13.380 22.818 22.456
1 22 6 0.6385 -0.380 0 0 -14.489 22.686 26.079
1 23 12 0.7228 0.5627 0 0 -12.422 25.821 26.839
1 24 11 0.5240 0.2572 0 0 -13.726 27.707 23.776
1 25 6 0.3253 -0.257 0 0 -17.364 26.469 23.547
1 26 2 0.2951 -0.268 0 0 -18.233 25.109 27.020
1 27 10 0.2048 -0.671 0 0 -19.412 21.857 25.384
1 28 15 0.3554 0.1276 0 0 -18.018 18.310 25.093
1 29 22 0.3072 0.3107 0 0 -17.492 17.061 21.525
1 30 3 0.2168 -0.923 0 0 -16.856 13.326 21.332
1 31 7 0.1144 -0.955 0 0 -16.320 12.820 17.592
1 32 20 0.3493 0.5059 0 0 -13.986 15.620 16.632
1 33 3 0.1807 -0.552 0 0 -12.181 14.730 13.412
1 34 16 0.3915 -0.758 0 0 -8.845 13.199 14.580
1 35 18 0.2771 -0.986 0 0 -7.032 14.861 11.638
1 36 11 0.3614 -0.408 0 0 -8.203 18.517 11.878
1 37 7 0.5301 0.2207 0 0 -5.338 20.703 13.134
1 38 3 0.5060 -0.788 0 0 -6.175 24.386 13.666
1 39 17 0.5843 -0.540 0 0 -5.739 27.382 15.931
1 40 20 0.5542 0.2025 0 0 -8.408 29.004 18.043
1 41 1 0.4518 -0.247 0 0 -8.779 32.298 19.873
1 42 13 0.4457 0.2855 0 0 -10.241 32.858 23.285
1 43 6 0.1566 -0.971 0 0 -10.731 36.231 24.922
1 44 22 0.1987 0.8803 0 0 -10.700 35.837 28.697
1 45 22 0.0843 -0.981 0 0 -9.713 37.870 31.764
1 46 11 0.1867 0.9762 0 0 -7.031 35.958 33.677
1 47 3 0.0421 0.6621 0 0 -5.964 37.449 37.027
1 48 9 0.0 0.0000 0 0 -7.337 40.867 36.002
1 49 7 0.0240 0.4723 0 0 -5.578 40.985 32.594
1 50 18 0.0301 -0.691 0 0 -7.588 40.780 29.391
1 51 5 0.1746 0.5797 0 0 -5.978 37.990 27.362
1 52 12 0.2891 -0.475 0 0 -6.335 36.777 23.818
1 53 12 0.5783 0.4978 0 0 -5.239 33.162 23.854
1 54 3 0.6265 -0.465 0 0 -3.969 31.803 20.567
1 55 11 0.8433 0.4467 0 0 -4.249 28.033 20.887
1 56 12 0.8493 -0.459 0 0 -2.956 25.458 18.392
1 57 3 0.8915 -0.143 0 0 -4.680 22.104 18.683
1 58 18 0.8313 0.4846 0 0 -2.141 19.772 17.035
1 59 0 0.6626 -0.349 0 0 -3.191 16.692 15.036
1 60 9 0.4337 0.0000 0 0 -1.315 14.096 12.987
1 61 6 0.2530 -0.348 0 0 1.850 12.026 12.625
1 62 7 0.0481 -0.811 0 0 4.728 11.543 10.168
1 63 7 0.0361 0.2869 0 0 3.565 14.562 8.115
1 64 20 0.0722 0.0689 0 0 4.666 18.212 8.267
1 65 17 0.1265 0.7200 0 0 2.655 21.441 8.636
1 66 0 0.0602 -0.819 0 0 3.702 25.074 8.085
1 67 14 0.2409 0.4162 0 0 1.281 26.289 10.777
1 68 1 0.4939 0.3504 0 0 2.392 23.695 13.390
1 69 3 0.3373 -0.846 0 0 6.061 24.337 12.702
1 70 6 0.2590 -0.764 0 0 5.442 28.062 13.259
1 71 20 0.5722 0.1984 0 0 3.558 27.441 16.528
1 72 14 0.6204 0.4529 0 0 6.216 25.037 17.816
1 73 1 0.3674 -0.702 0 0 8.856 27.701 17.131
1 74 18 0.3855 -0.474 0 0 6.937 30.758 18.371
1 75 9 0.6807 0.0000 0 0 4.683 29.020 20.950
1 76 7 0.6686 -0.545 0 0 5.152 30.448 24.422
1 77 9 0.8674 0.0000 0 0 3.812 27.524 26.426
1 78 15 0.9638 -0.712 0 0 2.803 23.906 25.929
1 79 12 0.9939 0.5482 0 0 -0.024 21.753 27.268
1 80 5 0.9819 -0.741 0 0 1.393 18.201 27.216
1 81 22 0.9759 0.5107 0 0 -1.661 15.993 27.247
1 82 15 0.8734 -0.332 0 0 -2.091 12.283 28.025
1 83 0 0.7409 -0.401 0 0 -5.240 10.378 29.072
1 84 11 0.5180 -0.100 0 0 -5.376 8.784 32.546
1 85 2 0.3313 0.0815 0 0 -6.830 5.642 30.929
1 86 2 0.3975 0.3989 0 0 -4.224 5.486 28.153
1 87 18 0.2469 -0.907 0 0 -0.908 4.219 29.509
1 88 13 0.3192 -0.194 0 0 0.887 4.505 26.173
1 89 17 0.6144 0.4569 0 0 -0.127 8.207 25.884
1 90 15 0.6084 -0.272 0 0 1.478 8.830 29.290
1 91 7 0.4156 -0.842 0 0 4.627 6.997 28.209
1 92 3 0.5421 -0.119 0 0 4.668 9.096 25.005
1 93 11 0.7530 0.7035 0 0 5.004 12.286 27.103
1 94 10 0.5 -0.953 0 0 8.763 11.817 27.347
1 95 6 0.4698 -0.947 0 0 9.070 12.180 23.552
1 96 20 0.7771 0.3843 0 0 6.815 15.249 23.485
1 97 1 0.7108 -0.215 0 0 8.949 16.804 26.235
1 98 7 0.4277 -0.763 0 0 12.140 15.976 24.275
1 99 6 0.4879 0.4872 0 0 10.641 17.524 21.108
1 100 11 0.6566 0.9552 0 0 9.791 20.704 23.008
1 101 13 0.4096 -0.149 0 0 13.262 20.883 24.578
1 102 1 0.1686 -0.025 0 0 14.790 20.560 21.088
1 103 22 0.3433 0.8133 0 0 12.508 23.178 19.464
1 104 13 0.2831 0.7637 0 0 13.370 25.680 22.235
1 105 3 0.0662 -0.999 0 0 16.960 24.545 22.903
1 106 17 0.1204 0.2270 0 0 16.025 24.673 26.588
1 107 3 0.2108 -0.824 0 0 14.947 22.507 29.519
1 108 3 0.3132 -0.506 0 0 13.176 25.559 30.962
1 109 22 0.5602 0.3140 0 0 10.010 25.955 28.851
1 110 16 0.7469 -0.553 0 0 6.522 26.977 30.098
1 111 14 0.8975 -0.039 0 0 4.684 23.662 30.210
1 112 22 0.9397 0.0733 0 0 1.849 21.912 32.070
1 113 12 0.9337 -0.685 0 0 1.341 18.145 32.153
1 114 22 0.9578 0.7094 0 0 -2.348 17.340 31.667
1 115 9 0.8614 0.0000 0 0 -4.000 14.011 32.524
1 116 2 0.8373 0.3099 0 0 -7.298 14.060 30.681
1 117 1 0.5903 0.0168 0 0 -10.448 11.903 30.783
1 118 5 0.4578 0.3143 0 0 -10.512 11.928 34.575
1 119 3 0.1927 0.3299 0 0 -14.304 11.298 34.589
1 120 12 0.1024 0.3623 0 0 -13.809 7.661 33.531
1 121 0 0.0180 -0.961 0 0 -13.380 4.893 36.086
1 122 0 0.0060 -0.646 0 0 -10.448 2.522 36.529
1 123 1 0.0963 0.4524 0 0 -7.555 4.790 35.608
1 124 18 0.0783 -0.018 0 0 -4.399 3.038 34.437
1 125 22 0.2228 0.8533 0 0 -2.154 6.037 35.233
1 126 7 0.1084 -0.945 0 0 -2.047 6.895 38.940
1 127 17 0.2349 -0.079 0 0 -2.041 10.534 40.036
1 128 1 0.0903 -0.738 0 0 1.248 9.697 41.860
1 129 6 0.1325 -0.309 0 0 2.845 8.550 38.564
1 130 0 0.4819 0.6361 0 0 1.947 11.760 36.751
1 131 6 0.3795 -0.504 0 0 2.946 13.920 39.701
1 132 3 0.1445 -0.843 0 0 6.339 12.148 39.659
1 133 12 0.4216 0.5561 0 0 6.777 12.808 35.962
1 134 0 0.5662 0.4815 0 0 5.885 16.496 36.267
1 135 1 0.2710 -0.950 0 0 8.222 16.881 39.256
1 136 17 0.1506 0.2454 0 0 11.071 15.423 37.164
1 137 20 0.4397 0.5302 0 0 10.382 18.144 34.554
1 138 9 0.3734 0.0000 0 0 9.865 20.951 37.085
1 139 11 0.6325 0.7402 0 0 6.283 21.577 35.878
1 140 16 0.6987 0.2461 0 0 2.729 21.317 37.311
1 141 20 0.7710 -0.058 0 0 0.446 18.307 36.854
1 142 11 0.8132 0.2419 0 0 -3.271 19.005 36.360
1 143 7 0.7650 -0.745 0 0 -6.028 16.438 35.799
1 144 18 0.8012 0.9825 0 0 -8.917 17.293 33.515
1 145 17 0.6506 -0.981 0 0 -12.142 16.118 32.026
1 146 0 0.7048 0.4809 0 0 -13.179 17.680 28.722
1 147 13 0.4036 -0.807 0 0 -16.547 15.956 29.361
1 148 18 0.2650 -0.126 0 0 -17.396 17.472 32.742
1 149 1 0.4759 0.0053 0 0 -15.090 20.527 32.390
1 150 6 0.4638 -0.386 0 0 -13.229 19.575 35.595
1 151 9 0.6927 0.0000 0 0 -9.754 21.159 35.530
1 152 22 0.8192 -0.043 0 0 -10.038 22.592 32.038
1 153 7 0.7289 -0.893 0 0 -9.782 26.273 32.973
1 154 3 0.7349 -0.723 0 0 -7.170 25.294 35.581
1 155 0 0.9156 0.6563 0 0 -4.968 23.662 32.944
1 156 15 0.9216 0.5367 0 0 -5.068 26.498 30.397
1 157 20 0.7590 -0.360 0 0 -4.878 29.351 32.945
1 158 18 0.7891 0.0552 0 0 -2.039 27.678 34.838
1 159 12 0.8795 0.7673 0 0 -0.155 27.512 31.509
1 160 22 0.7168 -0.354 0 0 -0.656 31.274 31.073
1 161 1 0.5120 -0.113 0 0 0.611 31.796 34.625
1 162 7 0.6024 0.2786 0 0 3.668 29.622 33.816
1 163 11 0.5481 0.5584 0 0 4.421 31.751 30.766
1 164 1 0.3012 0.0942 0 0 4.215 34.898 32.899
1 165 6 0.1385 0.3128 0 0 7.060 33.551 35.061
1 166 10 0.1626 0.4395 0 0 9.358 33.192 32.063
