1 1 14 0.0 0.4100 0 0 -36.313 76.342 -76.617
1 2 18 0.0361 0.1716 0 0 -34.995 72.940 -77.674
1 3 7 0.1927 0.3493 0 0 -32.501 71.575 -75.169
1 4 20 0.5120 -0.230 0 0 -29.804 68.977 -75.849
1 5 13 0.6746 -0.810 0 0 -28.034 67.196 -72.986
1 6 12 0.9036 0.1193 0 0 -24.524 66.163 -74.025
1 7 22 0.9457 -0.639 0 0 -22.077 64.117 -71.959
1 8 22 0.9879 0.3933 0 0 -18.332 63.938 -72.619
1 9 22 0.9698 -0.303 0 0 -16.625 60.721 -71.492
1 10 9 0.9337 0.0000 0 0 -13.231 59.100 -71.938
1 11 0 0.7951 -0.562 0 0 -10.012 58.230 -70.102
1 12 9 0.6385 0.0000 0 0 -8.224 60.699 -67.866
1 13 9 0.6265 0.0000 0 0 -6.186 63.389 -69.585
1 14 22 0.8192 0.6099 0 0 -7.528 62.887 -73.108
1 15 9 0.8674 0.0000 0 0 -8.842 66.459 -73.259
1 16 13 0.9518 0.1211 0 0 -12.526 66.222 -72.325
1 17 17 0.8433 -0.605 0 0 -12.453 69.435 -70.296
1 18 0 0.7891 -0.271 0 0 -10.261 71.293 -72.777
1 19 12 0.9096 0.6685 0 0 -12.674 70.446 -75.612
1 20 18 0.8915 0.3089 0 0 -15.726 71.608 -73.682
1 21 11 0.6506 -0.404 0 0 -14.043 74.790 -72.469
1 22 6 0.6084 -0.414 0 0 -12.797 75.610 -75.981
1 23 12 0.7108 0.5717 0 0 -16.339 75.147 -77.316
1 24 11 0.5301 0.3501 0 0 -18.094 77.126 -74.576
1 25 6 0.3132 0.0346 0 0 -15.461 79.677 -73.557
1 26 2 0.2650 -0.261 0 0 -13.261 79.985 -76.642
1 27 10 0.2048 -0.084 0 0 -9.852 79.466 -75.012
1 28 15 0.3313 0.1719 0 0 -7.426 76.587 -74.473
1 29 22 0.3253 0.4047 0 0 -6.762 75.184 -71.010
1 30 3 0.1265 -0.596 0 0 -3.026 74.386 -70.913
1 31 7 0.0783 -0.326 0 0 -2.835 72.988 -67.372
1 32 20 0.2289 0.4757 0 0 -4.215 69.657 -66.204
1 33 3 0.1987 -0.616 0 0 -6.710 69.801 -63.338
1 34 16 0.3554 -0.812 0 0 -8.545 66.449 -62.990
1 35 18 0.4939 0.8571 0 0 -12.321 66.748 -63.228
1 36 11 0.3734 -0.998 0 0 -14.906 65.358 -60.822
1 37 7 0.5180 0.2154 0 0 -18.197 66.356 -62.483
1 38 3 0.5542 -0.227 0 0 -18.758 69.757 -64.124
1 39 17 0.5783 -0.737 0 0 -21.556 71.101 -66.294
1 40 20 0.5602 0.3483 0 0 -21.831 73.927 -68.810
1 41 1 0.3915 -0.630 0 0 -24.842 75.562 -70.429
1 42 13 0.3072 0.1145 0 0 -24.888 77.746 -73.525
1 43 6 0.1024 -0.964 0 0 -27.514 78.937 -75.981
1 44 22 0.1445 0.9742 0 0 -26.380 78.471 -79.569
1 45 22 0.0542 -0.958 0 0 -27.819 78.268 -83.068
1 46 11 0.1867 0.9561 0 0 -27.229 74.913 -84.751
1 47 3 0.0421 0.6861 0 0 -28.488 74.483 -88.307
1 48 9 0.0060 0.0000 0 0 -30.891 77.385 -87.854
1 49 7 0.0120 0.4617 0 0 -32.274 76.046 -84.591
1 50 18 0.0180 -0.756 0 0 -31.866 78.128 -81.452
1 51 5 0.0963 0.7420 0 0 -31.126 75.614 -78.732
1 52 12 0.2168 -0.355 0 0 -29.731 75.212 -75.258
1 53 12 0.5481 0.4814 0 0 -26.697 72.965 -74.874
1 54 3 0.5903 -0.886 0 0 -26.293 71.306 -71.476
1 55 11 0.8253 0.5221 0 0 -22.852 69.720 -71.395
1 56 12 0.8313 -0.363 0 0 -21.655 67.391 -68.659
1 57 3 0.8855 -0.054 0 0 -17.880 67.117 -68.365
1 58 18 0.8373 0.4809 0 0 -17.148 63.847 -66.542
1 59 0 0.6867 -0.956 0 0 -14.161 62.459 -64.652
1 60 9 0.7349 0.0000 0 0 -11.727 60.233 -66.516
1 61 11 0.4156 -0.470 0 0 -9.705 59.234 -63.458
1 62 7 0.2409 -0.583 0 0 -11.281 56.294 -61.607
1 63 7 0.0481 -0.533 0 0 -10.633 57.711 -58.129
1 64 20 0.1807 -0.185 0 0 -12.638 60.796 -59.145
1 65 17 0.3493 0.1882 0 0 -15.497 58.965 -60.894
1 66 0 0.0903 -0.510 0 0 -17.761 58.568 -57.861
1 67 14 0.1325 -0.722 0 0 -21.394 58.790 -59.042
1 68 1 0.4578 0.6150 0 0 -20.420 59.256 -62.687
1 69 3 0.3855 -0.310 0 0 -23.114 56.780 -63.709
1 70 6 0.2228 -0.968 0 0 -25.788 58.881 -62.051
1 71 20 0.4457 -0.337 0 0 -24.788 62.042 -63.905
1 72 14 0.6686 0.5007 0 0 -24.510 60.292 -67.282
1 73 1 0.4216 -0.970 0 0 -27.986 58.780 -66.943
1 74 18 0.4277 -0.043 0 0 -29.652 62.016 -68.055
1 75 9 0.6987 0.0000 0 0 -27.500 62.349 -71.168
1 76 7 0.6325 -0.574 0 0 -29.136 62.224 -74.588
1 77 9 0.8614 0.0000 0 0 -25.878 62.051 -76.531
1 78 15 0.9638 -0.656 0 0 -22.297 61.111 -75.701
1 79 12 0.9939 0.5003 0 0 -18.901 62.176 -77.010
1 80 5 0.9819 -0.772 0 0 -16.537 59.240 -76.468
1 81 22 0.9759 0.5045 0 0 -13.092 60.822 -76.408
1 82 15 0.8795 -0.350 0 0 -9.634 59.286 -76.695
1 83 0 0.7530 -0.380 0 0 -6.328 60.974 -77.606
1 84 11 0.5240 -0.116 0 0 -4.497 60.057 -80.820
1 85 2 0.3012 0.1433 0 0 -1.215 59.884 -78.895
1 86 2 0.3674 0.3779 0 0 -2.646 57.598 -76.196
1 87 18 0.2891 -0.885 0 0 -3.281 54.064 -77.453
1 88 13 0.2951 -0.325 0 0 -4.593 52.927 -74.074
1 89 17 0.6144 0.4567 0 0 -7.331 55.578 -74.125
1 90 15 0.5963 -0.300 0 0 -8.412 54.260 -77.534
1 91 7 0.3795 -0.833 0 0 -8.534 50.675 -76.277
1 92 3 0.5361 -0.184 0 0 -10.550 51.977 -73.270
1 93 11 0.7650 0.6657 0 0 -13.340 53.259 -75.538
1 94 10 0.5060 -0.941 0 0 -14.979 49.841 -75.462
1 95 6 0.4819 0.1201 0 0 -15.451 50.181 -71.687
1 96 20 0.7831 0.3890 0 0 -17.090 53.589 -71.970
1 97 1 0.7168 -0.424 0 0 -19.511 52.436 -74.646
1 98 7 0.4397 -0.720 0 0 -20.537 49.558 -72.369
1 99 6 0.5 0.3922 0 0 -21.072 51.994 -69.506
1 100 11 0.6566 0.9172 0 0 -23.212 54.254 -71.680
1 101 13 0.4036 -0.157 0 0 -25.242 51.199 -72.729
1 102 1 0.2108 -0.079 0 0 -25.802 50.403 -69.044
1 103 22 0.3373 0.8857 0 0 -26.726 53.877 -67.865
1 104 13 0.3192 0.6658 0 0 -29.157 54.270 -70.771
1 105 3 0.0662 -0.983 0 0 -30.298 50.633 -70.801
1 106 17 0.1204 0.2996 0 0 -30.116 50.830 -74.587
1 107 3 0.1626 -0.941 0 0 -27.938 49.673 -77.473
1 108 3 0.2831 -0.432 0 0 -29.017 52.574 -79.683
1 109 22 0.5662 0.3698 0 0 -27.604 55.699 -78.007
1 110 16 0.7409 -0.500 0 0 -26.471 58.816 -79.937
1 111 14 0.8975 -0.209 0 0 -22.670 58.876 -79.915
1 112 22 0.9397 0.1079 0 0 -19.656 60.311 -81.715
1 113 12 0.9277 -0.666 0 0 -16.107 58.936 -81.511
1 114 22 0.9578 0.7031 0 0 -13.583 61.736 -81.011
1 115 9 0.8554 0.0000 0 0 -9.835 61.519 -81.526
1 116 2 0.8493 0.3124 0 0 -8.453 64.540 -79.673
1 117 13 0.6024 0.1030 0 0 -5.036 66.266 -79.633
1 118 5 0.4518 0.2908 0 0 -4.727 65.945 -83.417
1 119 3 0.2349 0.3357 0 0 -2.282 68.864 -83.277
1 120 12 0.1144 0.3922 0 0 0.364 66.594 -81.712
1 121 0 0.0240 -0.923 0 0 2.725 64.483 -83.833
1 122 0 0.0301 0.0133 0 0 3.273 61.518 -81.491
1 123 1 0.0722 0.4469 0 0 0.347 59.717 -83.114
1 124 18 0.0602 0.0559 0 0 -0.107 56.057 -82.184
1 125 22 0.2469 0.8855 0 0 -3.752 55.774 -83.257
1 126 7 0.1084 -0.895 0 0 -4.104 56.099 -87.020
1 127 17 0.2590 -0.062 0 0 -7.242 57.680 -88.444
1 128 1 0.0843 -0.789 0 0 -8.159 54.437 -90.209
1 129 6 0.1385 -0.390 0 0 -8.059 52.456 -86.967
1 130 0 0.4759 0.6498 0 0 -10.515 54.876 -85.341
1 131 6 0.3614 -0.499 0 0 -12.712 55.009 -88.443
1 132 3 0.1566 -0.858 0 0 -12.989 51.206 -88.214
1 133 12 0.4096 0.6271 0 0 -14.000 51.300 -84.549
1 134 0 0.5722 0.4147 0 0 -16.624 53.991 -85.174
1 135 1 0.2771 -0.782 0 0 -17.980 52.064 -88.157
1 136 17 0.1746 0.2749 0 0 -18.489 49.017 -85.942
1 137 20 0.4337 0.5247 0 0 -20.545 51.186 -83.574
1 138 9 0.3433 0.0000 0 0 -22.407 52.804 -86.450
1 139 11 0.6204 0.7559 0 0 -21.243 56.265 -85.438
1 140 16 0.6807 0.1856 0 0 -19.091 59.091 -86.896
1 141 20 0.7590 -0.051 0 0 -15.388 59.504 -86.159
1 142 11 0.8072 0.2278 0 0 -14.039 63.039 -85.869
1 143 7 0.7710 -0.726 0 0 -10.588 64.287 -84.939
1 144 18 0.8012 0.9705 0 0 -10.168 67.437 -82.908
1 145 17 0.6445 -0.984 0 0 -7.713 69.701 -81.152
1 146 0 0.7048 0.4734 0 0 -8.861 71.691 -78.127
1 147 13 0.3975 -0.763 0 0 -5.629 73.620 -78.652
1 148 18 0.2710 -0.154 0 0 -6.173 74.884 -82.216
1 149 1 0.4698 -0.172 0 0 -9.985 74.495 -82.193
1 150 6 0.4638 -0.354 0 0 -9.782 72.161 -85.186
1 151 9 0.6626 0.0000 0 0 -12.979 70.115 -85.392
1 152 22 0.8132 -0.060 0 0 -14.215 71.188 -81.960
1 153 7 0.7289 -0.899 0 0 -17.510 72.750 -83.071
1 154 3 0.7228 -0.773 0 0 -17.980 69.979 -85.626
1 155 0 0.9156 0.6741 0 0 -17.691 67.262 -82.977
1 156 15 0.9216 0.5534 0 0 -20.284 68.737 -80.621
1 157 20 0.7469 -0.491 0 0 -22.649 69.832 -83.416
1 158 18 0.7771 0.0919 0 0 -22.313 66.446 -85.096
1 159 12 0.8734 0.7669 0 0 -23.426 64.878 -81.807
1 160 22 0.6927 -0.362 0 0 -26.505 67.119 -81.827
1 161 1 0.4879 -0.071 0 0 -27.200 65.978 -85.393
1 162 7 0.5843 0.2785 0 0 -26.893 62.343 -84.278
1 163 11 0.5421 0.5369 0 0 -29.366 62.987 -81.455
1 164 1 0.2530 0.0978 0 0 -31.791 64.471 -84.018
1 165 6 0.1506 0.2999 0 0 -31.625 61.244 -86.025
1 166 10 0.1686 0.1818 0 0 -32.687 59.290 -82.934
