1 1 14 0.0 0.4234 0 0 -36.225 76.702 -77.747
1 2 18 0.0361 0.1860 0 0 -34.967 73.120 -77.899
1 3 7 0.1867 0.3971 0 0 -32.600 71.827 -75.219
1 4 20 0.5060 -0.247 0 0 -29.875 69.269 -75.969
1 5 13 0.6626 -0.801 0 0 -28.161 67.482 -73.068
1 6 12 0.9036 0.0976 0 0 -24.643 66.460 -74.090
1 7 22 0.9457 -0.648 0 0 -22.184 64.444 -72.005
1 8 22 0.9879 0.3938 0 0 -18.422 64.236 -72.598
1 9 22 0.9698 -0.294 0 0 -16.723 61.032 -71.438
1 10 9 0.9337 0.0000 0 0 -13.351 59.368 -71.854
1 11 0 0.7951 -0.537 0 0 -10.094 58.534 -70.077
1 12 9 0.6325 0.0000 0 0 -8.315 60.971 -67.811
1 13 9 0.6265 0.0000 0 0 -6.311 63.644 -69.575
1 14 22 0.8192 0.5942 0 0 -7.643 63.117 -73.094
1 15 9 0.8674 0.0000 0 0 -8.953 66.688 -73.224
1 16 13 0.9518 0.1046 0 0 -12.655 66.528 -72.306
1 17 17 0.8433 -0.613 0 0 -12.542 69.747 -70.297
1 18 0 0.7831 -0.298 0 0 -10.351 71.599 -72.796
1 19 12 0.9096 0.6733 0 0 -12.742 70.656 -75.611
1 20 18 0.8915 0.3228 0 0 -15.820 71.814 -73.709
1 21 11 0.6686 -0.426 0 0 -14.200 75.042 -72.538
1 22 6 0.6204 -0.419 0 0 -12.937 75.834 -76.047
1 23 12 0.7048 0.5656 0 0 -16.463 75.395 -77.415
1 24 11 0.5421 0.3364 0 0 -18.179 77.389 -74.668
1 25 6 0.3132 0.0467 0 0 -15.579 79.979 -73.637
1 26 2 0.2771 -0.252 0 0 -13.364 80.202 -76.729
1 27 10 0.2108 -0.072 0 0 -9.967 79.692 -75.095
1 28 15 0.3313 0.1568 0 0 -7.535 76.833 -74.532
1 29 22 0.3192 0.3955 0 0 -6.871 75.497 -71.036
1 30 3 0.1265 -0.592 0 0 -3.167 74.606 -70.973
1 31 7 0.0843 -0.324 0 0 -3.002 73.283 -67.414
1 32 20 0.2289 0.4673 0 0 -4.340 69.954 -66.198
1 33 3 0.1987 -0.612 0 0 -6.843 70.144 -63.339
1 34 16 0.3554 -0.797 0 0 -8.701 66.813 -63.009
1 35 18 0.4939 0.8413 0 0 -12.473 67.145 -63.218
1 36 11 0.3795 -0.980 0 0 -15.028 65.718 -60.824
1 37 7 0.5 0.2669 0 0 -18.288 66.775 -62.502
1 38 3 0.5481 -0.242 0 0 -18.865 70.163 -64.155
1 39 17 0.5783 -0.783 0 0 -21.703 71.513 -66.278
1 40 20 0.5602 0.3423 0 0 -21.894 74.271 -68.885
1 41 1 0.3915 -0.633 0 0 -24.933 75.872 -70.495
1 42 13 0.3012 0.0166 0 0 -25.109 78.106 -73.545
1 43 6 0.1024 -0.893 0 0 -27.601 79.214 -76.178
1 44 22 0.1626 0.9761 0 0 -26.425 78.606 -79.732
1 45 22 0.0542 -0.968 0 0 -27.955 78.496 -83.194
1 46 11 0.1807 0.9623 0 0 -27.302 75.161 -84.883
1 47 3 0.0421 0.6768 0 0 -28.499 74.698 -88.455
1 48 9 0.0060 0.0000 0 0 -30.953 77.561 -88.065
1 49 7 0.0120 0.4453 0 0 -32.386 76.273 -84.794
1 50 18 0.0180 -0.760 0 0 -32.000 78.353 -81.647
1 51 5 0.0963 0.7879 0 0 -31.277 75.906 -78.854
1 52 12 0.2168 -0.367 0 0 -29.863 75.470 -75.375
1 53 12 0.5542 0.4660 0 0 -26.822 73.244 -74.931
1 54 3 0.5903 -0.884 0 0 -26.375 71.590 -71.540
1 55 11 0.8253 0.5005 0 0 -22.926 70.009 -71.496
1 56 12 0.8313 -0.375 0 0 -21.771 67.704 -68.721
1 57 3 0.8855 -0.084 0 0 -17.993 67.475 -68.392
1 58 18 0.8373 0.4917 0 0 -17.255 64.222 -66.549
1 59 0 0.6867 -0.952 0 0 -14.286 62.788 -64.672
1 60 9 0.7349 0.0000 0 0 -11.854 60.558 -66.536
1 61 13 0.4277 -0.508 0 0 -9.778 59.625 -63.492
1 62 7 0.2409 -0.578 0 0 -11.196 56.584 -61.689
1 63 7 0.0481 -0.511 0 0 -10.583 58.237 -58.313
1 64 20 0.1927 -0.226 0 0 -12.816 61.160 -59.327
1 65 17 0.3493 0.1376 0 0 -15.601 59.189 -61.040
1 66 0 0.0903 -0.455 0 0 -17.767 58.822 -57.920
1 67 14 0.1325 -0.575 0 0 -21.396 58.983 -59.070
1 68 1 0.4578 0.6467 0 0 -20.613 59.587 -62.743
1 69 3 0.3855 -0.319 0 0 -23.405 57.176 -63.707
1 70 6 0.2228 -0.733 0 0 -26.016 59.366 -62.020
1 71 20 0.4457 -0.318 0 0 -24.915 62.620 -63.667
1 72 14 0.6445 0.5834 0 0 -24.876 60.966 -67.103
1 73 1 0.4096 -0.951 0 0 -28.363 59.482 -66.749
1 74 18 0.4216 -0.385 0 0 -30.157 62.460 -68.336
1 75 9 0.6987 0.0000 0 0 -27.661 62.689 -71.187
1 76 7 0.6385 -0.610 0 0 -29.216 62.545 -74.654
1 77 9 0.8614 0.0000 0 0 -25.963 62.328 -76.606
1 78 15 0.9638 -0.658 0 0 -22.390 61.414 -75.728
1 79 12 0.9939 0.5018 0 0 -18.970 62.429 -77.003
1 80 5 0.9819 -0.781 0 0 -16.616 59.483 -76.461
1 81 22 0.9759 0.5277 0 0 -13.175 61.049 -76.375
1 82 15 0.8795 -0.341 0 0 -9.699 59.527 -76.630
1 83 0 0.7530 -0.384 0 0 -6.371 61.206 -77.482
1 84 11 0.5240 -0.156 0 0 -4.539 60.317 -80.704
1 85 2 0.3072 0.1472 0 0 -1.256 60.153 -78.770
1 86 2 0.3674 0.3767 0 0 -2.673 57.817 -76.087
1 87 18 0.2650 -0.891 0 0 -3.279 54.295 -77.365
1 88 13 0.2951 -0.333 0 0 -4.632 53.135 -74.013
1 89 17 0.6024 0.4688 0 0 -7.337 55.842 -74.061
1 90 15 0.5963 -0.287 0 0 -8.451 54.500 -77.455
1 91 7 0.3734 -0.840 0 0 -8.514 50.887 -76.249
1 92 3 0.5180 -0.497 0 0 -10.660 51.879 -73.280
1 93 11 0.7590 0.6770 0 0 -13.380 53.535 -75.349
1 94 10 0.5301 -0.805 0 0 -15.337 50.270 -75.033
1 95 6 0.4879 -0.308 0 0 -15.482 50.814 -71.266
1 96 20 0.7891 0.3594 0 0 -17.292 54.096 -71.812
1 97 1 0.7168 -0.350 0 0 -19.622 52.717 -74.484
1 98 7 0.4397 -0.515 0 0 -20.600 49.996 -72.001
1 99 6 0.5120 0.4514 0 0 -21.242 52.532 -69.241
1 100 11 0.6566 0.9135 0 0 -23.381 54.609 -71.596
1 101 13 0.4036 -0.108 0 0 -25.416 51.536 -72.515
1 102 1 0.2048 0.0314 0 0 -25.968 50.874 -68.804
1 103 22 0.3433 0.8958 0 0 -26.941 54.405 -67.793
1 104 13 0.3253 0.6620 0 0 -29.327 54.704 -70.742
1 105 3 0.0662 -0.984 0 0 -30.422 51.052 -70.829
1 106 17 0.1204 0.2830 0 0 -30.222 51.196 -74.617
1 107 3 0.1566 -0.890 0 0 -28.019 49.885 -77.420
1 108 3 0.2891 -0.388 0 0 -28.973 52.815 -79.652
1 109 22 0.5662 0.3539 0 0 -27.659 55.990 -78.013
1 110 16 0.7409 -0.536 0 0 -26.561 59.098 -79.962
1 111 14 0.8975 -0.038 0 0 -22.748 59.188 -79.897
1 112 22 0.9397 0.0986 0 0 -19.698 60.554 -81.692
1 113 12 0.9277 -0.660 0 0 -16.169 59.135 -81.411
1 114 22 0.9578 0.7328 0 0 -13.646 61.939 -80.939
1 115 9 0.8554 0.0000 0 0 -9.891 61.680 -81.438
1 116 2 0.8493 0.3197 0 0 -8.526 64.722 -79.632
1 117 13 0.6084 0.0982 0 0 -5.113 66.434 -79.567
1 118 5 0.4518 0.3023 0 0 -4.790 66.174 -83.348
1 119 3 0.2349 0.3571 0 0 -2.350 69.096 -83.242
1 120 12 0.1144 0.3991 0 0 0.266 66.802 -81.661
1 121 0 0.0240 -0.910 0 0 2.662 64.676 -83.731
1 122 0 0.0301 -0.030 0 0 3.277 61.720 -81.393
1 123 1 0.0722 0.4547 0 0 0.311 59.972 -82.979
1 124 18 0.0602 0.0349 0 0 -0.134 56.297 -82.121
1 125 22 0.2469 0.8732 0 0 -3.778 56.000 -83.212
1 126 7 0.1084 -0.886 0 0 -4.101 56.426 -86.976
1 127 17 0.2590 -0.036 0 0 -7.283 57.912 -88.425
1 128 1 0.0783 -0.817 0 0 -8.230 54.669 -90.197
1 129 6 0.1385 -0.372 0 0 -8.048 52.691 -86.950
1 130 0 0.4698 0.6509 0 0 -10.500 55.064 -85.274
1 131 6 0.3614 -0.485 0 0 -12.743 55.209 -88.344
1 132 3 0.1686 -0.842 0 0 -13.036 51.420 -88.119
1 133 12 0.4156 0.6007 0 0 -14.052 51.491 -84.456
1 134 0 0.5722 0.4290 0 0 -16.658 54.171 -85.096
1 135 1 0.2710 -0.736 0 0 -17.986 52.189 -88.067
1 136 17 0.1746 0.2724 0 0 -18.555 49.148 -85.847
1 137 20 0.4337 0.5263 0 0 -20.652 51.316 -83.518
1 138 9 0.3373 0.0000 0 0 -22.470 52.944 -86.422
1 139 11 0.6144 0.7478 0 0 -21.305 56.418 -85.398
1 140 16 0.6807 0.1754 0 0 -19.145 59.219 -86.854
1 141 20 0.7650 -0.057 0 0 -15.441 59.676 -86.080
1 142 11 0.8072 0.2389 0 0 -14.148 63.242 -85.850
1 143 7 0.7710 -0.731 0 0 -10.676 64.485 -84.945
1 144 18 0.8012 0.9775 0 0 -10.284 67.579 -82.819
1 145 17 0.6506 -0.985 0 0 -7.807 69.916 -81.192
1 146 0 0.7108 0.4675 0 0 -8.949 71.887 -78.170
1 147 13 0.3975 -0.763 0 0 -5.770 73.926 -78.699
1 148 18 0.2831 -0.118 0 0 -6.289 75.076 -82.298
1 149 1 0.4759 -0.176 0 0 -10.098 74.675 -82.308
1 150 6 0.4638 -0.395 0 0 -9.869 72.272 -85.241
1 151 9 0.6746 0.0000 0 0 -13.031 70.165 -85.408
1 152 22 0.8132 -0.065 0 0 -14.332 71.335 -82.034
1 153 7 0.7228 -0.917 0 0 -17.581 72.902 -83.245
1 154 3 0.7289 -0.410 0 0 -17.939 70.062 -85.765
1 155 0 0.9156 0.6801 0 0 -17.732 67.424 -83.024
1 156 15 0.9216 0.5631 0 0 -20.355 68.981 -80.744
1 157 20 0.7469 -0.514 0 0 -22.703 70.067 -83.545
1 158 18 0.7771 0.0785 0 0 -22.447 66.627 -85.146
1 159 12 0.8734 0.7680 0 0 -23.545 65.092 -81.853
1 160 22 0.6927 -0.346 0 0 -26.583 67.377 -81.953
1 161 1 0.4819 -0.066 0 0 -27.295 66.277 -85.523
1 162 7 0.5843 0.2754 0 0 -27.039 62.646 -84.370
1 163 11 0.5361 0.5253 0 0 -29.513 63.224 -81.546
1 164 1 0.2530 0.1066 0 0 -31.861 64.694 -84.176
1 165 6 0.1445 0.3092 0 0 -31.738 61.449 -86.179
1 166 10 0.1506 0.8020 0 0 -32.747 59.295 -83.213
