1 1 14 0.0 0.3484 0 0 -36.276 76.530 -76.071
1 2 18 0.0361 0.1634 0 0 -35.091 73.069 -77.124
1 3 7 0.1927 0.3823 0 0 -32.561 71.630 -74.688
1 4 20 0.5060 -0.246 0 0 -29.847 69.065 -75.447
1 5 13 0.6626 -0.801 0 0 -28.099 67.261 -72.580
1 6 12 0.9036 0.1031 0 0 -24.589 66.221 -73.608
1 7 22 0.9457 -0.638 0 0 -22.137 64.179 -71.544
1 8 22 0.9879 0.3920 0 0 -18.385 64.021 -72.156
1 9 22 0.9698 -0.290 0 0 -16.673 60.810 -71.027
1 10 9 0.9337 0.0000 0 0 -13.294 59.151 -71.437
1 11 0 0.7951 -0.538 0 0 -10.046 58.308 -69.642
1 12 9 0.6325 0.0000 0 0 -8.235 60.724 -67.369
1 13 9 0.6265 0.0000 0 0 -6.301 63.452 -69.135
1 14 22 0.8192 0.6054 0 0 -7.621 62.908 -72.661
1 15 9 0.8674 0.0000 0 0 -8.917 66.474 -72.764
1 16 13 0.9518 0.1041 0 0 -12.615 66.295 -71.871
1 17 17 0.8433 -0.596 0 0 -12.526 69.521 -69.874
1 18 0 0.7891 -0.274 0 0 -10.301 71.361 -72.346
1 19 12 0.9096 0.6607 0 0 -12.689 70.461 -75.171
1 20 18 0.8975 0.3174 0 0 -15.763 71.593 -73.255
1 21 11 0.6686 -0.422 0 0 -14.127 74.819 -72.101
1 22 6 0.6204 -0.427 0 0 -12.854 75.622 -75.595
1 23 12 0.7168 0.5578 0 0 -16.389 75.157 -76.951
1 24 11 0.5361 0.3327 0 0 -18.144 77.163 -74.247
1 25 6 0.3132 0.0537 0 0 -15.548 79.745 -73.203
1 26 2 0.2831 -0.268 0 0 -13.334 80.000 -76.290
1 27 10 0.2108 -0.066 0 0 -9.944 79.493 -74.657
1 28 15 0.3313 0.1563 0 0 -7.516 76.621 -74.107
1 29 22 0.3192 0.3958 0 0 -6.822 75.289 -70.616
1 30 3 0.1265 -0.597 0 0 -3.111 74.407 -70.537
1 31 7 0.0843 -0.321 0 0 -2.934 73.062 -66.988
1 32 20 0.2409 0.4597 0 0 -4.280 69.734 -65.789
1 33 3 0.2048 -0.613 0 0 -6.811 69.884 -62.947
1 34 16 0.3554 -0.804 0 0 -8.655 66.550 -62.538
1 35 18 0.5 0.8523 0 0 -12.427 66.915 -62.768
1 36 11 0.3734 -0.998 0 0 -14.980 65.558 -60.323
1 37 7 0.5180 0.2530 0 0 -18.227 66.542 -62.065
1 38 3 0.5542 -0.237 0 0 -18.795 69.941 -63.707
1 39 17 0.5783 -0.767 0 0 -21.637 71.269 -65.837
1 40 20 0.5602 0.3594 0 0 -21.867 74.042 -68.419
1 41 1 0.3975 -0.630 0 0 -24.912 75.642 -70.022
1 42 13 0.2951 0.1231 0 0 -25.035 77.914 -73.038
1 43 6 0.1024 -0.962 0 0 -27.638 79.102 -75.507
1 44 22 0.1445 0.9800 0 0 -26.486 78.517 -79.075
1 45 22 0.0542 -0.964 0 0 -27.949 78.313 -82.563
1 46 11 0.1867 0.9543 0 0 -27.293 74.963 -84.217
1 47 3 0.0421 0.6754 0 0 -28.499 74.546 -87.795
1 48 9 0.0060 0.0000 0 0 -30.930 77.432 -87.407
1 49 7 0.0120 0.4425 0 0 -32.381 76.108 -84.168
1 50 18 0.0180 -0.762 0 0 -31.935 78.227 -81.057
1 51 5 0.0903 0.7662 0 0 -31.255 75.768 -78.257
1 52 12 0.2168 -0.405 0 0 -29.823 75.280 -74.798
1 53 12 0.5301 0.4796 0 0 -26.751 73.086 -74.414
1 54 3 0.5903 -0.903 0 0 -26.260 71.441 -71.026
1 55 11 0.8253 0.5156 0 0 -22.854 69.780 -71.013
1 56 12 0.8313 -0.387 0 0 -21.728 67.463 -68.249
1 57 3 0.8855 -0.064 0 0 -17.947 67.203 -67.924
1 58 18 0.8373 0.4903 0 0 -17.164 63.956 -66.094
1 59 0 0.6867 -0.960 0 0 -14.176 62.540 -64.232
1 60 9 0.7409 0.0000 0 0 -11.781 60.267 -66.083
1 61 22 0.4277 -0.563 0 0 -9.719 59.455 -62.991
1 62 7 0.2289 -0.606 0 0 -11.130 56.482 -61.094
1 63 7 0.0481 -0.568 0 0 -10.656 57.970 -57.629
1 64 20 0.1746 -0.234 0 0 -12.641 61.055 -58.625
1 65 17 0.3493 0.2122 0 0 -15.436 59.218 -60.468
1 66 0 0.0963 -0.647 0 0 -17.617 58.397 -57.466
1 67 14 0.1325 -0.667 0 0 -21.206 59.165 -58.490
1 68 1 0.4578 0.6186 0 0 -20.406 59.414 -62.197
1 69 3 0.3915 -0.305 0 0 -23.065 56.864 -63.190
1 70 6 0.2228 -0.969 0 0 -25.850 58.883 -61.587
1 71 20 0.4457 -0.280 0 0 -24.760 62.149 -63.209
1 72 14 0.6445 0.5483 0 0 -24.755 60.509 -66.638
1 73 1 0.4156 -0.951 0 0 -28.272 59.021 -66.475
1 74 18 0.4216 -0.128 0 0 -29.888 62.248 -67.684
1 75 9 0.6927 0.0000 0 0 -27.606 62.532 -70.712
1 76 7 0.6385 -0.594 0 0 -29.167 62.334 -74.173
1 77 9 0.8614 0.0000 0 0 -25.904 62.007 -76.071
1 78 15 0.9638 -0.655 0 0 -22.316 61.153 -75.230
1 79 12 0.9939 0.4966 0 0 -18.936 62.237 -76.548
1 80 5 0.9819 -0.775 0 0 -16.571 59.302 -76.029
1 81 22 0.9759 0.5224 0 0 -13.137 60.891 -75.960
1 82 15 0.8795 -0.354 0 0 -9.674 59.371 -76.182
1 83 0 0.7530 -0.394 0 0 -6.341 61.041 -77.030
1 84 11 0.5240 -0.110 0 0 -4.540 60.147 -80.258
1 85 2 0.3072 0.1496 0 0 -1.261 59.969 -78.318
1 86 2 0.3674 0.3636 0 0 -2.638 57.626 -75.640
1 87 18 0.2710 -0.885 0 0 -3.266 54.109 -76.928
1 88 13 0.3012 -0.329 0 0 -4.616 52.965 -73.557
1 89 17 0.6024 0.4563 0 0 -7.336 55.657 -73.608
1 90 15 0.5963 -0.291 0 0 -8.440 54.343 -77.015
1 91 7 0.3795 -0.838 0 0 -8.535 50.746 -75.783
1 92 3 0.5481 -0.164 0 0 -10.517 52.097 -72.789
1 93 11 0.7710 0.6608 0 0 -13.374 53.361 -74.986
1 94 10 0.4939 -0.974 0 0 -14.906 49.881 -74.750
1 95 6 0.4819 -0.656 0 0 -15.402 50.416 -71.004
1 96 20 0.7831 0.3724 0 0 -17.121 53.779 -71.442
1 97 1 0.7048 -0.402 0 0 -19.445 52.383 -74.092
1 98 7 0.4397 -0.772 0 0 -20.502 49.698 -71.611
1 99 6 0.5120 0.4794 0 0 -21.027 52.246 -68.847
1 100 11 0.6566 0.9050 0 0 -23.230 54.315 -71.143
1 101 13 0.3855 -0.064 0 0 -25.319 51.246 -71.985
1 102 1 0.1987 0.0149 0 0 -25.864 50.547 -68.276
1 103 22 0.3433 0.7769 0 0 -26.655 54.145 -67.390
1 104 13 0.3253 0.6470 0 0 -29.154 54.406 -70.250
1 105 3 0.0662 -0.983 0 0 -30.283 50.761 -70.282
1 106 17 0.1204 0.2613 0 0 -30.079 50.884 -74.071
1 107 3 0.1686 -0.964 0 0 -27.842 49.732 -76.915
1 108 3 0.2891 -0.429 0 0 -29.042 52.618 -79.089
1 109 22 0.5662 0.3664 0 0 -27.598 55.762 -77.493
1 110 16 0.7349 -0.524 0 0 -26.510 58.861 -79.462
1 111 14 0.8915 -0.088 0 0 -22.707 58.947 -79.418
1 112 22 0.9397 0.1103 0 0 -19.686 60.349 -81.229
1 113 12 0.9277 -0.656 0 0 -16.145 58.947 -80.993
1 114 22 0.9578 0.7250 0 0 -13.622 61.745 -80.507
1 115 9 0.8554 0.0000 0 0 -9.868 61.478 -80.994
1 116 2 0.8493 0.3240 0 0 -8.490 64.531 -79.195
1 117 13 0.6144 0.0975 0 0 -5.077 66.252 -79.117
1 118 5 0.4518 0.3008 0 0 -4.744 65.979 -82.899
1 119 3 0.2349 0.3520 0 0 -2.336 68.925 -82.783
1 120 12 0.1144 0.4036 0 0 0.268 66.661 -81.142
1 121 0 0.0240 -0.911 0 0 2.702 64.539 -83.167
1 122 0 0.0301 -0.017 0 0 3.295 61.529 -80.887
1 123 1 0.0722 0.4464 0 0 0.339 59.806 -82.532
1 124 18 0.0602 0.0375 0 0 -0.124 56.134 -81.658
1 125 22 0.2469 0.8810 0 0 -3.753 55.845 -82.758
1 126 7 0.1084 -0.881 0 0 -4.038 56.200 -86.533
1 127 17 0.2530 -0.054 0 0 -7.213 57.712 -87.990
1 128 1 0.0783 -0.842 0 0 -8.169 54.464 -89.740
1 129 6 0.1385 -0.381 0 0 -7.957 52.536 -86.466
1 130 0 0.4698 0.6566 0 0 -10.458 54.899 -84.827
1 131 6 0.3614 -0.486 0 0 -12.687 55.010 -87.913
1 132 3 0.1566 -0.842 0 0 -12.952 51.221 -87.686
1 133 12 0.4096 0.6087 0 0 -13.991 51.295 -84.030
1 134 0 0.5722 0.4114 0 0 -16.579 53.985 -84.715
1 135 1 0.2590 -0.981 0 0 -17.892 51.976 -87.673
1 136 17 0.1626 0.2712 0 0 -18.452 48.952 -85.432
1 137 20 0.4337 0.5242 0 0 -20.536 51.124 -83.092
1 138 9 0.3373 0.0000 0 0 -22.370 52.760 -85.983
1 139 11 0.6084 0.7465 0 0 -21.230 56.228 -84.942
1 140 16 0.6746 0.1911 0 0 -19.088 59.039 -86.430
1 141 20 0.7590 -0.055 0 0 -15.392 59.479 -85.628
1 142 11 0.8072 0.2364 0 0 -14.098 63.041 -85.388
1 143 7 0.7650 -0.731 0 0 -10.630 64.295 -84.497
1 144 18 0.8012 0.9755 0 0 -10.248 67.406 -82.386
1 145 17 0.6506 -0.987 0 0 -7.786 69.751 -80.748
1 146 0 0.7108 0.4621 0 0 -8.909 71.724 -77.720
1 147 13 0.4036 -0.759 0 0 -5.749 73.757 -78.277
1 148 18 0.2771 -0.131 0 0 -6.268 74.893 -81.875
1 149 1 0.4759 -0.177 0 0 -10.076 74.485 -81.910
1 150 6 0.4638 -0.364 0 0 -9.853 72.091 -84.851
1 151 9 0.6807 0.0000 0 0 -13.009 69.956 -84.948
1 152 22 0.8132 -0.077 0 0 -14.281 71.148 -81.560
1 153 7 0.7289 -0.913 0 0 -17.541 72.726 -82.733
1 154 3 0.7228 -0.753 0 0 -17.927 69.890 -85.272
1 155 0 0.9156 0.6688 0 0 -17.690 67.251 -82.550
1 156 15 0.9216 0.5658 0 0 -20.282 68.790 -80.229
1 157 20 0.7469 -0.512 0 0 -22.662 69.856 -83.002
1 158 18 0.7771 0.0841 0 0 -22.387 66.427 -84.624
1 159 12 0.8734 0.7698 0 0 -23.490 64.888 -81.332
1 160 22 0.6987 -0.338 0 0 -26.533 67.166 -81.376
1 161 1 0.4879 -0.064 0 0 -27.255 66.067 -84.946
1 162 7 0.5843 0.2742 0 0 -26.999 62.443 -83.782
1 163 11 0.5421 0.5302 0 0 -29.446 63.048 -80.933
1 164 1 0.2650 0.1026 0 0 -31.826 64.511 -83.534
1 165 6 0.1506 0.3172 0 0 -31.725 61.255 -85.505
1 166 10 0.1807 0.1737 0 0 -32.659 59.243 -82.412
