1 1 14 0.0 0.3933 0 0 -36.487 76.737 -77.717
1 2 18 0.0421 0.1819 0 0 -34.959 73.277 -78.183
1 3 7 0.2048 -0.005 0 0 -32.555 72.093 -75.482
1 4 20 0.5120 -0.247 0 0 -29.870 69.481 -76.198
1 5 13 0.6626 -0.858 0 0 -28.207 67.685 -73.280
1 6 12 0.9036 0.1107 0 0 -24.689 66.703 -74.321
1 7 22 0.9457 -0.628 0 0 -22.209 64.688 -72.273
1 8 22 0.9879 0.4041 0 0 -18.458 64.470 -72.858
1 9 22 0.9698 -0.291 0 0 -16.770 61.257 -71.692
1 10 9 0.9337 0.0000 0 0 -13.377 59.610 -72.116
1 11 0 0.7891 -0.543 0 0 -10.144 58.753 -70.286
1 12 9 0.6325 0.0000 0 0 -8.381 61.213 -68.012
1 13 9 0.6265 0.0000 0 0 -6.400 63.909 -69.778
1 14 22 0.8192 0.5927 0 0 -7.763 63.299 -73.278
1 15 9 0.8674 0.0000 0 0 -9.032 66.879 -73.459
1 16 13 0.9518 0.0970 0 0 -12.724 66.753 -72.508
1 17 17 0.8433 -0.625 0 0 -12.599 70.005 -70.536
1 18 0 0.7831 -0.252 0 0 -10.380 71.774 -73.075
1 19 12 0.9096 0.6821 0 0 -12.814 70.815 -75.843
1 20 18 0.8975 0.2982 0 0 -15.879 71.987 -73.951
1 21 11 0.6686 -0.434 0 0 -14.287 75.234 -72.779
1 22 6 0.6204 -0.417 0 0 -13.007 76.012 -76.275
1 23 12 0.7228 0.5555 0 0 -16.545 75.538 -77.629
1 24 11 0.5421 0.3457 0 0 -18.277 77.581 -74.928
1 25 6 0.3132 0.0354 0 0 -15.662 80.130 -73.865
1 26 2 0.2831 -0.239 0 0 -13.441 80.313 -76.936
1 27 10 0.2168 -0.080 0 0 -10.025 79.840 -75.337
1 28 15 0.3313 0.1708 0 0 -7.587 76.995 -74.772
1 29 22 0.3192 0.3997 0 0 -6.955 75.724 -71.255
1 30 3 0.1265 -0.588 0 0 -3.241 74.890 -71.168
1 31 7 0.0843 -0.327 0 0 -3.076 73.527 -67.628
1 32 20 0.2349 0.4516 0 0 -4.422 70.207 -66.421
1 33 3 0.1927 -0.606 0 0 -6.934 70.426 -63.569
1 34 16 0.3554 -0.818 0 0 -8.726 67.063 -63.191
1 35 18 0.4879 0.8398 0 0 -12.506 67.393 -63.437
1 36 11 0.3855 -0.997 0 0 -15.083 65.952 -61.040
1 37 7 0.5180 0.2559 0 0 -18.302 67.010 -62.790
1 38 3 0.5481 -0.267 0 0 -18.912 70.391 -64.473
1 39 17 0.5783 -0.767 0 0 -21.765 71.657 -66.621
1 40 20 0.5602 0.3283 0 0 -21.928 74.447 -69.196
1 41 1 0.4096 -0.592 0 0 -24.906 76.084 -70.876
1 42 13 0.3072 0.1020 0 0 -25.039 78.281 -73.961
1 43 6 0.1144 -0.875 0 0 -27.556 79.356 -76.583
1 44 22 0.1566 0.9821 0 0 -26.341 78.791 -80.125
1 45 22 0.0602 -0.972 0 0 -27.920 78.708 -83.569
1 46 11 0.1626 0.9696 0 0 -27.329 75.407 -85.336
1 47 3 0.0361 0.6563 0 0 -28.654 74.956 -88.867
1 48 9 0.0060 0.0000 0 0 -31.005 77.888 -88.391
1 49 7 0.0120 0.4427 0 0 -32.374 76.545 -85.109
1 50 18 0.0180 -0.736 0 0 -31.844 78.566 -81.943
1 51 5 0.0963 0.6146 0 0 -31.070 75.949 -79.308
1 52 12 0.2289 -0.346 0 0 -29.831 75.636 -75.753
1 53 12 0.5542 0.4487 0 0 -26.804 73.408 -75.295
1 54 3 0.5903 -0.894 0 0 -26.327 71.877 -71.854
1 55 11 0.8253 0.5096 0 0 -22.923 70.226 -71.780
1 56 12 0.8313 -0.378 0 0 -21.809 67.944 -68.968
1 57 3 0.8855 -0.073 0 0 -18.045 67.719 -68.621
1 58 18 0.8373 0.4901 0 0 -17.319 64.462 -66.795
1 59 0 0.6987 -0.965 0 0 -14.302 63.026 -65.006
1 60 9 0.7409 0.0000 0 0 -11.946 60.718 -66.845
1 61 12 0.4277 -0.341 0 0 -10.047 59.743 -63.709
1 62 7 0.2228 -0.577 0 0 -11.569 56.937 -61.655
1 63 7 0.0481 -0.388 0 0 -10.612 58.873 -58.517
1 64 20 0.1867 -0.143 0 0 -12.941 61.744 -59.468
1 65 17 0.3493 0.5933 0 0 -15.596 59.551 -61.132
1 66 0 0.0903 -0.418 0 0 -18.017 59.473 -58.157
1 67 14 0.1024 -0.654 0 0 -21.755 59.387 -58.965
1 68 1 0.4457 0.7834 0 0 -20.786 60.013 -62.591
1 69 3 0.3795 -0.285 0 0 -23.419 57.503 -63.750
1 70 6 0.2108 -0.781 0 0 -26.188 59.642 -62.268
1 71 20 0.4518 -0.275 0 0 -25.046 62.855 -63.960
1 72 14 0.6445 0.5696 0 0 -24.937 61.198 -67.389
1 73 1 0.4156 -0.947 0 0 -28.432 59.733 -67.018
1 74 18 0.4036 -0.348 0 0 -30.269 62.659 -68.658
1 75 9 0.6927 0.0000 0 0 -27.687 62.919 -71.429
1 76 7 0.6385 -0.605 0 0 -29.238 62.794 -74.900
1 77 9 0.8614 0.0000 0 0 -25.996 62.616 -76.854
1 78 15 0.9638 -0.640 0 0 -22.426 61.673 -76.013
1 79 12 0.9939 0.5043 0 0 -18.985 62.589 -77.282
1 80 5 0.9819 -0.783 0 0 -16.615 59.648 -76.711
1 81 22 0.9759 0.5246 0 0 -13.170 61.230 -76.646
1 82 15 0.8795 -0.333 0 0 -9.705 59.682 -76.867
1 83 0 0.7530 -0.384 0 0 -6.396 61.379 -77.707
1 84 11 0.5240 -0.135 0 0 -4.620 60.461 -80.954
1 85 2 0.3012 0.1334 0 0 -1.341 60.358 -79.015
1 86 2 0.3734 0.3574 0 0 -2.703 58.018 -76.331
1 87 18 0.2590 -0.903 0 0 -3.290 54.477 -77.583
1 88 13 0.2951 -0.295 0 0 -4.652 53.319 -74.243
1 89 17 0.6024 0.4531 0 0 -7.346 56.020 -74.285
1 90 15 0.5963 -0.295 0 0 -8.473 54.689 -77.673
1 91 7 0.3674 -0.838 0 0 -8.454 51.064 -76.502
1 92 3 0.4939 -0.494 0 0 -10.588 52.036 -73.497
1 93 11 0.7590 0.6611 0 0 -13.342 53.683 -75.526
1 94 10 0.5301 -0.805 0 0 -15.352 50.454 -75.142
1 95 6 0.5 -0.363 0 0 -15.568 51.128 -71.394
1 96 20 0.7951 0.3524 0 0 -17.396 54.405 -71.969
1 97 1 0.7048 -0.275 0 0 -19.607 52.839 -74.634
1 98 7 0.4397 -0.483 0 0 -20.605 50.226 -72.051
1 99 6 0.5060 0.4640 0 0 -21.251 52.820 -69.346
1 100 11 0.6506 0.9117 0 0 -23.460 54.838 -71.692
1 101 13 0.3915 -0.779 0 0 -25.406 51.692 -72.582
1 102 1 0.1987 0.0437 0 0 -26.030 51.097 -68.865
1 103 22 0.3373 0.9034 0 0 -26.979 54.647 -67.922
1 104 13 0.3253 0.6454 0 0 -29.300 54.943 -70.928
1 105 3 0.0662 -0.985 0 0 -30.389 51.293 -71.038
1 106 17 0.1325 0.2808 0 0 -30.187 51.461 -74.828
1 107 3 0.1746 -0.803 0 0 -28.052 50.319 -77.773
1 108 3 0.2891 -0.426 0 0 -29.135 53.269 -79.911
1 109 22 0.5662 0.3626 0 0 -27.756 56.378 -78.191
1 110 16 0.7349 -0.517 0 0 -26.644 59.427 -80.228
1 111 14 0.8915 -0.072 0 0 -22.834 59.499 -80.237
1 112 22 0.9397 0.1041 0 0 -19.702 60.766 -81.973
1 113 12 0.9277 -0.665 0 0 -16.204 59.308 -81.666
1 114 22 0.9578 0.7352 0 0 -13.680 62.109 -81.177
1 115 9 0.8493 0.0000 0 0 -9.937 61.855 -81.741
1 116 2 0.8554 0.3278 0 0 -8.620 64.901 -79.888
1 117 13 0.6144 0.0986 0 0 -5.211 66.611 -79.798
1 118 5 0.4578 0.2780 0 0 -4.852 66.235 -83.572
1 119 3 0.2409 0.3470 0 0 -2.412 69.153 -83.446
1 120 12 0.1204 0.4011 0 0 0.152 66.910 -81.734
1 121 0 0.0240 -0.912 0 0 2.749 64.991 -83.749
1 122 0 0.0301 -0.055 0 0 3.246 61.910 -81.549
1 123 1 0.0722 0.4569 0 0 0.300 60.122 -83.163
1 124 18 0.0542 0.0226 0 0 -0.134 56.430 -82.359
1 125 22 0.2469 0.8775 0 0 -3.793 56.156 -83.348
1 126 7 0.1084 -0.906 0 0 -4.169 56.476 -87.118
1 127 17 0.2710 -0.037 0 0 -7.364 58.036 -88.470
1 128 1 0.0783 -0.843 0 0 -8.208 54.824 -90.319
1 129 6 0.1385 -0.372 0 0 -8.073 52.812 -87.086
1 130 0 0.4638 0.6625 0 0 -10.558 55.189 -85.429
1 131 6 0.3614 -0.470 0 0 -12.762 55.274 -88.532
1 132 3 0.1506 -0.824 0 0 -13.068 51.479 -88.290
1 133 12 0.3975 0.6079 0 0 -14.114 51.658 -84.641
1 134 0 0.5722 0.4146 0 0 -16.700 54.375 -85.313
1 135 1 0.2650 -0.757 0 0 -18.028 52.445 -88.316
1 136 17 0.1686 0.2622 0 0 -18.545 49.425 -86.054
1 137 20 0.4337 0.5527 0 0 -20.671 51.561 -83.728
1 138 9 0.3433 0.0000 0 0 -22.402 53.170 -86.677
1 139 11 0.6084 0.7573 0 0 -21.335 56.657 -85.619
1 140 16 0.6807 0.1573 0 0 -19.205 59.474 -87.101
1 141 20 0.7650 -0.064 0 0 -15.505 59.827 -86.333
1 142 11 0.8012 0.2109 0 0 -14.214 63.384 -86.076
1 143 7 0.7771 -0.740 0 0 -10.731 64.581 -85.127
1 144 18 0.8072 0.9708 0 0 -10.361 67.725 -83.051
1 145 17 0.6566 -0.991 0 0 -7.876 70.013 -81.377
1 146 0 0.7168 0.4533 0 0 -8.958 72.006 -78.345
1 147 13 0.4216 -0.745 0 0 -5.750 73.974 -78.901
1 148 18 0.2771 -0.140 0 0 -6.285 75.157 -82.494
1 149 1 0.4819 -0.044 0 0 -10.094 74.802 -82.424
1 150 6 0.4698 -0.353 0 0 -9.948 72.503 -85.453
1 151 9 0.6746 0.0000 0 0 -13.051 70.312 -85.683
1 152 22 0.8132 -0.090 0 0 -14.324 71.507 -82.301
1 153 7 0.7289 -0.871 0 0 -17.643 73.024 -83.423
1 154 3 0.7108 -0.494 0 0 -17.997 70.253 -86.009
1 155 0 0.9156 0.6790 0 0 -17.792 67.599 -83.262
1 156 15 0.9216 0.5654 0 0 -20.418 69.181 -80.987
1 157 20 0.7469 -0.500 0 0 -22.721 70.242 -83.837
1 158 18 0.7710 0.0651 0 0 -22.513 66.836 -85.491
1 159 12 0.8734 0.7768 0 0 -23.602 65.362 -82.153
1 160 22 0.6867 -0.345 0 0 -26.654 67.634 -82.178
1 161 1 0.4759 -0.080 0 0 -27.408 66.503 -85.736
1 162 7 0.5843 0.2851 0 0 -27.094 62.863 -84.620
1 163 11 0.5361 0.5427 0 0 -29.580 63.501 -81.826
1 164 1 0.2530 0.0868 0 0 -31.922 64.959 -84.472
1 165 6 0.1445 0.2843 0 0 -31.688 61.760 -86.529
1 166 10 0.1807 0.3224 0 0 -32.662 59.906 -83.346
