1 1 14 0.0 0.4011 0 0 -36.422 77.252 -78.146
1 2 18 0.0379 0.1967 0 0 -34.996 73.767 -78.393
1 3 7 0.1962 -0.038 0 0 -32.621 72.630 -75.673
1 4 20 0.5189 -0.185 0 0 -29.943 70.014 -76.403
1 5 13 0.6455 -0.887 0 0 -28.304 68.220 -73.472
1 6 12 0.8860 0.1955 0 0 -24.788 67.234 -74.529
1 7 22 0.9303 -0.695 0 0 -22.298 65.221 -72.471
1 8 22 0.9873 0.4196 0 0 -18.546 65.011 -73.069
1 9 22 0.9556 -0.257 0 0 -16.848 61.818 -71.883
1 10 9 0.9113 0.0000 0 0 -13.500 60.095 -72.256
1 11 0 0.7088 -0.480 0 0 -10.237 59.262 -70.480
1 12 9 0.5886 0.0000 0 0 -8.502 61.715 -68.200
1 13 9 0.5759 0.0000 0 0 -6.491 64.377 -69.986
1 14 22 0.7974 0.5783 0 0 -7.812 63.818 -73.513
1 15 9 0.8354 0.0000 0 0 -9.082 67.400 -73.650
1 16 13 0.9430 0.0082 0 0 -12.773 67.281 -72.713
1 17 17 0.8164 -0.679 0 0 -12.683 70.524 -70.739
1 18 0 0.7468 -0.281 0 0 -10.492 72.323 -73.272
1 19 12 0.9050 0.7121 0 0 -12.910 71.358 -76.057
1 20 18 0.8797 0.2451 0 0 -15.981 72.557 -74.183
1 21 11 0.6582 -0.490 0 0 -14.326 75.781 -73.024
1 22 6 0.6265 -0.377 0 0 -13.050 76.524 -76.538
1 23 12 0.7025 0.5896 0 0 -16.565 76.079 -77.952
1 24 11 0.5316 0.3078 0 0 -18.324 78.104 -75.254
1 25 6 0.3354 -0.003 0 0 -15.722 80.673 -74.203
1 26 2 0.2974 -0.197 0 0 -13.465 80.891 -77.256
1 27 10 0.2088 -0.108 0 0 -10.080 80.411 -75.601
1 28 15 0.3417 0.1601 0 0 -7.661 77.534 -75.024
1 29 22 0.3037 0.3384 0 0 -7.000 76.271 -71.502
1 30 3 0.0949 -0.544 0 0 -3.302 75.367 -71.424
1 31 7 0.0632 -0.323 0 0 -3.135 74.115 -67.814
1 32 20 0.1708 0.3664 0 0 -4.513 70.702 -66.657
1 33 3 0.1265 -0.593 0 0 -6.937 70.955 -63.794
1 34 16 0.2784 -0.797 0 0 -8.754 67.634 -63.398
1 35 18 0.4303 0.8610 0 0 -12.524 68.031 -63.596
1 36 11 0.2848 -0.996 0 0 -15.043 66.820 -61.044
1 37 7 0.4367 0.2968 0 0 -18.254 67.766 -62.856
1 38 3 0.4620 -0.262 0 0 -18.992 71.072 -64.598
1 39 17 0.4936 -0.387 0 0 -21.841 72.419 -66.714
1 40 20 0.5126 0.3081 0 0 -21.962 75.066 -69.432
1 41 1 0.4050 -0.526 0 0 -24.944 76.652 -71.156
1 42 13 0.3101 0.0156 0 0 -25.173 78.887 -74.194
1 43 6 0.1012 -0.890 0 0 -27.585 79.921 -76.932
1 44 22 0.1835 0.9780 0 0 -26.368 79.370 -80.494
1 45 22 0.0696 -0.966 0 0 -27.963 79.251 -83.931
1 46 11 0.2025 0.9652 0 0 -27.490 75.925 -85.705
1 47 3 0.0443 0.6548 0 0 -28.958 75.476 -89.165
1 48 9 0.0063 0.0000 0 0 -31.288 78.441 -88.716
1 49 7 0.0126 0.4584 0 0 -32.543 77.169 -85.421
1 50 18 0.0316 -0.749 0 0 -31.904 79.080 -82.210
1 51 5 0.1518 0.5772 0 0 -30.588 76.352 -79.856
1 52 12 0.2215 -0.438 0 0 -29.887 76.226 -76.129
1 53 12 0.5443 0.5003 0 0 -26.881 73.983 -75.505
1 54 3 0.5949 -0.474 0 0 -26.468 72.426 -72.067
1 55 11 0.8101 0.5546 0 0 -23.035 70.779 -71.943
1 56 12 0.8037 -0.445 0 0 -21.937 68.466 -69.136
1 57 3 0.8481 -0.077 0 0 -18.146 68.292 -68.790
1 58 18 0.7848 0.4768 0 0 -17.355 65.022 -66.998
1 59 0 0.6202 -0.977 0 0 -14.288 63.622 -65.235
1 60 9 0.6518 0.0000 0 0 -12.087 61.071 -66.989
0 61 6 0 0 0 0 -12.087 61.071 -66.989
0 62 7 0 0 0 0 -12.087 61.071 -66.989
0 63 7 0 0 0 0 -12.087 61.071 -66.989
0 64 20 0 0 0 0 -12.087 61.071 -66.989
0 65 17 0 0 0 0 -12.087 61.071 -66.989
0 66 0 0 0 0 0 -12.087 61.071 -66.989
0 67 14 0 0 0 0 -12.087 61.071 -66.989
0 68 1 0 0 0 0 -12.087 61.071 -66.989
1 69 3 0.3291 -0.288 0 0 -23.987 57.854 -64.218
1 70 6 0.1139 -0.741 0 0 -26.556 59.955 -62.357
1 71 20 0.3670 0.2602 0 0 -25.555 63.344 -63.790
1 72 14 0.5632 0.5530 0 0 -25.311 61.828 -67.292
1 73 1 0.3607 -0.926 0 0 -28.757 60.210 -67.226
1 74 18 0.3797 -0.380 0 0 -30.460 63.190 -68.878
1 75 9 0.6708 0.0000 0 0 -27.845 63.439 -71.623
1 76 7 0.6329 -0.591 0 0 -29.325 63.325 -75.118
1 77 9 0.8670 0.0000 0 0 -26.060 63.075 -77.046
1 78 15 0.9620 -0.740 0 0 -22.488 62.171 -76.171
1 79 12 0.9936 0.7183 0 0 -19.052 63.111 -77.447
1 80 5 0.9810 -0.774 0 0 -16.726 60.146 -76.854
1 81 22 0.9746 0.5224 0 0 -13.280 61.705 -76.795
1 82 15 0.8734 -0.261 0 0 -9.790 60.201 -77.039
1 83 0 0.7278 -0.423 0 0 -6.459 61.871 -77.889
1 84 11 0.4873 -0.110 0 0 -4.600 60.958 -81.086
1 85 2 0.2721 0.1673 0 0 -1.311 60.856 -79.157
1 86 2 0.3544 0.3082 0 0 -2.650 58.465 -76.494
1 87 18 0.2151 -0.868 0 0 -3.294 54.925 -77.728
1 88 13 0.2278 -0.342 0 0 -4.670 53.798 -74.370
1 89 17 0.5569 0.4888 0 0 -7.353 56.528 -74.454
1 90 15 0.5696 -0.233 0 0 -8.509 55.129 -77.817
1 91 7 0.3481 -0.847 0 0 -8.451 51.541 -76.575
1 92 3 0.4493 -0.547 0 0 -10.640 52.531 -73.639
1 93 11 0.6835 0.7237 0 0 -13.410 54.171 -75.659
1 94 10 0.4683 -0.836 0 0 -15.467 50.983 -75.215
1 95 6 0.4430 -0.340 0 0 -15.632 51.645 -71.467
1 96 20 0.7341 0.3138 0 0 -17.452 54.914 -72.119
1 97 1 0.6645 0.0808 0 0 -19.736 53.315 -74.702
1 98 7 0.3924 -0.486 0 0 -20.648 50.719 -72.070
1 99 6 0.4556 0.4254 0 0 -21.364 53.406 -69.476
1 100 11 0.6012 0.9341 0 0 -23.612 55.329 -71.872
1 101 13 0.3734 -0.767 0 0 -25.532 52.139 -72.647
1 102 1 0.1329 0.0226 0 0 -26.000 51.566 -68.918
1 103 22 0.2531 0.8717 0 0 -27.140 55.116 -68.114
1 104 13 0.2468 0.6679 0 0 -29.497 55.427 -71.088
1 105 3 0.0506 -0.993 0 0 -30.465 51.737 -71.173
1 106 17 0.0886 0.3636 0 0 -30.320 51.944 -74.962
1 107 3 0.1392 -0.766 0 0 -28.166 50.752 -77.855
1 108 3 0.2594 -0.383 0 0 -29.285 53.694 -79.979
1 109 22 0.5506 0.2956 0 0 -27.873 56.889 -78.458
1 110 16 0.7405 -0.565 0 0 -26.703 59.941 -80.448
1 111 14 0.8987 -0.184 0 0 -22.889 60.038 -80.374
1 112 22 0.9493 0.1883 0 0 -19.793 61.295 -82.159
1 113 12 0.9367 -0.729 0 0 -16.299 59.791 -81.823
1 114 22 0.9683 0.7833 0 0 -13.777 62.588 -81.342
1 115 9 0.8607 0.0000 0 0 -10.039 62.332 -81.937
1 116 2 0.8544 0.2936 0 0 -8.662 65.353 -80.091
1 117 13 0.6139 0.0403 0 0 -5.249 67.059 -79.975
1 118 5 0.4746 0.3357 0 0 -4.900 66.734 -83.751
1 119 3 0.2405 0.3255 0 0 -2.431 69.631 -83.665
1 120 12 0.1202 0.3609 0 0 0.137 67.401 -81.933
1 121 0 0.0253 -0.907 0 0 2.765 65.497 -83.923
1 122 0 0.0189 -0.140 0 0 3.295 62.347 -81.819
1 123 1 0.0759 0.5013 0 0 0.281 60.621 -83.370
1 124 18 0.0569 -0.026 0 0 -0.156 56.943 -82.508
1 125 22 0.2341 0.8523 0 0 -3.827 56.599 -83.468
1 126 7 0.1075 -0.910 0 0 -4.188 56.948 -87.224
1 127 17 0.3164 0.0265 0 0 -7.363 58.453 -88.658
1 128 1 0.0822 -0.720 0 0 -8.233 55.189 -90.460
1 129 6 0.1455 -0.406 0 0 -8.094 53.269 -87.180
1 130 0 0.4810 0.6810 0 0 -10.613 55.617 -85.567
1 131 6 0.3987 -0.410 0 0 -12.777 55.633 -88.697
1 132 3 0.1645 -0.827 0 0 -13.100 51.859 -88.419
1 133 12 0.4113 0.5515 0 0 -14.213 52.087 -84.792
1 134 0 0.5822 0.4595 0 0 -16.751 54.812 -85.557
1 135 1 0.2911 -0.721 0 0 -18.080 52.780 -88.492
1 136 17 0.1772 0.2423 0 0 -18.699 49.782 -86.227
1 137 20 0.4240 0.5201 0 0 -20.764 52.038 -83.939
1 138 9 0.3860 0.0000 0 0 -22.607 53.681 -86.825
1 139 11 0.6392 0.7160 0 0 -21.450 57.158 -85.784
1 140 16 0.6962 0.1850 0 0 -19.276 59.936 -87.264
1 141 20 0.7721 -0.095 0 0 -15.569 60.326 -86.495
1 142 11 0.8291 0.2628 0 0 -14.288 63.901 -86.320
1 143 7 0.7784 -0.764 0 0 -10.792 65.100 -85.412
1 144 18 0.8227 0.9816 0 0 -10.380 68.207 -83.292
1 145 17 0.6772 -0.993 0 0 -7.901 70.537 -81.646
1 146 0 0.6898 0.4130 0 0 -9.053 72.539 -78.661
1 147 13 0.4177 -0.763 0 0 -5.844 74.526 -79.161
1 148 18 0.3227 -0.125 0 0 -6.391 75.696 -82.750
1 149 1 0.5063 -0.174 0 0 -10.195 75.311 -82.741
1 150 6 0.5 -0.367 0 0 -9.993 72.944 -85.703
1 151 9 0.7151 0.0000 0 0 -13.133 70.806 -85.875
1 152 22 0.8417 -0.110 0 0 -14.467 71.992 -82.522
1 153 7 0.7531 -0.899 0 0 -17.737 73.519 -83.745
1 154 3 0.7594 -0.783 0 0 -18.069 70.685 -86.255
1 155 0 0.9177 0.6870 0 0 -17.886 68.049 -83.515
1 156 15 0.9240 0.5334 0 0 -20.500 69.663 -81.267
1 157 20 0.7658 -0.528 0 0 -22.809 70.763 -84.096
1 158 18 0.7911 0.0843 0 0 -22.630 67.334 -85.688
1 159 12 0.8924 0.7346 0 0 -23.699 65.818 -82.362
1 160 22 0.7215 -0.360 0 0 -26.728 68.120 -82.421
1 161 1 0.5253 -0.094 0 0 -27.539 66.995 -85.964
1 162 7 0.6075 0.2997 0 0 -27.256 63.371 -84.816
1 163 11 0.5379 0.5171 0 0 -29.776 64.023 -82.052
1 164 1 0.2658 0.1103 0 0 -32.069 65.486 -84.730
1 165 6 0.1582 0.3439 0 0 -31.856 62.340 -86.858
1 166 10 0.1898 0.2372 0 0 -32.795 60.357 -83.749
