1 1 14 0.0 0.3725 0 0 -6.080 31.534 -6.553
1 2 18 0.0377 0.1964 0 0 -4.955 28.391 -4.781
1 3 7 0.2138 -0.497 0 0 -4.749 28.952 -1.040
1 4 20 0.5345 -0.203 0 0 -2.543 26.996 1.350
1 5 13 0.6540 -0.911 0 0 -3.746 26.989 4.950
1 6 12 0.8867 0.1794 0 0 -0.567 26.566 6.969
1 7 22 0.9308 -0.682 0 0 -0.424 26.286 10.738
1 8 22 0.9874 0.3553 0 0 2.709 26.713 12.826
1 9 22 0.9559 -0.242 0 0 2.673 24.771 16.105
1 10 9 0.9119 0.0000 0 0 5.081 23.870 18.873
1 11 0 0.7169 -0.466 0 0 6.164 24.609 22.434
1 12 9 0.5849 0.0000 0 0 6.273 28.128 23.767
1 13 9 0.5786 0.0000 0 0 9.305 30.130 22.720
1 14 22 0.7987 0.5736 0 0 10.686 27.804 20.050
1 15 9 0.8427 0.0000 0 0 10.434 30.508 17.409
1 16 13 0.9371 -0.011 0 0 7.088 29.961 15.683
1 17 17 0.8238 -0.681 0 0 6.429 33.700 15.374
1 18 0 0.7547 -0.243 0 0 10.039 34.521 14.507
1 19 12 0.8993 0.7121 0 0 9.953 32.020 11.641
1 20 18 0.8805 0.2499 0 0 6.658 33.367 10.310
1 21 11 0.6415 -0.484 0 0 7.704 37.010 10.584
1 22 6 0.6289 -0.356 0 0 10.997 36.238 8.856
1 23 12 0.6918 0.5842 0 0 9.114 34.634 5.940
1 24 11 0.5220 0.3069 0 0 6.499 37.375 5.580
1 25 6 0.3144 -0.046 0 0 8.216 40.512 6.923
1 26 2 0.2641 -0.330 0 0 11.861 39.730 6.131
1 27 10 0.2075 -0.159 0 0 13.302 40.491 9.584
1 28 15 0.3333 0.1321 0 0 14.163 38.782 12.875
1 29 22 0.2830 0.2681 0 0 12.012 39.564 15.907
1 30 3 0.1257 -0.476 0 0 14.436 39.383 18.826
1 31 7 0.0566 -0.148 0 0 12.036 40.266 21.633
1 32 20 0.0754 -0.171 0 0 9.631 38.663 24.100
1 33 3 0.1383 0.0133 0 0 6.119 38.691 22.650
1 34 16 0.2893 -0.836 0 0 3.945 35.598 23.416
1 35 18 0.4339 0.8758 0 0 1.356 34.793 20.775
1 36 11 0.3081 -0.980 0 0 -2.353 34.288 21.408
1 37 7 0.4402 -0.062 0 0 -3.227 33.805 17.736
1 38 3 0.4528 -0.239 0 0 -2.037 35.744 14.699
1 39 17 0.4779 -0.415 0 0 -2.865 35.270 11.022
1 40 20 0.4968 0.3338 0 0 -0.746 36.228 8.025
1 41 1 0.3584 -0.555 0 0 -2.052 36.261 4.457
1 42 13 0.3018 0.0746 0 0 0.443 36.840 1.665
1 43 6 0.0880 -0.926 0 0 0.330 36.386 -2.104
1 44 22 0.1446 0.9915 0 0 3.459 34.639 -3.351
1 45 22 0.0691 -0.965 0 0 4.789 32.644 -6.276
1 46 11 0.2012 0.9689 0 0 6.083 29.171 -5.459
1 47 3 0.0503 0.6844 0 0 7.500 27.097 -8.313
1 48 9 0.0062 0.0000 0 0 5.711 29.310 -10.817
1 49 7 0.0314 0.5018 0 0 2.322 28.930 -9.134
1 50 18 0.0251 -0.784 0 0 0.585 32.076 -7.906
1 51 5 0.1006 0.7684 0 0 -0.875 31.273 -4.497
1 52 12 0.2452 -0.319 0 0 -1.994 32.692 -1.184
1 53 12 0.5471 0.4778 0 0 -0.307 31.558 1.994
1 54 3 0.5534 -0.553 0 0 -2.762 31.803 4.867
1 55 11 0.8113 0.5364 0 0 -0.555 31.220 7.879
1 56 12 0.8050 -0.501 0 0 -1.851 30.767 11.406
1 57 3 0.8490 -0.036 0 0 0.760 31.526 14.062
1 58 18 0.7798 0.5147 0 0 -0.402 29.759 17.228
1 59 0 0.6163 -0.959 0 0 0.219 30.021 20.952
1 60 9 0.6352 0.0000 0 0 2.693 27.709 22.661
0 61 11 0 0 0 0 2.693 27.709 22.661
0 62 7 0 0 0 0 2.693 27.709 22.661
0 63 7 0 0 0 0 2.693 27.709 22.661
0 64 20 0 0 0 0 2.693 27.709 22.661
0 65 17 0 0 0 0 2.693 27.709 22.661
0 66 0 0 0 0 0 2.693 27.709 22.661
0 67 14 0 0 0 0 2.693 27.709 22.661
1 68 1 0.4213 0.3764 0 0 -6.362 23.931 19.158
1 69 3 0.2515 -0.648 0 0 -8.793 21.390 17.723
1 70 6 0.1698 -0.495 0 0 -10.556 24.046 15.684
1 71 20 0.4654 0.6284 0 0 -7.477 25.390 13.912
1 72 14 0.6037 0.2623 0 0 -5.941 21.941 13.515
1 73 1 0.3396 -0.879 0 0 -9.084 20.812 11.712
1 74 18 0.3647 -0.299 0 0 -9.007 23.569 9.086
1 75 9 0.6666 0.0000 0 0 -5.245 23.558 8.592
1 76 7 0.6477 -0.563 0 0 -3.941 21.791 5.481
1 77 9 0.8679 0.0000 0 0 -0.299 21.593 6.469
1 78 15 0.9685 -0.780 0 0 1.604 21.951 9.721
1 79 12 0.9937 0.6657 0 0 5.076 23.097 10.678
1 80 5 0.9811 -0.742 0 0 5.804 21.293 13.948
1 81 22 0.9748 0.4780 0 0 8.548 23.356 15.508
1 82 15 0.8742 -0.254 0 0 10.982 22.686 18.334
1 83 0 0.7106 -0.445 0 0 14.241 24.434 19.262
1 84 11 0.5157 -0.104 0 0 17.555 22.599 18.980
1 85 2 0.2704 0.1189 0 0 18.646 23.955 22.380
1 86 2 0.3459 0.3204 0 0 15.412 22.911 24.137
1 87 18 0.2327 -0.855 0 0 15.068 19.148 24.642
1 88 13 0.2578 -0.520 0 0 11.689 19.591 26.309
1 89 17 0.5660 0.4505 0 0 10.339 21.252 23.152
1 90 15 0.5974 -0.207 0 0 11.548 18.297 21.079
1 91 7 0.3710 -0.839 0 0 9.896 15.813 23.446
1 92 3 0.5094 -0.232 0 0 6.652 17.824 23.117
1 93 11 0.7358 0.6869 0 0 6.509 17.279 19.341
1 94 10 0.4842 -0.933 0 0 4.873 13.875 19.801
1 95 6 0.4465 -0.539 0 0 1.884 15.441 21.562
1 96 20 0.6981 0.3991 0 0 1.303 17.993 18.800
1 97 1 0.6792 -0.064 0 0 1.661 15.237 16.183
1 98 7 0.3899 -0.671 0 0 -0.852 12.981 17.914
1 99 6 0.4088 0.1143 0 0 -3.410 15.734 18.429
1 100 11 0.5723 0.9911 0 0 -3.212 16.743 14.769
1 101 13 0.3773 -0.036 0 0 -3.627 13.144 13.606
1 102 1 0.1194 -0.038 0 0 -6.609 12.671 15.909
1 103 22 0.1572 0.7512 0 0 -8.407 15.877 14.936
1 104 13 0.2201 0.8148 0 0 -7.839 15.370 11.207
1 105 3 0.0440 -0.719 0 0 -8.551 11.620 11.211
1 106 17 0.1320 0.5071 0 0 -5.307 11.141 9.313
1 107 3 0.1886 -0.838 0 0 -1.924 9.523 9.828
1 108 3 0.3522 -0.699 0 0 -0.394 11.153 6.745
1 109 22 0.5597 0.2801 0 0 -1.181 14.861 7.213
1 110 16 0.7484 -0.594 0 0 1.085 17.290 5.320
1 111 14 0.9056 0.0137 0 0 3.710 18.202 7.882
1 112 22 0.9496 0.1697 0 0 7.337 19.212 8.291
1 113 12 0.9433 -0.741 0 0 9.354 18.710 11.469
1 114 22 0.9622 0.7704 0 0 11.326 21.908 12.066
1 115 9 0.8616 0.0000 0 0 14.375 22.186 14.302
1 116 2 0.8553 0.2846 0 0 14.745 25.944 14.835
1 117 13 0.6100 0.0501 0 0 17.480 28.164 16.316
1 118 5 0.4591 0.3521 0 0 20.146 26.219 14.430
1 119 3 0.2389 0.3215 0 0 22.347 29.327 14.639
1 120 12 0.1069 0.3440 0 0 22.921 28.603 18.341
1 121 0 0.0188 -0.915 0 0 26.016 26.667 19.378
1 122 0 0.0125 -0.182 0 0 24.474 25.348 22.616
1 123 1 0.0817 0.5277 0 0 22.667 22.449 20.927
1 124 18 0.0628 0.0814 0 0 20.997 19.812 23.113
1 125 22 0.2264 0.8589 0 0 18.966 17.980 20.465
1 126 7 0.1132 -0.978 0 0 21.090 16.046 17.967
1 127 17 0.3270 -0.033 0 0 20.034 16.443 14.348
1 128 1 0.0943 -0.796 0 0 20.228 12.642 14.134
1 129 6 0.1509 -0.135 0 0 17.480 12.056 16.702
1 130 0 0.4716 0.6170 0 0 15.206 14.601 15.049
1 131 6 0.4150 -0.117 0 0 15.903 13.083 11.645
1 132 3 0.1761 -0.829 0 0 14.983 9.603 12.857
1 133 12 0.3962 0.4792 0 0 11.768 10.886 14.426
1 134 0 0.5911 0.4964 0 0 10.777 12.616 11.206
1 135 1 0.3207 -0.619 0 0 11.579 9.440 9.291
1 136 17 0.1823 0.1862 0 0 9.279 7.523 11.648
1 137 20 0.4276 0.5102 0 0 6.482 9.979 10.849
1 138 9 0.3836 0.0000 0 0 7.095 9.817 7.119
1 139 11 0.6603 0.6932 0 0 7.734 13.561 6.966
1 140 16 0.7295 0.1866 0 0 10.695 15.821 6.140
1 141 20 0.7861 -0.102 0 0 13.040 17.246 8.775
1 142 11 0.8301 0.2915 0 0 14.391 20.730 8.140
1 143 7 0.7735 -0.733 0 0 16.617 22.834 10.383
1 144 18 0.8176 0.9778 0 0 16.069 26.564 10.462
1 145 17 0.6729 -0.994 0 0 17.199 29.829 12.003
1 146 0 0.6855 0.4202 0 0 14.714 32.676 12.125
1 147 13 0.4025 -0.755 0 0 17.734 34.816 12.995
1 148 18 0.2955 -0.103 0 0 19.868 34.179 9.891
1 149 1 0.5031 0.0111 0 0 16.892 33.097 7.743
1 150 6 0.4905 -0.347 0 0 18.625 29.783 7.031
1 151 9 0.7044 0.0000 0 0 16.101 27.162 5.913
1 152 22 0.8364 -0.135 0 0 13.058 29.397 6.454
1 153 7 0.7421 -0.925 0 0 11.756 29.519 2.877
1 154 3 0.7610 -0.403 0 0 12.803 25.876 2.632
1 155 0 0.9245 0.6880 0 0 10.580 24.849 5.538
1 156 15 0.9182 0.4907 0 0 7.485 26.733 4.389
1 157 20 0.7672 -0.509 0 0 7.865 25.898 0.693
1 158 18 0.7924 0.0838 0 0 8.493 22.245 1.444
1 159 12 0.8930 0.7367 0 0 5.257 22.237 3.449
1 160 22 0.7232 -0.350 0 0 3.392 23.717 0.488
1 161 1 0.5283 -0.072 0 0 4.851 20.986 -1.724
1 162 7 0.6226 0.2878 0 0 3.803 18.281 0.734
1 163 11 0.5408 0.5349 0 0 0.256 19.638 0.464
1 164 1 0.2767 0.1254 0 0 0.499 19.567 -3.344
1 165 6 0.1635 0.2696 0 0 1.526 15.897 -3.268
1 166 10 0.1949 0.1776 0 0 -1.064 14.721 -0.746
