1 1 14 0.0 0.4802 0 0 6.015 -2.468 40.019
1 2 18 0.0361 0.1121 0 0 3.686 0.571 40.099
1 3 7 0.2168 0.0441 0 0 3.062 2.507 36.916
1 4 20 0.5120 -0.277 0 0 1.165 5.816 36.963
1 5 13 0.6686 -0.773 0 0 -0.526 7.053 33.765
1 6 12 0.8975 0.1046 0 0 -0.257 10.826 33.741
1 7 22 0.9457 -0.638 0 0 -1.624 13.017 30.928
1 8 22 0.9879 0.3622 0 0 -0.708 16.682 30.419
1 9 22 0.9698 -0.212 0 0 -3.408 18.913 28.932
1 10 9 0.9277 0.0000 0 0 -3.862 22.613 28.226
1 11 0 0.7831 -0.552 0 0 -3.882 25.170 25.394
1 12 22 0.6084 -0.912 0 0 -1.362 25.757 22.606
1 13 9 0.6144 0.0000 0 0 1.975 27.025 23.694
1 14 22 0.8132 0.5830 0 0 1.511 26.872 27.463
1 15 9 0.8614 0.0000 0 0 4.561 24.619 28.015
1 16 13 0.9518 0.1244 0 0 3.170 21.071 28.249
1 17 17 0.8433 -0.601 0 0 6.031 19.628 26.196
1 18 0 0.7590 -0.306 0 0 8.676 21.863 27.735
1 19 12 0.9036 0.6932 0 0 7.535 20.646 31.258
1 20 18 0.8795 0.3327 0 0 7.636 17.011 30.327
1 21 11 0.6445 -0.398 0 0 10.940 17.236 28.479
1 22 6 0.5963 -0.377 0 0 12.464 19.162 31.390
1 23 12 0.6807 0.5496 0 0 11.327 16.337 33.681
1 24 11 0.4939 0.2959 0 0 12.567 13.579 31.341
1 25 6 0.2650 0.0587 0 0 15.759 14.951 29.765
1 26 2 0.2590 -0.288 0 0 16.647 17.829 32.111
1 27 10 0.1867 -0.375 0 0 16.619 20.106 29.028
1 28 15 0.3253 0.1409 0 0 14.711 23.310 28.231
1 29 22 0.3192 0.3069 0 0 13.055 23.247 24.772
1 30 3 0.1144 -0.922 0 0 13.346 26.846 23.707
1 31 7 0.0662 -0.753 0 0 11.838 26.179 20.291
1 32 20 0.1686 0.3944 0 0 8.159 25.696 19.475
1 33 3 0.1566 -0.498 0 0 7.289 22.395 17.778
1 34 16 0.3493 -0.917 0 0 3.444 21.779 18.135
1 35 18 0.4759 0.8904 0 0 2.499 18.364 19.501
1 36 11 0.3614 -0.995 0 0 -0.023 15.937 18.110
1 37 7 0.4879 0.1140 0 0 0.787 13.239 20.710
1 38 3 0.5240 -0.317 0 0 3.947 12.036 22.480
1 39 17 0.5301 -0.540 0 0 4.709 9.518 25.190
1 40 20 0.5421 0.3026 0 0 7.479 9.523 27.808
1 41 1 0.4277 -0.736 0 0 8.475 7.104 30.604
1 42 13 0.3734 0.1459 0 0 10.507 7.767 33.724
1 43 6 0.1325 -0.981 0 0 11.383 5.634 36.736
1 44 22 0.2108 0.9981 0 0 11.273 7.897 39.873
1 45 22 0.0722 -0.956 0 0 11.180 7.618 43.721
1 46 11 0.1927 0.9691 0 0 8.148 9.330 45.245
1 47 3 0.0421 0.5780 0 0 7.569 9.215 49.047
1 48 9 0.0060 0.0000 0 0 10.103 6.477 49.327
1 49 7 0.0180 -0.341 0 0 8.608 4.206 46.656
1 50 18 0.0301 -0.640 0 0 10.247 3.606 43.304
1 51 5 0.1084 0.7772 0 0 7.594 3.858 40.567
1 52 12 0.2710 -0.406 0 0 7.190 4.363 36.838
1 53 12 0.5662 0.4935 0 0 5.684 7.466 35.263
1 54 3 0.5843 -0.479 0 0 4.045 6.938 31.905
1 55 11 0.8253 0.5023 0 0 3.335 10.430 30.615
1 56 12 0.8373 -0.500 0 0 1.121 11.488 27.694
1 57 3 0.8855 -0.131 0 0 1.938 14.936 26.246
1 58 18 0.8313 0.5073 0 0 -1.124 15.957 24.301
1 59 0 0.6746 -0.924 0 0 -2.134 18.492 21.638
1 60 9 0.7108 0.0000 0 0 -3.052 21.970 22.682
1 61 6 0.4096 -0.626 0 0 -4.308 22.348 19.096
1 62 7 0.2409 -0.563 0 0 -8.129 22.215 18.693
1 63 7 0.0542 -0.260 0 0 -7.782 20.090 15.531
1 64 20 0.1807 -0.190 0 0 -6.644 16.949 17.398
1 65 17 0.3373 -0.526 0 0 -9.332 17.087 20.149
1 66 0 0.0843 -0.909 0 0 -11.044 13.884 18.994
1 67 14 0.2891 0.0068 0 0 -8.001 12.105 20.483
1 68 1 0.4638 0.3669 0 0 -9.188 13.291 23.881
1 69 3 0.2349 -0.636 0 0 -11.802 10.531 24.337
1 70 6 0.2469 -0.428 0 0 -9.052 7.852 24.347
1 71 20 0.5542 0.6141 0 0 -6.447 9.491 26.584
1 72 14 0.6024 0.3351 0 0 -8.939 10.882 29.059
1 73 1 0.3554 -0.775 0 0 -10.187 7.280 29.449
1 74 18 0.4036 -0.153 0 0 -6.751 5.700 30.048
1 75 9 0.6987 0.0000 0 0 -5.254 8.581 32.055
1 76 7 0.6566 -0.574 0 0 -5.122 8.126 35.852
1 77 9 0.8674 0.0000 0 0 -4.133 11.742 36.586
1 78 15 0.9638 -0.750 0 0 -4.126 15.024 34.715
1 79 12 0.9939 0.5431 0 0 -1.796 18.069 34.781
1 80 5 0.9819 -0.739 0 0 -3.912 20.928 33.636
1 81 22 0.9759 0.5087 0 0 -1.451 23.523 32.408
1 82 15 0.8915 -0.369 0 0 -1.869 27.228 31.637
1 83 0 0.7469 -0.375 0 0 0.782 29.967 31.146
1 84 11 0.5180 -0.078 0 0 0.803 32.854 33.637
1 85 2 0.3132 0.0900 0 0 1.300 35.382 30.815
1 86 2 0.3674 0.3503 0 0 -1.722 33.988 28.816
1 87 18 0.2951 -0.956 0 0 -5.185 34.742 30.275
1 88 13 0.3313 -0.258 0 0 -7.022 32.756 27.561
1 89 17 0.6385 0.4001 0 0 -5.119 29.527 28.468
1 90 15 0.6325 -0.238 0 0 -6.283 30.137 32.079
1 91 7 0.4337 -0.831 0 0 -9.963 30.286 30.986
1 92 3 0.5783 -0.196 0 0 -9.505 27.154 28.848
1 93 11 0.7891 0.6609 0 0 -8.790 25.300 32.111
1 94 10 0.5361 -0.923 0 0 -12.533 24.892 33.016
1 95 6 0.4819 -0.872 0 0 -13.230 23.273 29.606
1 96 20 0.7710 0.4289 0 0 -10.416 20.754 30.132
1 97 1 0.7168 -0.170 0 0 -11.720 19.953 33.633
1 98 7 0.4216 -0.609 0 0 -15.321 19.347 32.455
1 99 6 0.4457 0.2878 0 0 -14.257 17.119 29.549
1 100 11 0.6265 0.9730 0 0 -12.163 14.996 31.931
1 101 13 0.3915 -0.108 0 0 -15.131 14.772 34.354
1 102 1 0.1265 -0.032 0 0 -17.393 13.733 31.447
1 103 22 0.2289 0.5297 0 0 -15.006 11.000 30.242
1 104 13 0.2228 0.7557 0 0 -14.460 9.475 33.709
1 105 3 0.0481 -0.995 0 0 -18.085 10.197 34.681
1 106 17 0.0963 0.4515 0 0 -16.700 11.329 38.059
1 107 3 0.1385 -0.784 0 0 -16.522 14.757 39.709
1 108 3 0.3433 -0.188 0 0 -13.302 13.878 41.605
1 109 22 0.5602 0.2543 0 0 -10.507 12.821 39.204
1 110 16 0.7409 -0.534 0 0 -6.830 13.240 40.380
1 111 14 0.9096 -0.059 0 0 -5.668 16.602 39.038
1 112 22 0.9397 0.0857 0 0 -3.135 19.393 39.707
1 113 12 0.9337 -0.645 0 0 -3.435 22.926 38.284
1 114 22 0.9578 0.6900 0 0 -0.139 24.116 36.836
1 115 9 0.8554 0.0000 0 0 0.738 27.774 36.237
1 116 2 0.8493 0.2726 0 0 3.744 27.584 33.927
1 117 13 0.5903 0.1144 0 0 6.340 30.228 32.700
1 118 5 0.4518 0.3171 0 0 6.680 31.797 36.183
1 119 3 0.2048 0.3694 0 0 10.193 32.936 35.095
1 120 12 0.1024 0.3766 0 0 8.537 35.679 33.076
1 121 0 0.0120 -0.907 0 0 8.141 39.232 34.414
1 122 0 0.0240 -0.317 0 0 4.974 40.081 32.437
1 123 1 0.0783 0.4599 0 0 2.341 37.933 34.104
1 124 18 0.0602 0.0959 0 0 -1.371 38.445 33.536
1 125 22 0.2530 0.8585 0 0 -2.702 35.765 35.890
1 126 7 0.1204 -0.901 0 0 -1.874 36.380 39.533
1 127 17 0.3072 -0.080 0 0 -0.968 33.433 41.775
1 128 1 0.0903 -0.996 0 0 -3.942 34.235 44.048
1 129 6 0.1506 -0.136 0 0 -6.364 33.998 41.136
1 130 0 0.5 0.6492 0 0 -5.017 30.520 40.288
1 131 6 0.3975 -0.381 0 0 -4.838 29.484 43.981
1 132 3 0.1746 -0.837 0 0 -8.569 30.364 44.175
1 133 12 0.4156 0.4749 0 0 -9.516 28.398 41.061
1 134 0 0.5722 0.4081 0 0 -7.591 25.413 42.430
1 135 1 0.3012 -0.788 0 0 -9.166 25.747 45.889
1 136 17 0.1626 0.2171 0 0 -12.620 25.790 44.212
1 137 20 0.4397 0.5166 0 0 -11.716 22.609 42.276
1 138 9 0.3795 0.0000 0 0 -10.306 20.766 45.336
1 139 11 0.6626 0.7152 0 0 -6.942 20.303 43.660
1 140 16 0.7289 0.1733 0 0 -3.336 21.479 44.192
1 141 20 0.7951 -0.094 0 0 -1.886 24.534 42.444
1 142 11 0.8192 0.2229 0 0 1.830 24.567 41.478
1 143 7 0.7650 -0.735 0 0 3.606 27.340 39.617
1 144 18 0.8012 0.9746 0 0 6.383 26.124 37.365
1 145 17 0.6506 -0.973 0 0 9.104 27.144 34.979
1 146 0 0.6867 0.4294 0 0 10.136 24.663 32.310
1 147 13 0.3855 -0.665 0 0 13.013 27.142 31.729
1 148 18 0.2771 -0.106 0 0 14.448 27.221 35.268
1 149 1 0.4698 -0.012 0 0 13.095 23.733 36.298
1 150 6 0.4578 -0.639 0 0 11.423 25.407 39.341
1 151 9 0.6927 0.0000 0 0 8.282 23.467 40.415
1 152 22 0.8072 -0.061 0 0 8.682 20.832 37.647
1 153 7 0.7228 -0.932 0 0 9.235 17.753 39.821
1 154 3 0.7349 -0.337 0 0 6.787 19.193 42.434
1 155 0 0.9156 0.6689 0 0 3.994 19.419 39.825
1 156 15 0.9216 0.4904 0 0 4.426 15.824 38.482
1 157 20 0.7530 -0.476 0 0 5.200 14.205 41.864
1 158 18 0.7771 0.1102 0 0 2.235 15.902 43.519
1 159 12 0.8734 0.7558 0 0 0.026 14.397 40.846
1 160 22 0.7048 -0.398 0 0 1.345 10.926 41.673
1 161 1 0.5060 -0.072 0 0 0.467 11.579 45.317
1 162 7 0.6204 0.2688 0 0 -3.023 12.774 44.206
1 163 11 0.5481 0.5131 0 0 -3.511 9.491 42.281
1 164 1 0.2831 0.0275 0 0 -2.325 7.508 45.370
1 165 6 0.1445 0.2410 0 0 -4.757 9.357 47.673
1 166 10 0.1987 0.7056 0 0 -7.760 8.861 45.400
