1 1 14 0.0060 -0.782 0 0 6.967 -1.116 40.196
1 2 18 0.0481 0.0289 0 0 3.663 0.762 40.281
1 3 7 0.2289 -0.214 0 0 2.910 2.699 37.079
1 4 20 0.5120 -0.269 0 0 1.103 6.050 37.162
1 5 13 0.6746 -0.851 0 0 -0.585 7.180 33.989
1 6 12 0.9036 0.0794 0 0 -0.325 10.991 34.127
1 7 22 0.9457 -0.660 0 0 -1.722 13.154 31.329
1 8 22 0.9879 0.3460 0 0 -0.660 16.750 30.632
1 9 22 0.9698 -0.223 0 0 -3.385 19.071 29.242
1 10 9 0.9277 0.0000 0 0 -3.910 22.770 28.349
1 11 0 0.7650 -0.541 0 0 -4.169 25.295 25.456
1 12 22 0.6204 -0.957 0 0 -1.512 25.604 22.673
1 13 9 0.6325 0.0000 0 0 1.860 26.896 23.907
1 14 22 0.8192 0.5565 0 0 1.281 26.814 27.694
1 15 9 0.8554 0.0000 0 0 4.475 24.728 28.056
1 16 13 0.9518 0.1080 0 0 3.073 21.201 28.492
1 17 17 0.8433 -0.593 0 0 5.871 19.620 26.421
1 18 0 0.7710 -0.244 0 0 8.529 21.888 27.968
1 19 12 0.8915 0.6995 0 0 7.709 20.797 31.553
1 20 18 0.8855 0.2571 0 0 7.419 17.131 30.666
1 21 11 0.6506 -0.395 0 0 10.901 17.191 29.080
1 22 6 0.6084 -0.329 0 0 12.404 19.175 31.987
1 23 12 0.6686 0.5657 0 0 11.417 16.230 34.125
1 24 11 0.4698 0.3792 0 0 12.654 13.554 31.721
1 25 6 0.2530 -0.004 0 0 15.841 15.194 30.323
1 26 2 0.2409 -0.277 0 0 16.687 18.324 32.388
1 27 10 0.1445 -0.825 0 0 16.828 20.215 28.975
1 28 15 0.3192 0.1370 0 0 14.791 23.421 28.444
1 29 22 0.3072 0.5781 0 0 13.129 23.583 25.000
1 30 3 0.1144 -0.898 0 0 13.189 27.255 24.037
1 31 7 0.0542 -0.510 0 0 12.222 26.109 20.528
1 32 20 0.1566 0.4237 0 0 8.436 25.716 19.714
1 33 3 0.1506 -0.458 0 0 7.198 22.516 17.961
1 34 16 0.3554 -0.918 0 0 3.410 21.874 18.354
1 35 18 0.4819 0.8658 0 0 2.346 18.457 19.796
1 36 11 0.3734 -0.988 0 0 -0.052 15.848 18.426
1 37 7 0.5 0.0958 0 0 0.716 13.161 21.089
1 38 3 0.5240 -0.316 0 0 3.833 12.025 22.959
1 39 17 0.5542 -0.828 0 0 4.619 9.694 25.852
1 40 20 0.5421 0.2594 0 0 7.473 9.742 28.361
1 41 1 0.4277 -0.772 0 0 8.342 7.211 31.055
1 42 13 0.3855 0.1314 0 0 10.345 7.971 34.226
1 43 6 0.1325 -0.962 0 0 11.325 6.032 37.331
1 44 22 0.1987 0.9993 0 0 11.128 8.068 40.514
1 45 22 0.0722 -0.949 0 0 11.131 7.826 44.335
1 46 11 0.1867 0.9693 0 0 8.087 9.660 45.757
1 47 3 0.0421 0.5552 0 0 7.329 9.489 49.533
1 48 9 0.0 0.0000 0 0 9.919 6.713 49.853
1 49 7 0.0240 -0.485 0 0 8.266 4.559 47.180
1 50 18 0.0301 -0.677 0 0 10.109 3.798 43.918
1 51 5 0.1084 0.7383 0 0 7.573 3.998 41.091
1 52 12 0.2650 -0.475 0 0 7.073 4.537 37.350
1 53 12 0.5662 0.4895 0 0 5.680 7.689 35.722
1 54 3 0.5783 -0.462 0 0 4.035 7.016 32.372
1 55 11 0.8132 0.4534 0 0 3.509 10.614 31.248
1 56 12 0.8373 -0.591 0 0 1.323 11.538 28.248
1 57 3 0.8734 -0.110 0 0 1.996 14.879 26.565
1 58 18 0.8313 0.4865 0 0 -1.139 15.940 24.677
1 59 0 0.6807 -0.926 0 0 -2.033 18.391 21.897
1 60 9 0.7228 0.0000 0 0 -3.107 21.886 22.875
1 61 6 0.4036 -0.526 0 0 -4.371 22.284 19.292
1 62 7 0.2590 -0.492 0 0 -8.133 22.429 19.046
1 63 7 0.0662 -0.253 0 0 -7.903 20.279 15.892
1 64 20 0.2168 -0.327 0 0 -6.687 17.206 17.793
1 65 17 0.3313 -0.512 0 0 -9.531 17.120 20.337
1 66 0 0.0783 -0.862 0 0 -11.127 13.925 18.947
1 67 14 0.2891 0.0743 0 0 -8.169 12.202 20.679
1 68 1 0.4578 0.4215 0 0 -9.395 13.186 24.146
1 69 3 0.2228 -0.670 0 0 -11.969 10.382 24.622
1 70 6 0.2469 -0.471 0 0 -9.069 7.828 24.566
1 71 20 0.5361 0.6525 0 0 -6.378 9.434 26.725
1 72 14 0.6144 0.3857 0 0 -8.916 10.788 29.270
1 73 1 0.3493 -0.849 0 0 -10.413 7.298 29.616
1 74 18 0.4096 -0.100 0 0 -6.853 5.935 30.140
1 75 9 0.6927 0.0000 0 0 -5.272 8.576 32.359
1 76 7 0.6445 -0.663 0 0 -5.285 8.177 36.124
1 77 9 0.8674 0.0000 0 0 -4.285 11.805 36.903
1 78 15 0.9638 -0.704 0 0 -4.192 15.162 35.093
1 79 12 0.9939 0.5050 0 0 -1.850 18.179 35.075
1 80 5 0.9819 -0.742 0 0 -3.986 21.081 33.987
1 81 22 0.9759 0.4533 0 0 -1.533 23.585 32.640
1 82 15 0.8975 -0.374 0 0 -2.086 27.205 31.746
1 83 0 0.7590 -0.346 0 0 0.552 29.941 31.362
1 84 11 0.5180 -0.105 0 0 0.579 32.924 33.726
1 85 2 0.3253 0.0473 0 0 0.869 35.490 30.908
1 86 2 0.3614 0.3887 0 0 -2.020 34.145 28.816
1 87 18 0.3012 -0.963 0 0 -5.529 34.679 30.229
1 88 13 0.3373 -0.385 0 0 -7.101 32.710 27.390
1 89 17 0.6385 0.4266 0 0 -5.273 29.550 28.502
1 90 15 0.6265 -0.249 0 0 -6.359 30.316 32.064
1 91 7 0.4216 -0.919 0 0 -9.969 30.646 30.829
1 92 3 0.5722 -0.200 0 0 -9.650 27.305 28.922
1 93 11 0.7951 0.6827 0 0 -8.727 25.353 32.124
1 94 10 0.5481 -0.959 0 0 -12.437 25.028 33.053
1 95 6 0.4879 -0.913 0 0 -13.303 23.364 29.704
1 96 20 0.7771 0.4619 0 0 -10.524 20.808 30.257
1 97 1 0.7289 -0.108 0 0 -11.747 19.870 33.780
1 98 7 0.4337 -0.596 0 0 -15.357 19.341 32.594
1 99 6 0.4457 0.1446 0 0 -14.433 16.959 29.749
1 100 11 0.5963 0.9695 0 0 -12.403 14.956 32.299
1 101 13 0.3915 -0.109 0 0 -15.260 15.003 34.834
1 102 1 0.1265 -0.270 0 0 -17.591 13.595 32.196
1 103 22 0.1927 0.4862 0 0 -15.362 10.976 30.545
1 104 13 0.2048 0.7658 0 0 -14.673 9.564 34.034
1 105 3 0.0361 -0.995 0 0 -18.265 10.247 35.201
1 106 17 0.0903 0.1829 0 0 -16.984 11.581 38.533
1 107 3 0.1686 -0.863 0 0 -16.335 15.018 39.973
1 108 3 0.3433 -0.149 0 0 -13.214 14.191 42.143
1 109 22 0.5602 0.2826 0 0 -10.702 13.099 39.469
1 110 16 0.7349 -0.482 0 0 -7.093 13.491 40.800
1 111 14 0.9096 -0.041 0 0 -5.849 16.771 39.355
1 112 22 0.9397 0.1051 0 0 -3.231 19.509 39.848
1 113 12 0.9337 -0.663 0 0 -3.571 23.040 38.464
1 114 22 0.9578 0.7269 0 0 -0.236 24.279 37.070
1 115 9 0.8614 0.0000 0 0 0.584 27.956 36.379
1 116 2 0.8493 0.2826 0 0 3.538 27.838 33.978
1 117 13 0.5903 0.0920 0 0 6.057 30.432 32.735
1 118 5 0.4518 0.3717 0 0 6.458 32.088 36.120
1 119 3 0.2108 0.3220 0 0 9.979 33.081 35.103
1 120 12 0.0963 0.3305 0 0 8.507 35.793 32.843
1 121 0 0.0120 -0.916 0 0 8.080 39.364 34.135
1 122 0 0.0180 -0.490 0 0 4.761 40.353 32.590
1 123 1 0.0843 0.4685 0 0 1.998 38.184 33.997
1 124 18 0.0602 0.1602 0 0 -1.656 38.636 33.099
1 125 22 0.2349 0.8258 0 0 -2.981 36.085 35.617
1 126 7 0.1204 -0.909 0 0 -2.217 36.757 39.294
1 127 17 0.2951 0.0714 0 0 -1.326 33.979 41.753
1 128 1 0.1024 -0.997 0 0 -4.412 34.397 43.994
1 129 6 0.1807 -0.230 0 0 -6.578 34.176 40.848
1 130 0 0.5060 0.7029 0 0 -5.339 30.604 40.242
1 131 6 0.3975 -0.426 0 0 -5.135 29.772 43.958
1 132 3 0.1746 -0.863 0 0 -8.838 30.622 44.299
1 133 12 0.4156 0.4557 0 0 -9.864 28.526 41.272
1 134 0 0.5843 0.5521 0 0 -7.985 25.416 42.400
1 135 1 0.3132 -0.910 0 0 -9.433 25.960 45.889
1 136 17 0.1626 0.0804 0 0 -12.941 25.731 44.376
1 137 20 0.4397 0.4983 0 0 -11.968 22.656 42.309
1 138 9 0.3674 0.0000 0 0 -10.615 20.970 45.469
1 139 11 0.6626 0.7351 0 0 -7.252 20.463 43.775
1 140 16 0.7168 0.3394 0 0 -3.705 21.666 44.599
1 141 20 0.7891 -0.062 0 0 -2.006 24.602 42.776
1 142 11 0.8072 0.2832 0 0 1.716 24.825 41.839
1 143 7 0.7530 -0.738 0 0 3.411 27.690 39.928
1 144 18 0.8012 0.9685 0 0 6.084 26.431 37.517
1 145 17 0.6566 -0.997 0 0 8.861 27.312 35.084
1 146 0 0.6867 0.4205 0 0 10.246 24.771 32.615
1 147 13 0.3795 -0.655 0 0 13.015 27.294 32.013
1 148 18 0.2710 -0.086 0 0 14.235 27.542 35.628
1 149 1 0.4638 -0.051 0 0 12.991 23.954 36.336
1 150 6 0.4759 -0.944 0 0 11.243 25.271 39.413
1 151 9 0.7108 0.0000 0 0 8.025 23.619 40.536
1 152 22 0.8253 -0.044 0 0 8.327 20.889 37.902
1 153 7 0.7048 -0.970 0 0 9.318 17.931 40.114
1 154 3 0.7409 -0.378 0 0 6.723 19.297 42.600
1 155 0 0.9216 0.6810 0 0 3.837 19.403 40.093
1 156 15 0.9156 0.4945 0 0 4.386 15.905 38.740
1 157 20 0.7469 -0.482 0 0 5.087 14.409 42.167
1 158 18 0.7831 0.0636 0 0 2.123 16.149 43.792
1 159 12 0.8795 0.7803 0 0 -0.103 14.731 41.062
1 160 22 0.6987 -0.236 0 0 1.031 11.236 42.066
1 161 1 0.4939 -0.087 0 0 0.367 11.890 45.751
1 162 7 0.6024 0.2074 0 0 -3.132 13.041 44.659
1 163 11 0.5301 0.5149 0 0 -3.600 9.718 42.755
1 164 1 0.2771 0.0179 0 0 -2.476 7.755 45.860
1 165 6 0.1385 0.2093 0 0 -5.147 9.572 47.928
1 166 10 0.2831 0.5892 0 0 -8.029 9.869 45.407
