0 1 14 0 0 0 0 0 0 0
1 2 18 0.1007 -0.281 0 0 2.243 -37.708 3.992
1 3 7 0.3956 0.1532 0 0 5.741 -36.346 3.249
1 4 20 0.4460 -0.693 0 0 8.201 -36.381 6.164
1 5 13 0.6115 -0.343 0 0 10.055 -34.278 6.692
1 6 12 0.8776 -0.003 0 0 11.485 -32.181 3.907
1 7 22 0.8705 -0.664 0 0 14.431 -31.689 6.215
1 8 22 0.9496 0.2893 0 0 16.170 -28.526 5.107
1 9 22 0.9208 -0.286 0 0 19.903 -28.869 5.825
1 10 9 0.8561 0.0000 0 0 22.921 -26.703 4.993
1 11 0 0.6258 -0.339 0 0 25.817 -24.555 6.222
1 12 9 0.4820 0.0000 0 0 24.872 -21.641 8.451
1 13 9 0.5107 0.0000 0 0 23.540 -18.693 6.496
1 14 22 0.7553 0.5707 0 0 22.805 -20.405 3.177
1 15 9 0.7841 0.0000 0 0 19.127 -19.425 3.382
1 16 13 0.8992 -0.110 0 0 17.396 -22.482 4.871
1 17 17 0.6978 -0.742 0 0 15.192 -20.330 7.083
1 18 0 0.6546 -0.121 0 0 14.664 -17.777 4.316
1 19 12 0.8489 0.8122 0 0 13.585 -20.437 1.842
1 20 18 0.8057 0.1410 0 0 11.256 -22.300 4.211
1 21 11 0.5467 -0.715 0 0 9.426 -19.258 5.593
1 22 6 0.5611 -0.244 0 0 9.053 -18.084 2.021
1 23 12 0.6402 0.6103 0 0 7.310 -21.389 1.301
1 24 11 0.4028 0.1476 0 0 5.172 -21.499 4.456
1 25 6 0.1870 -0.170 0 0 4.699 -17.833 5.286
1 26 2 0.2517 -0.067 0 0 5.402 -16.364 1.827
1 27 10 0.1366 -0.297 0 0 7.676 -13.590 3.109
1 28 15 0.2661 0.1627 0 0 11.422 -12.925 3.030
1 29 22 0.1582 0.2156 0 0 12.959 -12.653 6.497
0 30 3 0 0 0 0 12.959 -12.653 6.497
0 31 7 0 0 0 0 12.959 -12.653 6.497
0 32 20 0 0 0 0 12.959 -12.653 6.497
0 33 3 0 0 0 0 12.959 -12.653 6.497
0 34 16 0 0 0 0 12.959 -12.653 6.497
0 35 18 0 0 0 0 12.959 -12.653 6.497
0 36 11 0 0 0 0 12.959 -12.653 6.497
0 37 7 0 0 0 0 12.959 -12.653 6.497
1 38 3 0.2949 -0.579 0 0 11.431 -25.022 14.117
1 39 17 0.3812 -0.624 0 0 9.113 -27.247 12.088
1 40 20 0.3597 0.1950 0 0 6.111 -26.443 9.894
1 41 1 0.2230 -0.555 0 0 3.210 -28.447 8.496
1 42 13 0.1942 0.0063 0 0 1.217 -27.400 5.455
1 43 6 0.0719 -0.935 0 0 -1.291 -28.935 3.073
1 44 22 0.1726 0.9969 0 0 -0.078 -28.300 -0.473
1 45 22 0.0935 -0.935 0 0 -1.145 -29.303 -3.974
1 46 11 0.2733 0.9481 0 0 1.727 -30.588 -6.110
1 47 3 0.0647 0.6687 0 0 0.990 -31.736 -9.666
1 48 9 0.0 0.0000 0 0 -2.641 -32.269 -8.645
1 49 7 0.0215 0.4329 0 0 -2.164 -34.237 -5.414
1 50 18 0.0143 -0.739 0 0 -3.258 -32.725 -2.108
1 51 5 0.0791 0.8482 0 0 -0.539 -33.690 0.358
1 52 12 0.1654 -0.631 0 0 0.952 -32.536 3.629
1 53 12 0.5035 0.6402 0 0 4.397 -31.071 3.855
1 54 3 0.4532 -0.413 0 0 6.003 -31.342 7.239
1 55 11 0.7050 0.6084 0 0 9.122 -29.213 6.903
1 56 12 0.6762 -0.395 0 0 12.074 -29.310 9.281
1 57 3 0.7410 -0.078 0 0 14.162 -26.184 9.080
1 58 18 0.6474 0.5310 0 0 17.380 -27.264 10.773
1 59 0 0.4316 -0.670 0 0 19.593 -24.893 12.787
0 60 9 0 0 0 0 19.593 -24.893 12.787
0 61 6 0 0 0 0 19.593 -24.893 12.787
0 62 7 0 0 0 0 19.593 -24.893 12.787
0 63 7 0 0 0 0 19.593 -24.893 12.787
0 64 20 0 0 0 0 19.593 -24.893 12.787
0 65 17 0 0 0 0 19.593 -24.893 12.787
0 66 0 0 0 0 0 19.593 -24.893 12.787
0 67 14 0 0 0 0 19.593 -24.893 12.787
0 68 1 0 0 0 0 19.593 -24.893 12.787
0 69 3 0 0 0 0 19.593 -24.893 12.787
0 70 6 0 0 0 0 19.593 -24.893 12.787
0 71 20 0 0 0 0 19.593 -24.893 12.787
0 72 14 0 0 0 0 19.593 -24.893 12.787
0 73 1 0 0 0 0 19.593 -24.893 12.787
0 74 18 0 0 0 0 19.593 -24.893 12.787
0 75 9 0 0 0 0 19.593 -24.893 12.787
1 76 7 0.5395 -0.611 0 0 12.385 -38.881 4.667
1 77 9 0.7913 0.0000 0 0 13.469 -36.243 2.144
1 78 15 0.9280 -0.916 0 0 16.279 -33.693 2.362
1 79 12 0.9928 0.5627 0 0 16.665 -30.260 0.869
1 80 5 0.9856 -0.693 0 0 20.407 -29.674 0.791
1 81 22 0.9712 0.3789 0 0 21.158 -25.970 0.449
1 82 15 0.8633 -0.042 0 0 24.354 -24.059 -0.321
1 83 0 0.7194 -0.546 0 0 24.829 -20.408 -1.329
1 84 11 0.5323 0.0345 0 0 26.240 -19.604 -4.778
1 85 2 0.3021 0.0449 0 0 28.544 -17.062 -3.177
1 86 2 0.3381 0.2706 0 0 29.715 -19.379 -0.415
1 87 18 0.2302 -0.848 0 0 32.216 -21.977 -1.684
1 88 13 0.2374 -0.420 0 0 32.551 -23.781 1.672
1 89 17 0.5683 0.4823 0 0 28.795 -24.322 1.806
1 90 15 0.5899 -0.132 0 0 29.043 -26.113 -1.552
1 91 7 0.3525 -0.826 0 0 32.030 -28.291 -0.558
1 92 3 0.4892 -0.209 0 0 30.059 -29.238 2.564
1 93 11 0.6906 0.7056 0 0 27.462 -30.829 0.295
1 94 10 0.4172 -0.936 0 0 29.627 -33.935 0.115
1 95 6 0.3669 -0.639 0 0 29.534 -34.565 3.884
1 96 20 0.6187 0.4898 0 0 25.750 -34.155 4.002
1 97 1 0.5827 0.0179 0 0 25.418 -36.735 1.199
1 98 7 0.2805 -0.613 0 0 27.717 -39.265 2.871
1 99 6 0.3237 0.2004 0 0 25.792 -38.865 6.098
1 100 11 0.4604 0.9833 0 0 22.490 -39.415 4.287
1 101 13 0.2158 -0.076 0 0 23.584 -42.595 2.461
1 102 1 0.0431 -0.312 0 0 24.993 -43.794 5.758
1 103 22 0.0863 0.7139 0 0 21.775 -43.279 7.771
1 104 13 0.1223 0.7041 0 0 19.117 -44.443 5.296
1 105 3 0.0287 -0.990 0 0 21.302 -47.289 3.997
1 106 17 0.0575 0.3813 0 0 20.421 -46.353 0.426
1 107 3 0.1294 -0.785 0 0 21.928 -44.501 -2.537
1 108 3 0.3093 -0.120 0 0 18.406 -43.448 -3.531
1 109 22 0.5179 0.0733 0 0 16.786 -41.282 -0.882
1 110 16 0.7338 -0.646 0 0 14.746 -38.303 -2.001
1 111 14 0.9064 -0.176 0 0 17.164 -35.359 -2.045
1 112 22 0.9640 0.2034 0 0 17.493 -32.082 -3.941
1 113 12 0.9568 -0.794 0 0 20.559 -29.841 -4.280
1 114 22 0.9784 0.7444 0 0 19.648 -26.159 -4.023
1 115 9 0.8848 0.0000 0 0 21.870 -23.265 -5.094
1 116 2 0.8417 0.1258 0 0 20.456 -20.338 -3.137
1 117 13 0.5971 -0.026 0 0 21.021 -16.591 -3.544
1 118 5 0.4676 0.3747 0 0 20.979 -16.385 -7.357
1 119 3 0.2086 0.2841 0 0 19.916 -12.717 -7.140
1 120 12 0.1151 0.2623 0 0 23.468 -11.737 -6.169
1 121 0 0.0071 -0.956 0 0 26.308 -10.878 -8.538
1 122 0 0.0359 -0.050 0 0 28.972 -12.345 -6.192
1 123 1 0.1079 0.4842 0 0 28.888 -15.927 -7.598
1 124 18 0.0503 -0.074 0 0 31.931 -18.058 -6.762
1 125 22 0.2877 0.8470 0 0 30.132 -21.360 -7.319
1 126 7 0.1438 -0.940 0 0 29.524 -21.878 -11.036
1 127 17 0.3309 -0.187 0 0 26.217 -23.360 -12.233
1 128 1 0.1510 -0.810 0 0 28.029 -26.252 -13.932
1 129 6 0.2589 -0.423 0 0 29.827 -27.331 -10.772
1 130 0 0.5755 0.5918 0 0 26.621 -27.641 -8.758
1 131 6 0.4748 -0.220 0 0 25.059 -29.503 -11.677
1 132 3 0.2446 -0.818 0 0 28.004 -31.921 -12.091
1 133 12 0.4388 0.3822 0 0 27.648 -32.655 -8.375
1 134 0 0.6330 0.5600 0 0 23.907 -33.197 -8.539
1 135 1 0.3453 -0.977 0 0 24.662 -35.470 -11.515
1 136 17 0.2014 0.1027 0 0 27.067 -37.789 -9.687
1 137 20 0.4244 0.4459 0 0 24.413 -38.108 -6.969
1 138 9 0.3884 0.0000 0 0 21.497 -38.894 -9.276
1 139 11 0.6834 0.6325 0 0 19.581 -35.915 -7.911
1 140 16 0.7697 0.1004 0 0 18.072 -32.703 -9.318
1 141 20 0.8345 -0.111 0 0 19.697 -29.285 -8.930
1 142 11 0.8920 0.2246 0 0 17.637 -26.135 -8.532
1 143 7 0.7985 -0.847 0 0 19.000 -22.604 -8.386
1 144 18 0.8129 0.9454 0 0 16.971 -20.405 -6.043
1 145 17 0.6618 -0.999 0 0 16.608 -16.993 -4.430
1 146 0 0.6690 0.4807 0 0 14.690 -16.662 -1.152
1 147 13 0.3741 -0.756 0 0 14.942 -12.850 -1.325
1 148 18 0.3165 -0.119 0 0 13.010 -12.872 -4.540
1 149 1 0.4964 -0.362 0 0 10.865 -16.002 -4.309
1 150 6 0.5251 -0.401 0 0 12.526 -17.252 -7.514
1 151 9 0.7266 0.0000 0 0 12.346 -21.045 -7.864
1 152 22 0.8273 -0.191 0 0 11.312 -21.656 -4.245
1 153 7 0.7482 -0.978 0 0 8.210 -23.810 -4.832
1 154 3 0.7769 -0.767 0 0 10.134 -25.508 -7.594
1 155 0 0.9424 0.6754 0 0 12.803 -26.659 -5.112
1 156 15 0.9352 0.3393 0 0 10.387 -28.014 -2.490
1 157 20 0.7625 -0.482 0 0 7.925 -29.386 -4.996
1 158 18 0.8201 0.2140 0 0 10.858 -30.973 -6.819
1 159 12 0.9136 0.6056 0 0 11.782 -32.710 -3.558
1 160 22 0.7122 -0.408 0 0 8.272 -34.132 -3.317
1 161 1 0.5539 0.1102 0 0 8.360 -35.373 -6.938
1 162 7 0.6043 0.4188 0 0 11.456 -37.440 -6.030
1 163 15 0.4100 0.5300 0 0 9.205 -39.471 -3.681
1 164 1 0.1798 0.2145 0 0 7.086 -40.316 -6.679
0 165 6 0 0 0 0 7.086 -40.316 -6.679
0 166 10 0 0 0 0 7.086 -40.316 -6.679
