1 1 14 0.0060 0.3499 0 0 34.201 43.873 20.973
1 2 18 0.0361 0.0860 0 0 32.577 46.637 18.974
1 3 7 0.1686 0.0253 0 0 29.410 45.891 17.032
1 4 20 0.5 -0.206 0 0 28.580 46.853 13.460
1 5 13 0.6686 -0.836 0 0 25.117 46.931 11.913
1 6 12 0.8975 0.0886 0 0 25.445 45.908 8.230
1 7 22 0.9457 -0.625 0 0 22.550 45.802 5.788
1 8 22 0.9879 0.2776 0 0 22.626 44.014 2.395
1 9 22 0.9698 -0.205 0 0 20.305 45.637 -0.209
1 10 9 0.9277 0.0000 0 0 19.619 45.315 -3.933
1 11 0 0.7891 -0.540 0 0 17.182 43.968 -6.493
1 12 9 0.6445 0.0000 0 0 15.666 40.474 -6.146
1 13 9 0.6265 0.0000 0 0 17.913 37.596 -7.184
1 14 22 0.8253 0.6319 0 0 21.242 39.400 -7.271
1 15 9 0.8554 0.0000 0 0 22.737 37.144 -4.601
1 16 13 0.9518 0.1345 0 0 22.284 39.123 -1.337
1 17 17 0.8373 -0.589 0 0 21.514 35.908 0.640
1 18 0 0.7650 -0.280 0 0 24.129 33.891 -1.183
1 19 12 0.9036 0.6984 0 0 26.773 36.506 -0.278
1 20 18 0.8795 0.2811 0 0 25.608 36.644 3.352
1 21 11 0.6385 -0.427 0 0 25.541 32.840 3.704
1 22 6 0.6144 -0.378 0 0 29.022 32.517 2.157
1 23 12 0.6746 0.5195 0 0 30.232 34.858 4.978
1 24 11 0.4939 0.2850 0 0 28.169 33.204 7.748
1 25 6 0.2891 -0.155 0 0 28.371 29.511 6.795
1 26 2 0.2710 -0.255 0 0 31.249 29.334 4.315
1 27 10 0.1927 -0.253 0 0 29.167 27.627 1.607
1 28 15 0.3373 0.1409 0 0 27.276 28.510 -1.591
1 29 22 0.3253 0.3562 0 0 23.462 28.450 -1.705
1 30 7 0.1084 -0.596 0 0 22.382 27.262 -5.158
1 31 13 0.0843 -0.961 0 0 18.697 27.406 -4.273
1 32 20 0.2048 0.3651 0 0 16.698 30.568 -4.909
1 33 3 0.1867 -0.285 0 0 14.543 31.211 -1.850
1 34 16 0.3674 -0.804 0 0 13.333 34.837 -1.869
1 35 18 0.4819 0.8647 0 0 14.019 36.609 1.426
1 36 11 0.3614 -0.972 0 0 11.470 38.487 3.518
1 37 7 0.5120 0.1632 0 0 14.055 39.698 6.053
1 38 3 0.5240 -0.194 0 0 16.688 37.610 7.812
1 39 17 0.5421 -0.709 0 0 19.325 38.588 10.381
1 40 20 0.5060 0.3836 0 0 22.681 37.110 11.358
1 41 1 0.3554 -0.799 0 0 25.267 37.570 14.084
1 42 13 0.3855 0.1719 0 0 28.855 36.817 13.161
1 43 6 0.1325 -0.882 0 0 32.059 37.425 15.146
1 44 22 0.2228 0.9953 0 0 35.019 38.306 12.909
1 45 22 0.0722 -0.962 0 0 38.581 39.751 13.055
1 46 11 0.1807 0.9490 0 0 39.181 42.684 10.711
1 47 3 0.0421 0.5785 0 0 42.672 44.197 10.678
1 48 9 0.0 0.0000 0 0 43.347 42.828 14.149
1 49 7 0.0240 -0.203 0 0 40.065 44.048 15.671
1 50 18 0.0301 -0.713 0 0 37.463 41.560 16.832
1 51 5 0.1385 0.5995 0 0 34.015 42.773 15.649
1 52 12 0.2349 -0.389 0 0 30.460 41.501 16.063
1 53 12 0.5481 0.5016 0 0 28.670 41.895 12.748
1 54 3 0.5662 -0.886 0 0 24.905 42.042 12.915
1 55 11 0.8132 0.4838 0 0 23.908 41.483 9.341
1 56 12 0.8313 -0.461 0 0 20.476 42.185 7.928
1 57 3 0.8855 -0.049 0 0 19.718 40.393 4.691
1 58 18 0.8433 0.5292 0 0 16.816 42.206 3.072
1 59 0 0.6807 -0.929 0 0 14.067 41.551 0.460
1 60 9 0.7228 0.0000 0 0 14.717 42.458 -3.171
1 61 6 0.4096 -0.411 0 0 11.097 41.575 -4.064
1 62 7 0.2108 -0.045 0 0 8.837 44.605 -4.356
1 63 7 0.0542 -0.096 0 0 6.134 43.170 -2.116
1 64 20 0.2168 -0.163 0 0 8.333 43.903 0.939
1 65 17 0.3132 -0.621 0 0 9.310 47.459 -0.059
1 66 0 0.0903 -0.914 0 0 7.417 48.896 2.938
1 67 14 0.2951 0.0724 0 0 10.038 47.369 5.308
1 68 1 0.4698 0.3300 0 0 12.834 49.585 3.956
1 69 3 0.3012 -0.708 0 0 12.412 52.729 6.088
1 70 6 0.2530 -0.643 0 0 12.731 50.570 9.225
1 71 20 0.5542 0.7040 0 0 15.963 48.828 8.245
1 72 14 0.5963 0.3293 0 0 17.526 51.953 6.718
1 73 1 0.3433 -0.694 0 0 17.011 53.821 9.980
1 74 18 0.4156 -0.171 0 0 18.814 51.164 12.008
1 75 9 0.6927 0.0000 0 0 21.647 50.161 9.607
1 76 7 0.6626 -0.643 0 0 25.144 51.620 9.946
1 77 9 0.8674 0.0000 0 0 26.539 50.575 6.556
1 78 15 0.9638 -0.690 0 0 25.022 49.154 3.358
1 79 12 0.9939 0.4272 0 0 26.286 46.681 0.808
1 80 5 0.9819 -0.727 0 0 24.531 47.723 -2.379
1 81 22 0.9759 0.4981 0 0 24.473 44.647 -4.596
1 82 15 0.8915 -0.354 0 0 23.699 44.150 -8.253
1 83 0 0.7469 -0.374 0 0 24.484 41.221 -10.544
1 84 11 0.5301 -0.111 0 0 26.885 41.801 -13.447
1 85 2 0.3192 0.1083 0 0 24.589 39.738 -15.765
1 86 2 0.3795 0.1658 0 0 21.505 41.755 -14.929
1 87 18 0.2831 -0.868 0 0 21.278 45.292 -16.290
1 88 13 0.3313 -0.327 0 0 18.021 46.065 -14.493
1 89 17 0.6325 0.4084 0 0 19.619 45.232 -11.116
1 90 15 0.6204 -0.234 0 0 22.357 47.726 -11.853
1 91 7 0.4216 -0.873 0 0 19.763 50.385 -12.812
1 92 3 0.5783 -0.283 0 0 18.019 49.686 -9.485
1 93 11 0.7951 0.6706 0 0 21.135 50.585 -7.417
1 94 10 0.5722 -0.853 0 0 20.624 54.326 -7.510
1 95 6 0.5180 -0.408 0 0 17.125 53.868 -6.013
1 96 20 0.7831 0.4596 0 0 18.632 52.191 -2.925
1 97 1 0.7349 -0.632 0 0 21.389 54.856 -2.656
1 98 7 0.4337 -0.773 0 0 18.705 57.568 -2.776
1 99 6 0.4457 0.0523 0 0 16.318 55.982 -0.250
1 100 11 0.6084 0.9731 0 0 19.144 55.393 2.272
1 101 13 0.3975 -0.561 0 0 20.286 59.029 1.820
1 102 1 0.1204 -0.206 0 0 16.679 60.203 2.390
1 103 22 0.1987 0.5162 0 0 15.930 57.984 5.412
1 104 13 0.2469 0.7780 0 0 19.286 58.650 7.143
1 105 3 0.0481 -0.992 0 0 19.375 62.297 6.065
1 106 17 0.1144 0.4129 0 0 23.040 62.072 5.000
1 107 3 0.1566 -0.953 0 0 25.067 62.127 1.757
1 108 3 0.3493 -0.726 0 0 27.952 59.984 3.090
1 109 22 0.5602 0.2938 0 0 26.333 56.925 4.698
1 110 16 0.7530 -0.541 0 0 28.926 54.084 4.614
1 111 14 0.9096 -0.049 0 0 28.242 52.009 1.473
1 112 22 0.9397 0.0619 0 0 30.056 49.615 -0.823
1 113 12 0.9337 -0.654 0 0 28.924 48.890 -4.402
1 114 22 0.9578 0.7270 0 0 29.036 45.150 -5.037
1 115 9 0.8614 0.0000 0 0 28.886 43.612 -8.547
1 116 2 0.8493 0.3152 0 0 28.064 39.983 -7.773
1 117 13 0.6024 0.1021 0 0 28.055 36.791 -9.858
1 118 5 0.4518 0.3291 0 0 31.481 37.683 -11.285
1 119 3 0.2289 0.3528 0 0 32.081 33.933 -11.781
1 120 12 0.1024 0.3527 0 0 29.686 34.094 -14.722
1 121 0 0.0180 -0.919 0 0 30.937 34.605 -18.269
1 122 0 0.0120 -0.246 0 0 27.769 36.219 -19.742
1 123 1 0.0662 0.4913 0 0 28.334 39.756 -18.391
1 124 18 0.0602 0.0310 0 0 25.942 42.552 -19.339
1 125 22 0.2409 0.8901 0 0 27.055 45.336 -16.961
1 126 7 0.0963 -0.449 0 0 30.444 46.630 -17.962
1 127 17 0.2771 0.0246 0 0 32.848 46.977 -15.039
1 128 1 0.0783 -0.815 0 0 33.688 50.515 -16.185
1 129 6 0.1445 -0.097 0 0 30.057 51.640 -15.849
1 130 0 0.4759 0.5849 0 0 29.938 50.246 -12.269
1 131 6 0.3915 -0.443 0 0 33.299 51.807 -11.389
1 132 3 0.1626 -0.828 0 0 31.859 55.108 -12.708
1 133 12 0.4277 0.5412 0 0 28.783 54.861 -10.444
1 134 0 0.5843 0.4724 0 0 30.814 54.050 -7.345
1 135 1 0.3072 -0.596 0 0 33.154 56.951 -8.148
1 136 17 0.1746 -0.163 0 0 30.086 59.252 -8.483
1 137 20 0.4397 0.4804 0 0 28.934 58.218 -4.971
1 138 9 0.3734 0.0000 0 0 32.433 58.308 -3.484
1 139 11 0.6506 0.7375 0 0 32.305 54.646 -2.472
1 140 16 0.7108 0.2646 0 0 34.353 51.497 -3.209
1 141 20 0.7771 -0.076 0 0 33.399 49.070 -5.991
1 142 11 0.8072 0.1410 0 0 34.092 45.367 -5.517
1 143 7 0.7590 -0.672 0 0 33.193 42.405 -7.716
1 144 18 0.8012 0.9770 0 0 32.227 39.275 -5.804
1 145 17 0.6566 -0.972 0 0 31.086 35.732 -6.464
1 146 0 0.7048 0.4632 0 0 29.075 34.098 -3.734
1 147 13 0.4036 -0.735 0 0 29.760 30.871 -5.658
1 148 18 0.2650 -0.070 0 0 33.596 30.900 -5.711
1 149 1 0.4578 0.0093 0 0 33.857 33.116 -2.635
1 150 6 0.4638 -0.303 0 0 35.800 35.717 -4.686
1 151 9 0.6867 0.0000 0 0 35.673 39.174 -3.016
1 152 22 0.8192 -0.061 0 0 33.139 38.133 -0.353
1 153 7 0.7168 -0.916 0 0 35.297 38.959 2.709
1 154 3 0.7289 -0.333 0 0 36.703 42.068 1.010
1 155 0 0.9216 0.6827 0 0 33.157 43.362 0.408
1 156 15 0.9156 0.5120 0 0 32.016 42.990 4.030
1 157 20 0.7409 -0.485 0 0 35.390 43.956 5.539
1 158 18 0.7710 0.0981 0 0 35.620 47.047 3.278
1 159 12 0.8734 0.7667 0 0 32.168 48.042 4.537
1 160 22 0.6987 -0.322 0 0 33.266 47.733 8.169
1 161 1 0.4879 -0.070 0 0 36.361 49.783 7.318
1 162 7 0.5903 0.3513 0 0 34.064 52.405 5.709
1 163 11 0.5361 0.5599 0 0 32.045 52.528 8.954
1 164 1 0.2590 0.0164 0 0 34.950 52.826 11.371
1 165 6 0.1265 0.1616 0 0 36.568 55.549 9.245
1 166 10 0.1506 0.4632 0 0 33.274 57.495 9.217
