0 1 14 0 0 0 0 0 0 0
0 2 10 0 0 0 0 0 0 0
0 3 10 0 0 0 0 0 0 0
0 4 10 0 0 0 0 0 0 0
0 5 10 0 0 0 0 0 0 0
0 6 10 0 0 0 0 0 0 0
0 7 10 0 0 0 0 0 0 0
0 8 17 0 0 0 0 0 0 0
0 9 17 0 0 0 0 0 0 0
0 10 9 0 0 0 0 0 0 0
0 11 1 0 0 0 0 0 0 0
0 12 7 0 0 0 0 0 0 0
0 13 2 0 0 0 0 0 0 0
0 14 12 0 0 0 0 0 0 0
0 15 20 0 0 0 0 0 0 0
0 16 15 0 0 0 0 0 0 0
0 17 6 0 0 0 0 0 0 0
0 18 9 0 0 0 0 0 0 0
1 19 14 0.0 0.1696 0 0 62.935 97.579 30.223
1 20 18 0.0479 0.1663 0 0 63.155 95.525 27.079
1 21 7 0.2395 0.0910 0 0 65.289 96.895 24.308
1 22 20 0.5269 -0.217 0 0 64.899 96.220 20.615
1 23 13 0.6766 -0.846 0 0 67.593 96.715 18.023
1 24 12 0.9041 0.0825 0 0 65.898 97.863 14.816
1 25 22 0.9520 -0.653 0 0 67.664 98.557 11.533
1 26 22 0.9880 0.3366 0 0 66.263 100.550 8.617
1 27 22 0.9700 -0.253 0 0 67.484 99.500 5.194
1 28 9 0.9281 0.0000 0 0 66.575 100.328 1.605
1 29 0 0.7844 -0.607 0 0 67.889 102.105 -1.473
1 30 9 0.6407 0.0000 0 0 69.003 105.652 -1.530
1 31 9 0.5988 0.0000 0 0 66.435 108.348 -1.289
1 32 22 0.8083 0.6275 0 0 63.504 106.163 -0.276
1 33 9 0.8562 0.0000 0 0 62.916 107.988 2.954
1 34 13 0.9401 0.1501 0 0 64.747 105.931 5.573
1 35 17 0.8263 -0.622 0 0 65.969 109.049 7.434
1 36 0 0.7604 -0.260 0 0 62.711 110.928 6.994
1 37 12 0.8982 0.6791 0 0 60.789 108.024 8.589
1 38 18 0.8682 0.3591 0 0 63.162 107.783 11.543
1 39 11 0.6227 -0.604 0 0 63.260 111.496 12.203
1 40 6 0.5928 -0.405 0 0 59.467 111.606 11.947
1 41 12 0.6706 0.5628 0 0 59.306 108.892 14.638
1 42 11 0.4730 0.3018 0 0 61.872 110.491 16.910
1 43 6 0.2634 -0.221 0 0 61.292 114.201 16.428
1 44 2 0.2455 -0.310 0 0 57.816 114.556 14.923
1 45 10 0.1976 -0.480 0 0 59.566 116.462 12.194
1 46 15 0.2934 0.1279 0 0 59.604 116.214 8.432
1 47 22 0.2694 0.5774 0 0 62.910 116.756 6.662
1 48 3 0.1197 -0.749 0 0 62.504 118.061 3.095
1 49 7 0.0778 -0.127 0 0 66.218 118.140 2.411
1 50 20 0.2095 0.4409 0 0 68.159 115.113 1.216
1 51 3 0.2035 -0.477 0 0 71.125 114.548 3.446
1 52 16 0.3532 -0.826 0 0 72.641 111.134 2.526
1 53 18 0.4850 0.8416 0 0 73.339 108.806 5.445
1 54 11 0.3952 -0.998 0 0 76.344 106.685 6.203
1 55 7 0.4970 -0.154 0 0 75.357 105.428 9.639
1 56 3 0.5329 -0.278 0 0 73.192 107.071 12.359
1 57 17 0.5508 -0.740 0 0 71.719 105.726 15.576
1 58 20 0.5389 0.3313 0 0 68.630 106.888 17.461
1 59 1 0.4251 -0.692 0 0 66.788 106.001 20.582
1 60 13 0.3832 0.2784 0 0 63.204 106.164 21.802
1 61 6 0.1497 -0.904 0 0 60.981 104.795 24.559
1 62 22 0.2335 0.9937 0 0 57.534 103.642 23.574
1 63 22 0.1017 -0.973 0 0 54.652 101.554 24.747
1 64 11 0.2155 0.9793 0 0 53.564 98.827 22.359
1 65 3 0.0419 0.5529 0 0 50.739 96.451 23.292
1 66 9 0.0059 0.0000 0 0 50.964 97.671 26.846
1 67 7 0.0179 0.0573 0 0 54.678 96.809 27.085
1 68 18 0.0359 -0.601 0 0 57.276 99.521 27.562
1 69 5 0.1437 0.7173 0 0 60.399 99.344 25.474
1 70 12 0.2754 -0.448 0 0 63.466 101.078 24.361
1 71 12 0.5688 0.4780 0 0 63.925 101.246 20.608
1 72 3 0.6047 -0.683 0 0 67.449 101.609 19.296
1 73 11 0.8383 0.4338 0 0 67.209 102.432 15.669
1 74 12 0.8502 -0.552 0 0 70.018 102.062 13.187
1 75 3 0.8802 -0.070 0 0 69.576 104.236 10.090
1 76 18 0.8443 0.5543 0 0 71.669 103.108 7.102
1 77 0 0.6826 -0.919 0 0 73.171 104.186 3.814
1 78 9 0.7185 0.0000 0 0 71.121 103.408 0.765
1 79 10 0.4131 -0.589 0 0 74.065 103.847 -1.576
1 80 7 0.3413 0.2696 0 0 76.768 101.591 -0.131
1 81 7 0.1257 -0.823 0 0 78.856 98.874 -1.797
1 82 20 0.0598 -0.377 0 0 80.457 95.924 -0.022
1 83 17 0.0658 0.3722 0 0 81.597 96.373 3.503
1 84 0 0.0299 -0.963 0 0 82.568 94.083 6.369
1 85 14 0.0838 -0.707 0 0 81.747 97.079 8.533
1 86 1 0.3592 0.7454 0 0 78.228 97.179 7.146
1 87 3 0.3293 -0.452 0 0 77.736 93.459 7.801
1 88 6 0.1676 -0.911 0 0 79.006 94.078 11.314
1 89 20 0.4371 0.5741 0 0 76.452 96.709 12.355
1 90 14 0.6467 0.5260 0 0 73.661 94.883 10.457
1 91 1 0.4191 -0.814 0 0 74.392 91.777 12.488
1 92 18 0.4550 -0.068 0 0 73.381 93.603 15.686
1 93 9 0.7125 0.0000 0 0 69.880 93.952 14.290
1 94 7 0.6586 -0.598 0 0 66.969 92.049 15.749
1 95 9 0.8742 0.0000 0 0 64.565 93.366 13.183
1 96 15 0.9640 -0.697 0 0 64.683 95.146 9.888
1 97 12 0.9940 0.5029 0 0 62.610 97.722 8.072
1 98 5 0.9820 -0.710 0 0 62.953 97.139 4.364
1 99 22 0.9760 0.4861 0 0 62.013 100.355 2.717
1 100 15 0.8862 -0.310 0 0 61.176 101.275 -0.860
1 101 0 0.7305 -0.417 0 0 59.564 104.326 -2.414
1 102 11 0.5149 -0.150 0 0 56.215 103.724 -4.173
1 103 2 0.3053 0.1419 0 0 57.320 106.131 -6.903
1 104 2 0.3712 0.3026 0 0 60.564 104.231 -7.376
1 105 18 0.2874 -0.888 0 0 60.371 100.894 -9.073
1 106 13 0.3233 -0.254 0 0 64.054 100.053 -8.832
1 107 17 0.6107 0.4303 0 0 63.944 100.665 -5.079
1 108 15 0.6287 -0.284 0 0 61.205 98.086 -4.910
1 109 7 0.4071 -0.890 0 0 63.121 95.574 -7.061
1 110 3 0.5628 -0.173 0 0 66.068 96.290 -4.791
1 111 11 0.7784 0.6677 0 0 64.140 94.858 -1.837
1 112 10 0.5449 -0.942 0 0 65.399 91.381 -2.813
1 113 10 0.5089 0.0753 0 0 69.022 92.455 -2.440
1 114 20 0.8023 0.3627 0 0 68.373 93.768 1.106
1 115 1 0.7365 -0.302 0 0 66.415 90.592 2.128
1 116 7 0.4610 -0.759 0 0 69.274 88.406 0.945
1 117 6 0.5209 0.4653 0 0 71.869 90.646 2.621
1 118 11 0.6886 0.9528 0 0 69.961 90.449 5.925
1 119 13 0.4491 -0.017 0 0 69.502 86.670 5.762
1 120 1 0.2275 -0.078 0 0 73.229 86.275 4.974
1 121 22 0.3113 0.7602 0 0 74.594 88.386 7.820
1 122 13 0.3473 0.6911 0 0 72.072 87.021 10.349
1 123 3 0.0898 -0.925 0 0 72.667 83.446 9.180
1 124 17 0.1377 0.3420 0 0 68.972 82.771 9.165
1 125 7 0.1796 -0.906 0 0 65.950 82.420 6.902
1 126 3 0.3353 -0.360 0 0 63.675 83.620 9.652
1 127 22 0.5868 0.2764 0 0 64.518 87.211 10.456
1 128 16 0.7664 -0.520 0 0 61.893 89.718 11.725
1 129 14 0.9101 -0.103 0 0 61.148 92.083 8.876
1 130 22 0.9461 0.0213 0 0 58.564 94.528 7.663
1 131 12 0.9341 -0.703 0 0 58.158 95.727 4.088
1 132 22 0.9580 0.7512 0 0 57.611 99.470 3.938
1 133 9 0.8622 0.0000 0 0 56.346 101.379 0.939
1 134 2 0.8323 0.3414 0 0 57.052 105.042 1.523
1 135 13 0.5748 0.1253 0 0 56.187 108.366 -0.144
1 136 5 0.4311 0.2487 0 0 52.514 107.376 -0.559
1 137 3 0.1736 0.3925 0 0 51.668 111.111 -0.584
1 138 12 0.1137 0.4062 0 0 53.208 111.620 -3.999
1 139 16 0.0119 -0.375 0 0 51.125 111.353 -7.162
1 140 17 0.0239 0.3331 0 0 53.917 109.439 -8.907
1 141 1 0.0958 0.3464 0 0 53.053 105.927 -7.785
1 142 18 0.0718 0.1827 0 0 54.773 103.270 -9.934
1 143 22 0.2514 0.8240 0 0 54.379 100.329 -7.545
1 144 3 0.1317 -0.967 0 0 50.923 99.063 -6.822
1 145 18 0.2814 -0.080 0 0 49.813 98.045 -3.350
1 146 13 0.1077 -0.922 0 0 48.923 94.589 -4.631
1 147 6 0.1616 -0.381 0 0 52.453 94.225 -5.938
1 148 0 0.4910 0.5929 0 0 53.915 95.071 -2.528
1 149 6 0.3892 -0.378 0 0 51.389 92.919 -0.684
1 150 3 0.1556 -0.851 0 0 52.164 89.953 -2.991
1 151 12 0.4011 0.5431 0 0 55.885 90.357 -2.323
1 152 0 0.5808 0.3861 0 0 55.474 90.677 1.484
1 153 1 0.3173 -0.735 0 0 53.211 87.632 1.524
1 154 17 0.1916 0.2323 0 0 55.802 85.613 -0.452
1 155 20 0.4431 0.5403 0 0 58.277 86.496 2.269
1 156 9 0.3772 0.0000 0 0 55.757 85.914 5.001
1 157 11 0.6526 0.7349 0 0 56.118 89.447 6.388
1 158 16 0.7245 0.1764 0 0 53.927 92.495 6.826
1 159 15 0.7904 -0.149 0 0 53.523 95.318 4.439
1 160 11 0.8143 0.2631 0 0 52.888 98.839 5.563
1 161 7 0.7425 -0.884 0 0 52.334 101.857 3.435
1 162 18 0.7964 0.9716 0 0 53.897 105.055 4.799
1 163 17 0.6347 -0.972 0 0 54.444 108.717 4.267
1 164 0 0.6646 0.4668 0 0 57.180 110.456 6.284
1 165 13 0.3652 -0.696 0 0 55.455 113.683 5.305
1 166 18 0.2574 -0.072 0 0 51.887 113.083 6.484
1 167 1 0.4670 -0.004 0 0 53.059 110.648 9.164
1 168 6 0.4790 -0.194 0 0 50.886 107.864 7.804
1 169 9 0.6946 0.0000 0 0 52.068 104.452 8.907
1 170 22 0.8203 -0.198 0 0 55.232 105.632 10.665
1 171 3 0.7065 -0.885 0 0 54.520 104.515 14.194
1 172 3 0.7485 -0.403 0 0 52.864 101.437 12.819
1 173 0 0.9221 0.6859 0 0 55.904 100.402 10.756
1 174 15 0.9161 0.4789 0 0 58.179 100.400 13.814
1 175 20 0.7544 -0.520 0 0 55.566 99.033 16.205
1 176 18 0.7724 0.0849 0 0 54.745 96.229 13.841
1 177 12 0.8922 0.7640 0 0 58.447 95.393 13.556
1 178 22 0.7005 -0.360 0 0 58.619 95.155 17.312
1 179 1 0.5029 -0.116 0 0 55.597 92.820 17.343
1 180 7 0.6167 0.2670 0 0 57.391 90.731 14.717
1 181 11 0.5568 0.5533 0 0 60.441 90.609 16.927
1 182 1 0.2994 0.0359 0 0 58.247 89.528 19.895
1 183 13 0.1856 0.3758 0 0 56.527 86.823 17.875
1 184 10 0.2215 0.2914 0 0 59.940 85.426 16.935
1 185 13 0.0538 0.4319 0 0 61.017 84.975 20.570
0 186 7 0 0 0 0 61.017 84.975 20.570
0 187 13 0 0 0 0 61.017 84.975 20.570
