0 1 14 0 0 0 0 0 0 0
0 2 10 0 0 0 0 0 0 0
0 3 10 0 0 0 0 0 0 0
0 4 10 0 0 0 0 0 0 0
0 5 10 0 0 0 0 0 0 0
0 6 10 0 0 0 0 0 0 0
0 7 10 0 0 0 0 0 0 0
0 8 17 0 0 0 0 0 0 0
0 9 17 0 0 0 0 0 0 0
0 10 9 0 0 0 0 0 0 0
0 11 1 0 0 0 0 0 0 0
0 12 7 0 0 0 0 0 0 0
0 13 2 0 0 0 0 0 0 0
0 14 12 0 0 0 0 0 0 0
0 15 20 0 0 0 0 0 0 0
1 16 15 0.0 0.5447 0 0 45.810 92.805 21.912
1 17 6 0.0061 -0.334 0 0 42.620 94.525 22.847
1 18 9 0.0122 0.0000 0 0 44.038 96.819 25.503
1 19 14 0.0306 0.3279 0 0 45.730 96.857 28.908
1 20 18 0.0920 0.1598 0 0 45.589 93.778 31.128
1 21 7 0.3190 -0.166 0 0 43.192 93.794 34.009
1 22 20 0.5766 -0.162 0 0 43.777 92.381 37.468
1 23 13 0.7116 -0.949 0 0 40.993 91.804 39.990
1 24 12 0.9018 0.2157 0 0 42.424 92.369 43.431
1 25 22 0.9447 -0.757 0 0 40.647 91.775 46.700
1 26 22 0.9877 0.3588 0 0 41.661 93.206 50.019
1 27 22 0.9509 -0.205 0 0 40.671 91.242 53.120
1 28 9 0.8957 0.0000 0 0 41.254 91.107 56.819
1 29 0 0.6871 -0.579 0 0 39.608 92.030 60.103
1 30 9 0.5460 0.0000 0 0 37.746 95.189 60.794
1 31 9 0.5337 0.0000 0 0 39.934 98.212 61.365
1 32 22 0.7546 0.5879 0 0 43.241 96.753 60.110
1 33 9 0.8159 0.0000 0 0 43.466 99.464 57.425
1 34 13 0.9202 -0.010 0 0 42.074 97.889 54.268
1 35 17 0.7975 -0.698 0 0 40.395 101.098 53.225
1 36 0 0.7300 -0.296 0 0 43.163 103.394 54.337
1 37 12 0.8834 0.7018 0 0 45.542 101.259 52.216
1 38 18 0.8773 0.2840 0 0 43.343 101.379 49.174
1 39 11 0.6257 -0.548 0 0 42.683 105.122 49.418
1 40 6 0.6134 -0.341 0 0 46.409 105.899 49.771
1 41 12 0.7055 0.6625 0 0 47.148 103.974 46.574
1 42 11 0.5153 0.2801 0 0 44.386 105.600 44.567
1 43 6 0.2944 -0.285 0 0 44.249 109.126 45.966
1 44 2 0.2699 -0.344 0 0 47.551 109.674 47.795
1 45 10 0.2147 -0.542 0 0 45.307 110.330 50.762
1 46 15 0.3067 0.0613 0 0 45.449 109.205 54.349
1 47 22 0.2269 0.5878 0 0 42.008 108.734 55.880
1 48 3 0.0858 -0.775 0 0 42.022 109.386 59.609
1 49 7 0.0490 -0.636 0 0 38.395 108.745 60.398
1 50 20 0.1349 0.4488 0 0 37.089 105.202 60.556
1 51 3 0.1288 -0.509 0 0 34.239 104.773 58.076
1 52 16 0.2576 -0.824 0 0 33.234 101.063 57.995
1 53 18 0.4233 0.8756 0 0 32.973 99.605 54.512
1 54 11 0.2822 -0.960 0 0 30.115 97.693 52.942
1 55 7 0.4417 -0.324 0 0 31.838 97.436 49.591
1 56 3 0.4846 -0.305 0 0 33.838 99.697 47.328
1 57 17 0.5276 -0.743 0 0 35.550 99.089 44.031
1 58 20 0.5521 0.2574 0 0 38.469 101.131 42.858
1 59 1 0.4662 -0.560 0 0 40.576 101.347 39.780
1 60 13 0.4294 0.2314 0 0 44.062 102.426 38.808
1 61 6 0.2453 -0.947 0 0 46.329 102.132 35.814
1 62 22 0.3374 0.9838 0 0 49.942 101.398 36.706
1 63 22 0.1411 -0.987 0 0 53.143 100.145 35.084
1 64 11 0.3128 0.9723 0 0 54.695 97.053 36.673
1 65 3 0.0797 0.5606 0 0 57.802 95.445 35.173
1 66 9 0.0184 0.0000 0 0 57.237 97.376 31.974
1 67 7 0.0429 0.1176 0 0 53.707 96.050 31.588
1 68 18 0.0613 -0.648 0 0 50.847 98.491 31.771
1 69 5 0.2208 0.6645 0 0 47.912 97.258 33.813
1 70 12 0.3558 -0.427 0 0 44.560 98.047 35.144
1 71 12 0.6319 0.4979 0 0 44.067 97.232 38.798
1 72 3 0.6441 -0.694 0 0 40.531 96.575 39.891
1 73 11 0.8527 0.3923 0 0 40.572 96.777 43.661
1 74 12 0.8220 -0.568 0 0 37.740 95.357 45.742
1 75 3 0.8711 -0.076 0 0 37.791 96.698 49.280
1 76 18 0.7730 0.4916 0 0 35.782 94.434 51.588
1 77 0 0.5950 -0.924 0 0 33.950 94.562 54.888
1 78 9 0.6380 0.0000 0 0 36.160 93.340 57.742
0 79 10 0 0 0 0 36.160 93.340 57.742
0 80 7 0 0 0 0 36.160 93.340 57.742
0 81 7 0 0 0 0 36.160 93.340 57.742
0 82 20 0 0 0 0 36.160 93.340 57.742
0 83 17 0 0 0 0 36.160 93.340 57.742
0 84 0 0 0 0 0 36.160 93.340 57.742
0 85 14 0 0 0 0 36.160 93.340 57.742
1 86 1 0.3619 -0.687 0 0 31.059 87.453 50.337
1 87 3 0.2515 -0.490 0 0 31.600 84.349 48.228
1 88 6 0.1963 -0.369 0 0 30.802 86.216 45.019
1 89 20 0.5030 0.5444 0 0 33.825 88.484 45.046
1 90 14 0.5889 0.2444 0 0 36.063 85.719 46.333
1 91 1 0.3742 -0.931 0 0 35.523 83.708 43.169
1 92 18 0.4171 -0.175 0 0 35.994 86.616 40.763
1 93 9 0.6993 0.0000 0 0 39.158 87.822 42.504
1 94 7 0.6809 -0.545 0 0 42.481 86.770 41.010
1 95 9 0.8895 0.0000 0 0 44.670 87.863 43.860
1 96 15 0.9754 -0.801 0 0 44.261 88.622 47.543
1 97 12 0.9938 0.8392 0 0 45.873 90.899 50.073
1 98 5 0.9815 -0.614 0 0 45.524 89.400 53.512
1 99 22 0.9693 0.4848 0 0 45.922 92.260 55.861
1 100 15 0.8588 -0.273 0 0 46.465 92.374 59.558
1 101 0 0.6748 -0.435 0 0 47.554 95.172 61.841
1 102 11 0.4907 -0.052 0 0 50.927 94.824 63.549
1 103 2 0.2331 0.0418 0 0 49.456 96.171 66.791
1 104 2 0.3251 0.1329 0 0 46.539 93.832 66.797
1 105 18 0.1840 -0.882 0 0 47.433 90.238 67.614
1 106 13 0.2085 -0.230 0 0 43.911 89.040 66.978
1 107 17 0.5398 0.4015 0 0 43.842 90.341 63.400
1 108 15 0.5582 -0.190 0 0 46.966 88.259 62.723
1 109 7 0.3496 -0.862 0 0 45.445 85.150 64.339
1 110 3 0.4969 -0.204 0 0 42.524 85.817 61.995
1 111 11 0.7177 0.7482 0 0 44.623 85.406 58.851
1 112 10 0.4785 -0.980 0 0 44.237 81.651 58.636
1 113 10 0.4539 -0.624 0 0 40.473 82.183 58.565
1 114 20 0.7239 0.3482 0 0 40.719 84.307 55.424
1 115 1 0.6687 -0.083 0 0 43.176 82.043 53.645
1 116 7 0.3926 -0.631 0 0 41.050 78.950 54.354
1 117 6 0.4355 0.2740 0 0 37.996 80.861 53.180
1 118 11 0.6073 0.9772 0 0 39.608 81.927 49.875
1 119 13 0.4110 -0.163 0 0 41.096 78.508 49.237
1 120 1 0.1472 -0.126 0 0 37.671 76.950 49.828
1 121 22 0.1717 0.7287 0 0 35.724 79.083 47.369
1 122 13 0.3006 0.7758 0 0 38.461 79.300 44.728
1 123 3 0.0674 -0.989 0 0 38.720 75.589 45.193
1 124 17 0.1226 0.3573 0 0 42.487 75.821 44.989
1 125 7 0.1595 -0.851 0 0 45.631 75.364 47.043
1 126 3 0.3435 -0.185 0 0 47.374 77.878 44.820
1 127 22 0.6012 0.2712 0 0 45.808 81.315 44.971
1 128 16 0.7791 -0.556 0 0 47.714 84.603 44.455
1 129 14 0.9141 -0.201 0 0 48.147 86.133 47.885
1 130 22 0.9570 0.1943 0 0 50.293 88.578 49.809
1 131 12 0.9263 -0.805 0 0 50.509 88.874 53.601
1 132 22 0.9631 0.8011 0 0 50.322 92.477 54.654
1 133 9 0.8466 0.0000 0 0 51.416 93.777 58.008
1 134 2 0.8343 0.2944 0 0 49.788 97.168 58.272
1 135 13 0.5705 0.0194 0 0 50.319 100.169 60.592
1 136 5 0.4601 0.3950 0 0 54.063 99.645 60.707
1 137 3 0.2024 0.3039 0 0 54.434 103.296 61.511
1 138 12 0.1104 0.3104 0 0 52.831 102.706 64.901
1 139 16 0.0245 -0.361 0 0 55.099 102.132 67.939
1 140 17 0.0368 0.3439 0 0 52.710 99.694 69.597
1 141 1 0.0736 0.4833 0 0 53.918 96.440 67.954
1 142 18 0.0552 0.1286 0 0 52.446 93.171 69.265
1 143 22 0.1779 0.8535 0 0 53.239 90.992 66.238
1 144 3 0.1042 -0.816 0 0 56.869 90.143 65.588
1 145 18 0.2638 -0.053 0 0 57.964 90.322 61.969
1 146 13 0.0981 -0.954 0 0 59.427 86.878 62.582
1 147 6 0.1533 -0.202 0 0 55.991 85.396 63.342
1 148 0 0.4723 0.5364 0 0 54.604 87.011 60.247
1 149 6 0.3803 -0.034 0 0 57.510 85.861 58.073
1 150 3 0.1656 -0.869 0 0 57.168 82.306 59.295
1 151 12 0.4049 0.5085 0 0 53.457 82.308 58.548
1 152 0 0.5644 0.4612 0 0 54.098 83.725 55.079
1 153 1 0.3312 -0.410 0 0 56.757 81.125 54.233
1 154 17 0.1901 0.1402 0 0 54.365 78.443 55.428
1 155 20 0.4478 0.4573 0 0 51.784 79.638 52.895
1 156 9 0.3987 0.0000 0 0 54.417 80.062 50.209
1 157 11 0.6625 0.7016 0 0 53.440 83.729 49.821
1 158 16 0.7423 0.2588 0 0 55.189 87.111 50.165
1 159 15 0.7914 -0.226 0 0 55.153 89.223 53.295
1 160 11 0.8404 0.4410 0 0 55.191 92.992 53.264
1 161 7 0.7484 -0.869 0 0 54.956 95.551 56.020
1 162 18 0.8098 0.9899 0 0 52.914 98.598 55.235
1 163 17 0.6503 -0.993 0 0 51.685 101.949 56.419
1 164 0 0.6932 0.3885 0 0 48.686 103.599 54.789
1 165 13 0.3865 -0.710 0 0 49.997 106.810 56.406
1 166 18 0.2883 -0.016 0 0 53.696 107.031 55.547
1 167 1 0.5092 -0.043 0 0 53.051 105.147 52.283
1 168 6 0.5214 -0.216 0 0 55.646 102.462 53.213
1 169 9 0.7361 0.0000 0 0 55.148 99.263 51.262
1 170 22 0.8650 -0.239 0 0 51.804 100.337 49.800
1 171 3 0.7668 -0.853 0 0 52.675 100.287 46.124
1 172 3 0.7852 -0.444 0 0 54.864 97.263 46.778
1 173 0 0.9386 0.6198 0 0 52.060 95.341 48.373
1 174 15 0.9325 0.4663 0 0 49.776 95.883 45.398
1 175 20 0.8036 -0.545 0 0 52.489 95.404 42.743
1 176 18 0.8282 0.0434 0 0 53.752 92.292 44.449
1 177 12 0.9079 0.7490 0 0 50.274 90.750 44.250
1 178 22 0.7607 -0.377 0 0 50.142 91.467 40.542
1 179 1 0.5828 -0.087 0 0 53.495 89.728 40.108
1 180 7 0.6564 0.2424 0 0 52.193 86.774 42.102
1 181 11 0.6196 0.5623 0 0 49.197 86.635 39.741
1 182 1 0.3680 0.0992 0 0 51.416 86.677 36.625
1 183 13 0.2392 0.3938 0 0 53.623 83.906 38.002
1 184 10 0.2760 0.2929 0 0 50.483 81.818 38.583
1 185 13 0.1165 0.4097 0 0 48.788 82.601 35.285
0 186 7 0 0 0 0 48.788 82.601 35.285
0 187 13 0 0 0 0 48.788 82.601 35.285
