0 1 14 0 0 0 0 0 0 0
0 2 10 0 0 0 0 0 0 0
0 3 10 0 0 0 0 0 0 0
0 4 10 0 0 0 0 0 0 0
0 5 10 0 0 0 0 0 0 0
0 6 10 0 0 0 0 0 0 0
0 7 10 0 0 0 0 0 0 0
0 8 17 0 0 0 0 0 0 0
0 9 17 0 0 0 0 0 0 0
0 10 9 0 0 0 0 0 0 0
0 11 1 0 0 0 0 0 0 0
0 12 7 0 0 0 0 0 0 0
0 13 2 0 0 0 0 0 0 0
0 14 12 0 0 0 0 0 0 0
0 15 20 0 0 0 0 0 0 0
1 16 15 0.0 0.6426 0 0 38.397 123.789 27.089
1 17 6 0.0064 -0.314 0 0 41.672 125.604 26.716
1 18 9 0.0129 0.0000 0 0 44.187 123.590 28.685
1 19 14 0.0322 0.1437 0 0 44.617 122.326 32.189
1 20 18 0.0967 0.2392 0 0 43.071 124.086 35.171
1 21 7 0.2967 -0.133 0 0 45.508 126.340 36.994
1 22 20 0.5677 -0.105 0 0 45.445 126.479 40.798
1 23 13 0.6967 -0.736 0 0 47.197 129.264 42.746
1 24 12 0.9032 0.2802 0 0 48.462 127.934 46.063
1 25 22 0.9225 -0.762 0 0 50.047 129.835 48.893
1 26 22 0.9806 0.2650 0 0 52.218 128.310 51.595
1 27 22 0.9290 -0.051 0 0 52.166 130.322 54.793
1 28 9 0.8774 0.0000 0 0 53.295 130.171 58.352
1 29 0 0.6258 -0.450 0 0 56.034 130.872 60.802
1 30 9 0.4967 0.0000 0 0 59.687 130.980 59.993
1 31 9 0.4709 0.0000 0 0 61.493 127.697 60.002
1 32 22 0.7161 0.5484 0 0 58.414 125.436 59.925
1 33 9 0.7548 0.0000 0 0 59.371 124.012 56.506
1 34 13 0.8967 -0.042 0 0 57.361 125.907 53.962
1 35 17 0.7354 -0.742 0 0 60.225 125.865 51.494
1 36 0 0.6580 -0.241 0 0 61.322 122.370 52.360
1 37 12 0.8838 0.7307 0 0 57.805 121.090 51.622
1 38 18 0.8516 0.2039 0 0 57.505 122.935 48.335
1 39 11 0.5870 -0.631 0 0 60.945 121.880 47.117
1 40 6 0.5741 -0.318 0 0 60.178 118.294 48.044
1 41 12 0.7032 0.6549 0 0 57.002 118.477 45.948
1 42 11 0.5096 0.2311 0 0 58.670 120.047 42.939
1 43 6 0.2451 -0.206 0 0 62.116 118.360 42.971
1 44 2 0.2645 -0.276 0 0 61.721 115.282 45.213
1 45 10 0.1806 -0.603 0 0 64.511 116.943 47.073
1 46 15 0.2516 0.0890 0 0 65.112 117.599 50.775
1 47 22 0.1935 0.5372 0 0 66.773 120.942 51.518
1 48 3 0.0838 -0.673 0 0 68.573 120.581 54.847
1 49 7 0.0451 -0.540 0 0 69.788 124.161 55.050
0 50 20 0 0 0 0 69.788 124.161 55.050
0 51 3 0 0 0 0 69.788 124.161 55.050
0 52 16 0 0 0 0 69.788 124.161 55.050
0 53 18 0 0 0 0 69.788 124.161 55.050
0 54 11 0 0 0 0 69.788 124.161 55.050
0 55 7 0 0 0 0 69.788 124.161 55.050
1 56 3 0.4258 -0.326 0 0 59.574 132.106 45.244
1 57 17 0.5032 -0.796 0 0 57.051 130.661 42.853
1 58 20 0.5290 0.1507 0 0 57.043 127.119 41.610
1 59 1 0.4322 -0.639 0 0 55.063 125.128 39.082
1 60 13 0.4064 0.2990 0 0 54.051 121.562 38.734
1 61 6 0.2387 -0.917 0 0 51.589 119.682 36.548
1 62 22 0.3225 0.9898 0 0 49.876 116.925 38.383
1 63 22 0.1612 -0.972 0 0 46.828 114.791 37.981
1 64 11 0.3419 0.9785 0 0 44.419 114.935 40.915
1 65 3 0.1225 0.5781 0 0 41.303 112.787 40.906
1 66 9 0.0387 0.0000 0 0 41.763 112.244 37.236
1 67 7 0.0580 0.3513 0 0 41.924 115.961 36.558
1 68 18 0.0774 -0.682 0 0 45.158 117.378 35.167
1 69 5 0.2580 0.7247 0 0 46.076 120.653 36.754
1 70 12 0.3354 -0.496 0 0 48.781 123.207 36.868
1 71 12 0.6129 0.5682 0 0 49.864 124.100 40.416
1 72 3 0.6 -0.751 0 0 51.348 127.502 40.922
1 73 11 0.8129 0.5044 0 0 52.920 127.567 44.344
1 74 12 0.7612 -0.540 0 0 53.828 130.717 46.177
1 75 3 0.8258 -0.162 0 0 56.261 130.000 48.947
1 76 18 0.7290 0.5006 0 0 56.169 132.860 51.461
1 77 0 0.5483 -0.952 0 0 58.358 134.321 54.189
0 78 9 0 0 0 0 58.358 134.321 54.189
0 79 10 0 0 0 0 58.358 134.321 54.189
0 80 7 0 0 0 0 58.358 134.321 54.189
0 81 7 0 0 0 0 58.358 134.321 54.189
0 82 20 0 0 0 0 58.358 134.321 54.189
0 83 17 0 0 0 0 58.358 134.321 54.189
0 84 0 0 0 0 0 58.358 134.321 54.189
0 85 14 0 0 0 0 58.358 134.321 54.189
0 86 1 0 0 0 0 58.358 134.321 54.189
1 87 3 0.2193 -0.515 0 0 48.623 141.222 51.103
1 88 6 0.1419 -0.537 0 0 48.586 141.380 47.327
1 89 20 0.4451 0.5007 0 0 49.443 137.682 47.082
1 90 14 0.5548 0.2452 0 0 46.897 136.821 49.734
1 91 1 0.3290 -0.824 0 0 44.281 138.265 47.370
1 92 18 0.3870 -0.153 0 0 45.591 136.261 44.389
1 93 9 0.6838 0.0000 0 0 45.861 132.940 46.175
1 94 7 0.6903 -0.497 0 0 43.020 130.515 45.721
1 95 9 0.8903 0.0000 0 0 44.114 128.290 48.564
1 96 15 0.9741 -0.906 0 0 46.440 128.270 51.523
1 97 12 0.9935 0.9404 0 0 48.536 125.748 53.313
1 98 5 0.9870 -0.596 0 0 48.763 126.996 56.869
1 99 22 0.9548 0.4218 0 0 51.912 125.332 58.161
1 100 15 0.8387 -0.180 0 0 53.333 124.703 61.591
1 101 0 0.6451 -0.502 0 0 56.032 122.410 62.917
1 102 11 0.4774 -0.085 0 0 54.910 119.685 65.385
1 103 2 0.2129 0.0435 0 0 57.966 120.373 67.570
1 104 2 0.2838 0.2519 0 0 57.352 124.105 67.611
1 105 18 0.1677 -0.857 0 0 54.426 125.081 69.889
1 106 13 0.1741 -0.354 0 0 54.768 128.726 69.083
1 107 17 0.5225 0.4493 0 0 54.204 128.177 65.350
1 108 15 0.5354 -0.159 0 0 51.057 126.197 66.170
1 109 7 0.3161 -0.896 0 0 49.851 129.052 68.399
1 110 3 0.4516 -0.216 0 0 50.511 131.537 65.568
1 111 11 0.6709 0.7360 0 0 48.299 129.723 63.101
1 112 10 0.4838 -0.912 0 0 45.136 131.691 63.937
1 113 10 0.4 -0.731 0 0 46.905 134.938 62.974
1 114 20 0.6645 0.2461 0 0 47.720 133.616 59.496
1 115 1 0.6774 0.0284 0 0 44.167 132.448 59.036
1 116 7 0.3741 -0.782 0 0 42.602 135.774 60.177
1 117 6 0.3935 0.2503 0 0 44.993 137.519 58.025
1 118 11 0.5806 0.9887 0 0 43.887 135.540 54.960
1 119 13 0.3677 0.0374 0 0 40.175 135.989 55.764
1 120 1 0.1290 -0.459 0 0 40.497 139.734 56.334
1 121 22 0.1548 0.5058 0 0 41.985 140.285 52.913
1 122 13 0.2709 0.7786 0 0 40.022 137.739 50.800
1 123 3 0.0645 -0.963 0 0 36.984 139.320 52.388
1 124 17 0.1354 0.4333 0 0 35.662 135.873 53.029
1 125 7 0.1870 -0.587 0 0 35.130 133.440 55.846
1 126 3 0.3483 -0.260 0 0 35.177 130.711 53.218
1 127 22 0.5935 0.2035 0 0 38.720 130.478 51.932
1 128 16 0.7870 -0.572 0 0 40.175 127.037 50.965
1 129 14 0.9096 -0.192 0 0 42.785 125.976 53.447
1 130 22 0.9677 0.2136 0 0 44.514 123.012 54.934
1 131 12 0.9354 -0.839 0 0 46.240 122.846 58.299
1 132 22 0.9612 0.7859 0 0 49.669 121.334 58.044
1 133 9 0.8451 0.0000 0 0 51.722 119.843 60.834
1 134 2 0.8064 0.2681 0 0 55.257 119.529 59.518
1 135 13 0.5612 -0.029 0 0 58.424 117.774 60.709
1 136 5 0.4580 0.4061 0 0 56.419 114.760 61.846
1 137 3 0.2064 0.2382 0 0 59.590 112.679 61.330
1 138 12 0.0903 0.2941 0 0 61.287 114.374 64.304
1 139 16 0.0258 -0.589 0 0 61.118 113.272 67.964
1 140 17 0.0193 0.5805 0 0 60.251 115.446 70.966
1 141 1 0.0709 0.4552 0 0 56.960 116.516 69.451
1 142 18 0.0516 -0.017 0 0 55.259 119.270 71.489
1 143 22 0.1999 0.8450 0 0 51.967 119.632 69.601
1 144 3 0.1096 -0.968 0 0 49.614 116.676 69.876
1 145 18 0.2903 0.0163 0 0 47.672 115.454 66.883
1 146 13 0.1032 -0.680 0 0 44.348 115.720 68.653
1 147 6 0.1483 -0.567 0 0 44.863 119.365 69.482
1 148 0 0.4903 0.5531 0 0 45.799 120.082 65.870
1 149 6 0.4193 -0.372 0 0 42.714 118.147 64.632
1 150 3 0.2258 -0.860 0 0 40.577 120.195 67.007
1 151 12 0.4129 0.4504 0 0 41.994 123.451 65.659
1 152 0 0.6064 0.3970 0 0 41.352 122.264 62.076
1 153 1 0.3548 -0.831 0 0 37.864 121.170 63.010
1 154 17 0.2322 0.0902 0 0 37.131 124.613 64.483
1 155 20 0.4645 0.4335 0 0 37.980 126.111 61.097
1 156 9 0.4387 0.0000 0 0 36.128 123.467 59.038
1 157 11 0.7225 0.6501 0 0 39.367 122.473 57.256
1 158 16 0.7741 0.2320 0 0 41.535 119.327 56.851
1 159 15 0.8322 -0.272 0 0 44.543 118.572 58.970
1 160 11 0.8709 0.3231 0 0 47.570 116.676 57.677
1 161 7 0.7483 -0.810 0 0 50.840 115.699 59.284
1 162 18 0.8 0.9796 0 0 53.689 116.070 56.855
1 163 17 0.6387 -0.998 0 0 57.408 115.595 56.604
1 164 0 0.6516 0.3285 0 0 59.419 117.282 53.871
1 165 13 0.3612 -0.754 0 0 62.145 114.746 54.640
1 166 18 0.2774 -0.049 0 0 60.363 111.411 54.473
1 167 1 0.5161 0.0174 0 0 57.805 112.773 52.063
1 168 6 0.5419 -0.196 0 0 54.922 111.756 54.352
1 169 9 0.7419 0.0000 0 0 51.754 113.699 53.535
1 170 22 0.8580 -0.297 0 0 53.493 116.024 51.090
1 171 3 0.7677 -0.864 0 0 51.473 115.309 47.963
1 172 3 0.7935 -0.366 0 0 48.458 114.697 50.135
1 173 0 0.9483 0.6085 0 0 48.637 118.171 51.620
1 174 15 0.9419 0.3944 0 0 48.820 119.798 48.170
1 175 20 0.8193 -0.561 0 0 46.283 117.529 46.510
1 176 18 0.8645 0.0880 0 0 43.864 117.998 49.399
1 177 12 0.9161 0.6892 0 0 44.131 121.795 49.138
1 178 22 0.7806 -0.406 0 0 43.259 121.491 45.404
1 179 1 0.6193 -0.035 0 0 40.200 119.372 46.333
1 180 7 0.7096 0.2873 0 0 39.223 122.007 48.869
1 181 11 0.6322 0.5274 0 0 39.479 124.670 46.135
1 182 1 0.3806 0.0726 0 0 37.337 122.574 43.758
1 183 13 0.3032 0.3795 0 0 34.602 122.165 46.352
1 184 10 0.3096 0.2660 0 0 34.445 125.918 46.741
1 185 13 0.1161 0.4627 0 0 34.171 126.879 43.066
0 186 7 0 0 0 0 34.171 126.879 43.066
0 187 13 0 0 0 0 34.171 126.879 43.066
