0 1 14 0 0 0 0 0 0 0
0 2 10 0 0 0 0 0 0 0
0 3 10 0 0 0 0 0 0 0
0 4 10 0 0 0 0 0 0 0
0 5 10 0 0 0 0 0 0 0
0 6 10 0 0 0 0 0 0 0
0 7 10 0 0 0 0 0 0 0
0 8 17 0 0 0 0 0 0 0
0 9 17 0 0 0 0 0 0 0
0 10 9 0 0 0 0 0 0 0
0 11 1 0 0 0 0 0 0 0
0 12 7 0 0 0 0 0 0 0
0 13 2 0 0 0 0 0 0 0
0 14 12 0 0 0 0 0 0 0
0 15 20 0 0 0 0 0 0 0
0 16 15 0 0 0 0 0 0 0
0 17 6 0 0 0 0 0 0 0
0 18 9 0 0 0 0 0 0 0
1 19 14 0.0 0.1476 0 0 59.311 124.106 34.053
1 20 18 0.0533 0.1939 0 0 59.869 126.047 30.914
1 21 7 0.1866 -0.095 0 0 57.088 128.039 29.468
1 22 20 0.4866 -0.093 0 0 57.085 129.304 25.904
1 23 13 0.6333 -0.792 0 0 54.849 132.072 24.657
1 24 12 0.8866 0.2194 0 0 53.802 131.305 21.104
1 25 22 0.9066 -0.709 0 0 51.761 133.633 18.994
1 26 22 0.9666 0.3211 0 0 49.853 132.502 15.956
1 27 22 0.9266 -0.125 0 0 49.530 135.264 13.324
1 28 9 0.8933 0.0000 0 0 48.067 135.578 9.840
1 29 0 0.64 -0.461 0 0 45.103 136.706 7.739
1 30 9 0.48 0.0000 0 0 41.539 135.935 8.597
1 31 9 0.4733 0.0000 0 0 40.299 132.439 7.915
1 32 22 0.7333 0.5926 0 0 43.778 130.969 7.179
1 33 9 0.8 0.0000 0 0 43.306 128.283 9.884
1 34 13 0.9 0.0106 0 0 44.853 129.795 13.046
1 35 17 0.72 -0.742 0 0 42.168 128.480 15.381
1 36 0 0.6866 -0.071 0 0 41.858 125.195 13.493
1 37 12 0.8733 0.7940 0 0 45.557 124.596 14.033
1 38 18 0.8200 0.1820 0 0 45.478 125.527 17.710
1 39 11 0.5733 -0.533 0 0 42.378 123.514 18.582
1 40 6 0.5800 -0.267 0 0 43.756 120.575 16.673
1 41 12 0.6666 0.6291 0 0 46.932 120.843 18.800
1 42 11 0.4399 0.2254 0 0 45.125 121.229 22.102
1 43 6 0.1800 -0.075 0 0 42.005 119.060 21.753
1 44 2 0.2199 -0.292 0 0 42.774 116.797 18.830
1 45 10 0.1600 -0.589 0 0 39.650 118.277 17.327
1 46 15 0.2666 0.1135 0 0 38.953 119.774 13.926
1 47 22 0.1666 0.5185 0 0 36.602 122.770 14.028
1 48 3 0.0733 -0.702 0 0 34.773 122.916 10.687
1 49 7 0.0333 -0.435 0 0 32.809 125.954 11.800
0 50 20 0 0 0 0 32.809 125.954 11.800
0 51 3 0 0 0 0 32.809 125.954 11.800
0 52 16 0 0 0 0 32.809 125.954 11.800
0 53 18 0 0 0 0 32.809 125.954 11.800
0 54 11 0 0 0 0 32.809 125.954 11.800
0 55 7 0 0 0 0 32.809 125.954 11.800
1 56 3 0.3933 -0.523 0 0 41.967 133.228 22.869
1 57 17 0.4333 -0.687 0 0 44.740 131.509 24.757
1 58 20 0.4466 0.2484 0 0 45.599 127.886 25.198
1 59 1 0.3866 -0.570 0 0 48.013 125.762 27.101
1 60 13 0.3533 0.3382 0 0 49.641 122.402 26.656
1 61 6 0.1533 -0.905 0 0 52.511 120.477 28.204
1 62 22 0.2866 0.9922 0 0 54.713 118.738 25.679
1 63 22 0.1133 -0.983 0 0 58.042 116.977 25.471
1 64 11 0.2733 0.9750 0 0 60.382 118.157 22.708
1 65 3 0.0666 0.5862 0 0 63.919 116.852 22.345
1 66 9 0.0133 0.0000 0 0 63.541 115.327 25.777
1 67 7 0.0266 0.3451 0 0 62.785 118.659 27.420
1 68 18 0.0466 -0.666 0 0 59.354 119.147 28.953
1 69 5 0.1466 0.8252 0 0 57.728 122.517 28.451
1 70 12 0.26 -0.477 0 0 54.516 124.371 28.822
1 71 12 0.5533 0.6133 0 0 53.181 125.929 25.656
1 72 3 0.56 -0.637 0 0 51.218 129.138 25.922
1 73 11 0.7666 0.5204 0 0 49.490 129.775 22.645
1 74 12 0.7266 -0.530 0 0 47.866 133.083 21.763
1 75 3 0.7933 -0.014 0 0 45.508 132.888 18.860
1 76 18 0.7 0.4835 0 0 44.986 136.268 17.249
1 77 0 0.5066 -0.988 0 0 42.382 137.613 14.893
1 78 9 0.54 0.0000 0 0 43.340 138.419 11.313
0 79 10 0 0 0 0 43.340 138.419 11.313
0 80 7 0 0 0 0 43.340 138.419 11.313
0 81 7 0 0 0 0 43.340 138.419 11.313
0 82 20 0 0 0 0 43.340 138.419 11.313
0 83 17 0 0 0 0 43.340 138.419 11.313
0 84 0 0 0 0 0 43.340 138.419 11.313
0 85 14 0 0 0 0 43.340 138.419 11.313
0 86 1 0 0 0 0 43.340 138.419 11.313
0 87 3 0 0 0 0 43.340 138.419 11.313
0 88 6 0 0 0 0 43.340 138.419 11.313
0 89 20 0 0 0 0 43.340 138.419 11.313
1 90 14 0.5133 0.2028 0 0 52.527 140.404 20.368
1 91 1 0.3000 -0.866 0 0 55.196 142.037 22.524
1 92 18 0.3133 -0.301 0 0 55.153 139.245 25.106
1 93 9 0.6133 0.0000 0 0 55.471 136.630 22.354
1 94 7 0.62 -0.544 0 0 58.736 134.682 22.125
1 95 9 0.86 0.0000 0 0 57.865 132.899 18.888
1 96 15 0.9533 -0.861 0 0 55.477 133.339 16.017
1 97 12 0.9933 0.7963 0 0 53.741 131.052 13.595
1 98 5 0.9866 -0.664 0 0 53.134 133.061 10.480
1 99 22 0.9733 0.4516 0 0 50.247 131.400 8.776
1 100 15 0.8533 -0.175 0 0 48.833 131.586 5.312
1 101 0 0.7066 -0.523 0 0 46.461 129.295 3.458
1 102 11 0.5 -0.030 0 0 47.806 127.638 0.290
1 103 2 0.28 0.1170 0 0 44.503 128.396 -1.496
1 104 2 0.3066 0.1882 0 0 44.668 132.074 -0.621
1 105 18 0.1933 -0.903 0 0 47.203 134.237 -2.458
1 106 13 0.2066 -0.366 0 0 46.355 137.357 -0.480
1 107 17 0.5466 0.4459 0 0 47.037 135.679 2.872
1 108 15 0.6 -0.136 0 0 50.492 134.732 1.606
1 109 7 0.36 -0.837 0 0 51.108 138.272 0.352
1 110 3 0.4599 -0.178 0 0 50.171 139.471 3.842
1 111 11 0.7133 0.7850 0 0 53.089 137.585 5.369
1 112 10 0.4533 -0.911 0 0 55.632 140.355 4.718
1 113 10 0.4066 -0.116 0 0 53.390 142.658 6.696
1 114 20 0.6799 0.3380 0 0 53.285 140.354 9.740
1 115 1 0.6533 -0.012 0 0 56.988 139.752 9.804
1 116 7 0.3666 -0.406 0 0 57.768 143.477 9.660
1 117 6 0.38 0.3378 0 0 55.237 144.326 12.275
1 118 11 0.5333 0.9908 0 0 56.831 141.688 14.544
1 119 13 0.3399 0.0739 0 0 60.380 142.953 14.058
1 120 1 0.0933 -0.146 0 0 59.283 146.567 14.542
1 121 22 0.12 0.5124 0 0 57.591 145.864 17.789
1 122 13 0.1733 0.7521 0 0 60.174 143.389 19.165
1 123 3 0.0400 -0.990 0 0 62.927 145.736 17.971
1 124 17 0.0999 0.5916 0 0 64.732 142.722 16.558
1 125 7 0.1333 -0.820 0 0 65.949 141.191 13.292
1 126 3 0.3199 -0.265 0 0 66.116 137.646 14.430
1 127 22 0.5666 0.1832 0 0 62.789 136.894 16.035
1 128 16 0.7533 -0.616 0 0 61.832 133.160 16.250
1 129 14 0.92 -0.245 0 0 59.349 132.465 13.483
1 130 22 0.96 0.1770 0 0 57.976 129.608 11.471
1 131 12 0.9466 -0.778 0 0 56.260 130.059 8.115
1 132 22 0.98 0.8150 0 0 53.199 127.878 7.909
1 133 9 0.88 0.0000 0 0 51.190 127.112 4.768
1 134 2 0.84 0.1983 0 0 47.906 125.714 6.008
1 135 13 0.6066 -0.038 0 0 45.005 123.923 4.355
1 136 5 0.4666 0.3627 0 0 47.452 121.714 2.443
1 137 3 0.24 0.2866 0 0 44.692 119.106 2.145
1 138 12 0.1066 0.2143 0 0 42.568 121.219 -0.103
1 139 16 0.0200 -0.554 0 0 42.899 121.349 -3.857
1 140 17 0.0066 -0.591 0 0 42.831 124.539 -5.955
1 141 1 0.0799 0.5235 0 0 46.192 125.549 -4.516
1 142 18 0.0600 0.0301 0 0 47.090 129.090 -5.575
1 143 22 0.2466 0.8307 0 0 50.369 129.352 -3.662
1 144 3 0.14 -0.932 0 0 53.305 127.201 -4.691
1 145 18 0.3266 -0.024 0 0 55.495 125.297 -2.259
1 146 13 0.1266 -0.889 0 0 58.622 126.707 -3.868
1 147 6 0.1999 -0.343 0 0 57.418 130.305 -3.434
1 148 0 0.52 0.6366 0 0 56.833 129.838 0.275
1 149 6 0.4200 -0.311 0 0 60.064 127.861 0.523
1 150 3 0.2333 -0.845 0 0 61.894 130.807 -1.115
1 151 12 0.4133 0.3422 0 0 60.243 133.380 1.173
1 152 0 0.6266 0.4565 0 0 61.151 131.345 4.247
1 153 1 0.3466 -0.616 0 0 64.688 130.906 3.050
1 154 17 0.2133 0.1755 0 0 64.863 134.665 2.491
1 155 20 0.4266 0.4658 0 0 63.988 135.179 6.136
1 156 9 0.4 0.0000 0 0 66.241 132.431 7.429
1 157 11 0.6933 0.6704 0 0 63.226 130.659 8.926
1 158 16 0.7733 0.2112 0 0 61.691 127.199 8.508
1 159 15 0.8333 -0.201 0 0 58.733 126.425 6.390
1 160 11 0.8666 0.2814 0 0 56.076 123.817 7.039
1 161 7 0.78 -0.934 0 0 52.985 122.666 5.157
1 162 18 0.8133 0.9841 0 0 50.068 121.916 7.451
1 163 17 0.6599 -0.993 0 0 46.478 120.773 7.598
1 164 0 0.6733 0.2893 0 0 44.323 121.365 10.651
1 165 13 0.3733 -0.747 0 0 42.010 118.682 9.303
1 166 18 0.2933 -0.026 0 0 44.338 115.786 8.589
1 167 1 0.4933 -0.003 0 0 46.700 116.979 11.306
1 168 6 0.5266 -0.175 0 0 49.621 116.881 8.859
1 169 9 0.7466 0.0000 0 0 52.511 119.020 10.160
1 170 22 0.8466 -0.267 0 0 50.555 120.466 13.068
1 171 3 0.76 -0.899 0 0 52.753 119.168 15.920
1 172 3 0.8066 -0.358 0 0 55.765 119.837 13.675
1 173 0 0.94 0.6611 0 0 55.000 123.502 13.142
1 174 15 0.9333 0.4051 0 0 54.632 124.097 16.878
1 175 20 0.7866 -0.558 0 0 57.602 121.913 17.977
1 176 18 0.8266 0.1746 0 0 59.738 123.551 15.280
1 177 12 0.9133 0.6632 0 0 58.950 127.034 16.613
1 178 22 0.74 -0.396 0 0 60.009 125.869 20.090
1 179 1 0.5866 -0.056 0 0 63.337 124.606 18.678
1 180 7 0.6466 0.3532 0 0 63.802 127.998 17.028
1 181 11 0.5933 0.4549 0 0 63.221 129.767 20.330
1 182 1 0.3333 0.0605 0 0 65.629 127.397 22.030
1 183 13 0.2266 0.4022 0 0 68.290 128.037 19.386
1 184 10 0.2533 0.5112 0 0 67.792 131.739 19.740
1 185 13 0.0866 0.3197 0 0 68.265 131.523 23.500
0 186 7 0 0 0 0 68.265 131.523 23.500
0 187 13 0 0 0 0 68.265 131.523 23.500
