0 1 14 0 0 0 0 0 0 0
0 2 10 0 0 0 0 0 0 0
0 3 10 0 0 0 0 0 0 0
0 4 10 0 0 0 0 0 0 0
0 5 10 0 0 0 0 0 0 0
0 6 10 0 0 0 0 0 0 0
0 7 10 0 0 0 0 0 0 0
0 8 17 0 0 0 0 0 0 0
0 9 17 0 0 0 0 0 0 0
0 10 9 0 0 0 0 0 0 0
0 11 1 0 0 0 0 0 0 0
0 12 7 0 0 0 0 0 0 0
0 13 2 0 0 0 0 0 0 0
0 14 12 0 0 0 0 0 0 0
0 15 20 0 0 0 0 0 0 0
1 16 15 0.0 0.5221 0 0 37.123 109.614 43.667
1 17 6 0.0060 -0.378 0 0 37.460 105.882 43.219
1 18 9 0.0120 0.0000 0 0 39.524 105.916 40.041
1 19 14 0.0361 0.1638 0 0 39.017 107.099 36.494
1 20 18 0.0963 0.1287 0 0 35.576 107.426 34.897
1 21 7 0.3373 0.0928 0 0 34.705 104.751 32.384
1 22 20 0.5903 -0.196 0 0 32.740 105.304 29.232
1 23 13 0.7168 -0.817 0 0 31.022 102.505 27.396
1 24 12 0.9096 0.1406 0 0 31.432 103.212 23.690
1 25 22 0.9457 -0.727 0 0 29.764 101.165 20.972
1 26 22 0.9879 0.3196 0 0 30.769 101.259 17.308
1 27 22 0.9638 -0.168 0 0 27.935 100.495 14.883
1 28 9 0.8975 0.0000 0 0 27.388 100.553 11.149
1 29 0 0.6987 -0.580 0 0 27.196 98.345 8.073
1 30 9 0.5662 0.0000 0 0 29.515 95.530 7.327
1 31 9 0.5421 0.0000 0 0 32.870 96.608 6.021
1 32 22 0.7771 0.6038 0 0 32.654 100.385 6.826
1 33 9 0.8253 0.0000 0 0 35.800 100.162 8.904
1 34 13 0.9216 0.0898 0 0 34.507 99.815 12.481
1 35 17 0.8132 -0.658 0 0 37.240 97.378 13.500
1 36 0 0.7228 -0.235 0 0 39.887 99.233 11.538
1 37 12 0.8855 0.6803 0 0 39.014 102.464 13.337
1 38 18 0.8734 0.3285 0 0 39.088 100.704 16.668
1 39 11 0.6265 -0.629 0 0 42.329 98.813 16.070
1 40 6 0.5963 -0.403 0 0 43.893 102.027 14.843
1 41 12 0.6927 0.6240 0 0 42.875 103.843 18.041
1 42 11 0.5180 0.3060 0 0 44.003 101.019 20.306
1 43 6 0.2891 -0.270 0 0 47.093 99.643 18.526
1 44 2 0.2771 -0.423 0 0 48.081 102.497 16.188
1 45 10 0.2108 -0.517 0 0 47.766 99.776 13.594
1 46 15 0.2951 0.0336 0 0 45.985 99.587 10.220
1 47 22 0.2590 0.5868 0 0 44.345 96.335 9.335
1 48 3 0.1204 -0.849 0 0 44.104 95.783 5.598
1 49 7 0.0722 -0.012 0 0 42.517 92.397 6.014
1 50 20 0.1686 0.4318 0 0 38.741 92.233 6.212
1 51 3 0.1626 -0.543 0 0 37.983 90.022 9.188
1 52 16 0.3192 -0.842 0 0 34.230 90.165 9.957
1 53 18 0.4518 0.8449 0 0 33.462 90.740 13.590
1 54 11 0.3493 -0.971 0 0 31.195 88.880 15.948
1 55 7 0.4759 -0.240 0 0 31.972 91.022 19.019
1 56 3 0.5120 -0.344 0 0 35.139 92.453 20.509
1 57 17 0.5361 -0.728 0 0 35.762 94.652 23.509
1 58 20 0.5722 0.2356 0 0 38.711 97.037 23.745
1 59 1 0.4578 -0.651 0 0 40.150 99.263 26.452
1 60 13 0.4397 0.2672 0 0 42.112 102.475 26.453
1 61 6 0.2409 -0.931 0 0 42.948 105.160 28.977
1 62 22 0.3253 0.9796 0 0 42.955 108.661 27.559
1 63 22 0.1325 -0.981 0 0 42.916 112.269 28.625
1 64 11 0.3072 0.9766 0 0 40.065 114.325 27.199
1 65 3 0.0903 0.4899 0 0 39.792 117.992 28.119
1 66 9 0.0240 0.0000 0 0 42.215 117.429 30.969
1 67 7 0.0421 -0.267 0 0 40.062 114.653 32.325
1 68 18 0.0662 -0.657 0 0 41.315 111.101 32.379
1 69 5 0.2168 0.7714 0 0 39.101 108.274 31.395
1 70 12 0.3674 -0.440 0 0 38.846 104.695 30.473
1 71 12 0.6506 0.5169 0 0 37.220 103.877 27.180
1 72 3 0.6566 -0.728 0 0 35.455 100.548 26.902
1 73 11 0.8614 0.4642 0 0 34.771 100.098 23.258
1 74 12 0.8554 -0.579 0 0 32.395 97.543 21.874
1 75 3 0.8795 -0.072 0 0 33.100 96.754 18.292
1 76 18 0.8072 0.5253 0 0 30.044 95.143 16.749
1 77 0 0.6144 -0.916 0 0 29.090 92.962 13.837
1 78 9 0.6385 0.0000 0 0 28.043 94.609 10.603
0 79 10 0 0 0 0 28.043 94.609 10.603
0 80 7 0 0 0 0 28.043 94.609 10.603
0 81 7 0 0 0 0 28.043 94.609 10.603
0 82 20 0 0 0 0 28.043 94.609 10.603
1 83 17 0.0542 0.7233 0 0 19.503 89.097 18.075
1 84 0 0.0481 -0.920 0 0 19.114 89.879 21.782
1 85 14 0.1566 -0.050 0 0 22.877 90.299 21.891
1 86 1 0.4156 -0.061 0 0 22.468 93.418 19.782
1 87 3 0.3012 -0.674 0 0 19.803 94.797 22.071
1 88 6 0.2349 -0.371 0 0 22.023 93.761 24.954
1 89 20 0.5301 0.5906 0 0 25.066 95.816 24.043
1 90 14 0.6204 0.2820 0 0 22.904 98.748 22.958
1 91 1 0.3915 -0.848 0 0 21.398 98.726 26.395
1 92 18 0.4337 -0.215 0 0 24.704 98.993 28.285
1 93 9 0.7048 0.0000 0 0 26.309 101.439 25.839
1 94 7 0.6867 -0.508 0 0 26.383 105.133 26.766
1 95 9 0.8915 0.0000 0 0 27.558 106.501 23.449
1 96 15 0.9759 -0.758 0 0 27.467 105.307 19.872
1 97 12 0.9939 0.7216 0 0 29.711 105.965 16.908
1 98 5 0.9819 -0.628 0 0 27.577 105.522 13.798
1 99 22 0.9698 0.4554 0 0 29.888 104.703 11.013
1 100 15 0.8674 -0.316 0 0 29.354 104.801 7.310
1 101 0 0.6807 -0.393 0 0 31.911 104.689 4.470
1 102 11 0.4879 -0.098 0 0 32.075 107.676 2.163
1 103 2 0.2289 0.1057 0 0 32.311 105.371 -0.886
1 104 2 0.3433 0.3066 0 0 29.298 103.318 0.135
1 105 18 0.2048 -0.881 0 0 25.896 105.045 -0.270
1 106 13 0.2469 -0.735 0 0 24.063 102.091 1.151
1 107 17 0.5481 0.4096 0 0 26.052 102.292 4.397
1 108 15 0.5602 -0.233 0 0 25.097 105.961 4.618
1 109 7 0.3734 -0.884 0 0 21.405 105.116 4.104
1 110 3 0.5240 -0.110 0 0 21.740 102.488 6.848
1 111 11 0.7469 0.6705 0 0 22.658 105.180 9.384
1 112 10 0.5060 -0.868 0 0 19.109 106.433 10.007
1 113 10 0.4638 -0.801 0 0 18.086 102.891 10.848
1 114 20 0.7409 0.3562 0 0 21.025 102.377 13.235
1 115 1 0.7108 -0.131 0 0 20.056 105.531 15.063
1 116 7 0.4216 -0.728 0 0 16.387 104.394 15.272
1 117 6 0.4698 0.2622 0 0 17.501 100.983 16.485
1 118 11 0.6325 0.9813 0 0 19.539 102.643 19.251
1 119 13 0.4096 -0.087 0 0 16.689 104.988 20.253
1 120 1 0.1807 -0.128 0 0 14.358 101.965 20.305
1 121 22 0.2530 0.7583 0 0 16.503 99.677 22.460
1 122 13 0.3313 0.7701 0 0 17.628 102.447 24.789
1 123 3 0.0843 -0.982 0 0 14.040 103.502 24.796
1 124 17 0.1385 0.4650 0 0 15.431 107.014 24.692
1 125 7 0.1445 -0.727 0 0 15.169 110.171 22.586
1 126 3 0.3554 -0.224 0 0 18.521 111.501 23.602
1 127 22 0.6084 0.2829 0 0 21.422 109.102 23.164
1 128 16 0.7831 -0.517 0 0 25.012 110.479 22.725
1 129 14 0.9156 -0.213 0 0 26.086 109.755 19.200
1 130 22 0.9578 0.1484 0 0 28.568 110.772 16.573
1 131 12 0.9277 -0.756 0 0 28.292 110.419 12.817
1 132 22 0.9518 0.7925 0 0 31.450 109.027 11.271
1 133 9 0.8493 0.0000 0 0 32.240 109.093 7.605
1 134 2 0.8313 0.3072 0 0 35.101 106.694 7.207
1 135 13 0.5542 0.0406 0 0 37.571 105.788 4.460
1 136 5 0.4457 0.3240 0 0 38.061 109.422 3.642
1 137 3 0.1927 0.2860 0 0 41.454 108.630 2.087
1 138 12 0.1084 0.3339 0 0 39.871 106.780 -0.778
1 139 16 0.0301 -0.436 0 0 38.779 108.164 -4.182
1 140 17 0.0180 -0.460 0 0 35.368 107.386 -5.651
1 141 1 0.0783 0.4760 0 0 33.525 109.210 -2.927
1 142 18 0.0602 0.0522 0 0 29.739 108.715 -3.354
1 143 22 0.1987 0.8513 0 0 28.655 110.553 -0.211
1 144 3 0.1265 -0.607 0 0 29.215 114.238 -0.138
1 145 18 0.2650 -0.029 0 0 30.322 115.885 3.058
1 146 13 0.1024 -0.902 0 0 27.399 118.293 2.866
1 147 6 0.1506 -0.052 0 0 24.896 115.460 2.857
1 148 0 0.4819 0.5723 0 0 26.531 113.940 5.952
1 149 6 0.3975 -0.427 0 0 26.679 117.322 7.638
1 150 3 0.1746 -0.848 0 0 23.004 117.909 6.916
1 151 12 0.4036 0.4719 0 0 22.050 114.555 8.322
1 152 0 0.5843 0.4216 0 0 24.132 115.013 11.511
1 153 1 0.3132 -0.841 0 0 22.663 118.485 11.884
1 154 17 0.1867 0.1897 0 0 19.138 117.121 11.469
1 155 20 0.4277 0.4745 0 0 19.972 114.789 14.385
1 156 9 0.3855 0.0000 0 0 21.700 117.455 16.407
1 157 11 0.6626 0.6935 0 0 24.889 115.423 16.612
1 158 16 0.7530 0.1593 0 0 28.494 115.879 15.414
1 159 15 0.7891 -0.258 0 0 29.865 114.657 12.161
1 160 11 0.8373 0.2027 0 0 33.518 113.645 11.670
1 161 7 0.7349 -0.961 0 0 35.328 112.400 8.579
1 162 18 0.8012 0.9902 0 0 37.843 109.682 9.359
1 163 17 0.6445 -0.981 0 0 40.401 107.363 7.888
1 164 0 0.6746 0.3654 0 0 41.452 104.247 9.750
1 165 13 0.3795 -0.751 0 0 44.480 104.234 7.392
1 166 18 0.2710 -0.089 0 0 45.790 107.781 7.650
1 167 1 0.4939 -0.005 0 0 44.416 108.232 11.199
1 168 6 0.5 -0.242 0 0 42.574 111.386 10.212
1 169 9 0.7289 0.0000 0 0 39.721 112.024 12.648
1 170 22 0.8433 -0.193 0 0 40.186 108.830 14.626
1 171 3 0.7590 -0.865 0 0 41.016 110.143 18.092
1 172 3 0.7710 -0.403 0 0 38.634 112.989 17.362
1 173 0 0.9337 0.6189 0 0 35.756 110.637 16.661
1 174 15 0.9397 0.4690 0 0 36.084 108.830 19.961
1 175 20 0.7951 -0.545 0 0 36.992 111.966 21.957
1 176 18 0.8192 0.0322 0 0 33.997 113.834 20.592
1 177 12 0.9036 0.7744 0 0 31.759 110.948 21.586
1 178 22 0.7650 -0.343 0 0 33.048 111.183 25.166
1 179 1 0.5783 -0.100 0 0 32.426 114.936 25.116
1 180 7 0.6686 0.2475 0 0 28.846 114.253 23.960
1 181 11 0.6024 0.5788 0 0 28.363 111.799 26.815
1 182 1 0.3614 0.0596 0 0 29.698 114.301 29.318
1 183 13 0.2228 0.3453 0 0 27.259 116.912 28.107
1 184 10 0.2831 0.2454 0 0 24.389 114.417 28.383
1 185 13 0.1144 0.4444 0 0 25.270 113.934 32.031
0 186 7 0 0 0 0 25.270 113.934 32.031
0 187 13 0 0 0 0 25.270 113.934 32.031
