1 1 14 0.0 0.3218 0 0 -4.066 -44.047 -33.725
1 2 18 0.0361 0.1533 0 0 -1.552 -41.230 -33.663
1 3 7 0.2048 -0.056 0 0 -1.691 -38.636 -30.887
1 4 20 0.5120 -0.235 0 0 -0.801 -34.986 -31.649
1 5 13 0.6626 -0.805 0 0 -0.026 -32.654 -28.726
1 6 12 0.8975 0.1343 0 0 -0.937 -29.118 -29.778
1 7 22 0.9457 -0.657 0 0 -0.435 -25.943 -27.707
1 8 22 0.9879 0.3818 0 0 -2.150 -22.585 -28.299
1 9 22 0.9698 -0.286 0 0 -0.189 -19.506 -27.169
1 10 9 0.9277 0.0000 0 0 -0.391 -15.733 -27.520
1 11 0 0.7951 -0.523 0 0 -1.346 -12.532 -25.739
1 12 9 0.6385 0.0000 0 0 -4.357 -12.159 -23.465
1 13 9 0.6265 0.0000 0 0 -7.649 -11.738 -25.264
1 14 22 0.8192 0.5943 0 0 -6.571 -12.700 -28.796
1 15 9 0.8674 0.0000 0 0 -9.047 -15.624 -28.917
1 16 13 0.9518 0.1084 0 0 -7.031 -18.748 -28.027
1 17 17 0.8433 -0.605 0 0 -9.901 -20.239 -26.032
1 18 0 0.7831 -0.323 0 0 -12.560 -19.256 -28.522
1 19 12 0.9096 0.6693 0 0 -10.552 -20.876 -31.325
1 20 18 0.8915 0.3327 0 0 -10.063 -24.123 -29.438
1 21 11 0.6686 -0.417 0 0 -13.687 -24.291 -28.260
1 22 6 0.6144 -0.421 0 0 -14.945 -23.620 -31.803
1 23 12 0.7048 0.5439 0 0 -12.791 -26.469 -33.127
1 24 11 0.5421 0.3365 0 0 -13.676 -28.995 -30.404
1 25 6 0.3132 0.0538 0 0 -17.226 -27.983 -29.382
1 26 2 0.2710 -0.216 0 0 -18.604 -26.146 -32.438
1 27 10 0.2168 -0.078 0 0 -19.814 -22.957 -30.774
1 28 15 0.3313 0.1569 0 0 -18.514 -19.409 -30.221
1 29 22 0.3253 0.3662 0 0 -17.681 -18.168 -26.713
1 30 3 0.1204 -0.590 0 0 -18.780 -14.512 -26.669
1 31 7 0.0783 -0.322 0 0 -17.740 -13.701 -23.083
1 32 20 0.2289 0.4189 0 0 -14.162 -13.179 -21.907
1 33 3 0.1927 -0.548 0 0 -13.095 -15.476 -19.032
1 34 16 0.3554 -0.793 0 0 -9.268 -15.462 -18.741
1 35 18 0.4819 0.8566 0 0 -7.687 -18.929 -18.854
1 36 11 0.3795 -0.996 0 0 -5.170 -20.451 -16.458
1 37 7 0.5060 0.1981 0 0 -4.467 -23.758 -18.237
1 38 3 0.5481 -0.247 0 0 -7.123 -25.967 -19.872
1 39 17 0.5722 -0.885 0 0 -6.902 -29.165 -21.928
1 40 20 0.5542 0.3430 0 0 -9.164 -30.620 -24.627
1 41 1 0.4216 -0.499 0 0 -8.973 -33.992 -26.360
1 42 13 0.3072 -0.019 0 0 -10.826 -35.222 -29.411
1 43 6 0.0963 -0.883 0 0 -10.559 -37.887 -32.095
1 44 22 0.1686 0.9830 0 0 -10.696 -36.556 -35.649
1 45 22 0.0542 -0.975 0 0 -9.830 -37.902 -39.111
1 46 11 0.1807 0.9738 0 0 -7.170 -35.738 -40.841
1 47 3 0.0421 0.3148 0 0 -6.131 -36.435 -44.393
1 48 9 0.0060 -0.320 0 0 -7.339 -40.013 -43.962
1 49 7 0.0120 0.3245 0 0 -6.067 -41.090 -40.536
1 50 11 0.0180 -0.636 0 0 -7.664 -41.192 -37.121
1 51 5 0.1566 0.5222 0 0 -5.847 -38.579 -35.037
1 52 12 0.2409 -0.208 0 0 -6.195 -37.964 -31.287
1 53 12 0.5602 0.4548 0 0 -5.735 -34.220 -30.774
1 54 3 0.5903 -0.602 0 0 -4.668 -33.186 -27.304
1 55 11 0.8253 0.5076 0 0 -4.900 -29.380 -27.169
1 56 12 0.8313 -0.410 0 0 -3.454 -27.251 -24.380
1 57 3 0.8855 -0.078 0 0 -5.164 -23.844 -24.102
1 58 18 0.8373 0.4935 0 0 -2.715 -21.574 -22.263
1 59 0 0.6927 -0.940 0 0 -2.922 -18.261 -20.395
1 60 9 0.7349 0.0000 0 0 -2.101 -15.046 -22.199
1 61 6 0.4277 -0.488 0 0 -2.602 -12.841 -19.124
1 62 7 0.2349 0.1501 0 0 0.675 -12.625 -17.273
1 63 7 0.0481 -0.601 0 0 -1.208 -12.859 -13.891
1 64 20 0.1867 -0.267 0 0 -2.520 -16.304 -14.854
1 65 17 0.3493 -0.035 0 0 0.591 -17.408 -16.749
1 66 0 0.0903 -0.867 0 0 2.539 -19.016 -13.901
1 67 14 0.1265 -0.480 0 0 3.960 -22.445 -14.785
1 68 1 0.4638 0.6423 0 0 2.929 -22.116 -18.457
1 69 3 0.3855 -0.382 0 0 6.444 -23.358 -19.378
1 70 6 0.1987 -0.885 0 0 6.146 -26.730 -17.623
1 71 20 0.4337 -0.339 0 0 2.764 -27.568 -19.106
1 72 14 0.6325 0.5737 0 0 3.990 -26.643 -22.621
1 73 1 0.3975 -0.923 0 0 6.995 -28.987 -22.449
1 74 18 0.3915 -0.346 0 0 5.416 -31.993 -24.106
1 75 9 0.6867 0.0000 0 0 3.923 -29.822 -26.893
1 76 7 0.6445 -0.614 0 0 4.692 -31.147 -30.369
1 77 9 0.8614 0.0000 0 0 3.354 -28.105 -32.266
1 78 15 0.9638 -0.679 0 0 2.265 -24.586 -31.411
1 79 12 0.9939 0.6361 0 0 -0.396 -22.193 -32.673
1 80 5 0.9819 -0.956 0 0 1.037 -18.651 -32.139
1 81 22 0.9759 0.5295 0 0 -2.037 -16.441 -32.135
1 82 15 0.8795 -0.362 0 0 -2.438 -12.669 -32.413
1 83 0 0.7530 -0.373 0 0 -5.556 -10.586 -33.182
1 84 11 0.5180 -0.174 0 0 -5.713 -8.554 -36.418
1 85 2 0.3012 0.1610 0 0 -7.209 -5.616 -34.460
1 86 2 0.3614 0.3642 0 0 -4.436 -5.623 -31.803
1 87 18 0.2590 -0.878 0 0 -1.077 -4.420 -33.072
1 88 13 0.2951 -0.350 0 0 0.582 -5.052 -29.680
1 89 17 0.6024 0.4643 0 0 -0.444 -8.736 -29.799
1 90 15 0.5963 -0.277 0 0 1.359 -9.037 -33.145
1 91 7 0.3734 -0.856 0 0 4.424 -7.215 -31.835
1 92 3 0.5301 -0.117 0 0 4.349 -9.670 -28.827
1 93 11 0.7590 0.6927 0 0 4.612 -12.790 -31.073
1 94 10 0.5240 -0.968 0 0 8.435 -12.970 -30.700
1 95 6 0.4879 -0.307 0 0 8.102 -13.395 -26.925
1 96 20 0.7891 0.3437 0 0 6.103 -16.562 -27.571
1 97 1 0.7108 -0.113 0 0 8.429 -17.860 -30.226
1 98 7 0.4457 -0.486 0 0 11.345 -17.411 -27.767
1 99 6 0.5 0.4183 0 0 9.461 -19.205 -24.992
1 100 11 0.6566 0.9235 0 0 8.721 -22.139 -27.322
1 101 13 0.4096 -0.082 0 0 12.373 -22.381 -28.352
1 102 1 0.2108 -0.056 0 0 13.346 -22.404 -24.640
1 103 22 0.3373 0.8681 0 0 10.765 -25.046 -23.580
1 104 13 0.3192 0.6460 0 0 11.616 -27.349 -26.491
1 105 3 0.0662 -0.884 0 0 15.338 -26.490 -26.593
1 106 17 0.1144 0.3612 0 0 15.097 -26.383 -30.383
1 107 3 0.1506 -0.780 0 0 15.185 -23.948 -33.315
1 108 3 0.2891 -0.438 0 0 13.015 -26.212 -35.471
1 109 22 0.5662 0.3516 0 0 9.595 -26.571 -33.791
1 110 16 0.7409 -0.553 0 0 6.337 -27.122 -35.730
1 111 14 0.9036 -0.110 0 0 4.326 -23.866 -35.594
1 112 22 0.9397 0.0791 0 0 1.643 -21.877 -37.398
1 113 12 0.9337 -0.656 0 0 1.136 -18.088 -37.113
1 114 22 0.9578 0.7394 0 0 -2.576 -17.304 -36.677
1 115 9 0.8554 0.0000 0 0 -4.208 -13.897 -37.213
1 116 2 0.8493 0.3297 0 0 -7.527 -14.212 -35.397
1 117 13 0.6084 0.1043 0 0 -10.667 -12.078 -35.310
1 118 5 0.4518 0.1366 0 0 -10.662 -11.689 -39.126
1 119 3 0.2228 0.3574 0 0 -14.416 -11.004 -38.970
1 120 12 0.1084 0.3902 0 0 -13.666 -7.617 -37.336
1 121 0 0.0240 -0.905 0 0 -13.281 -4.491 -39.396
1 122 0 0.0301 -0.090 0 0 -10.806 -2.503 -37.224
1 123 1 0.0722 0.4476 0 0 -7.806 -4.173 -38.782
1 124 18 0.0602 -0.027 0 0 -4.427 -2.770 -37.791
1 125 22 0.2530 0.8464 0 0 -2.297 -5.782 -38.863
1 126 7 0.1024 -0.899 0 0 -2.430 -6.269 -42.636
1 127 17 0.2831 -0.001 0 0 -2.183 -9.770 -44.012
1 128 1 0.0843 -0.749 0 0 1.113 -8.945 -45.784
1 129 6 0.1445 -0.251 0 0 2.829 -7.819 -42.570
1 130 0 0.4759 0.6773 0 0 1.978 -11.176 -40.908
1 131 6 0.3674 -0.514 0 0 3.006 -13.149 -44.001
1 132 3 0.1626 -0.838 0 0 6.404 -11.465 -43.792
1 133 12 0.4156 0.5879 0 0 6.816 -12.466 -40.160
1 134 0 0.5783 0.4484 0 0 5.761 -16.045 -40.840
1 135 1 0.2650 -0.838 0 0 8.178 -16.240 -43.815
1 136 17 0.1746 0.2638 0 0 11.068 -15.197 -41.544
1 137 20 0.4397 0.5480 0 0 10.190 -18.069 -39.196
1 138 9 0.3433 0.0000 0 0 9.684 -20.575 -42.043
1 139 11 0.6204 0.7456 0 0 6.049 -21.233 -41.042
1 140 16 0.6807 0.2207 0 0 2.568 -20.780 -42.490
1 141 20 0.7710 -0.058 0 0 0.314 -17.770 -41.817
1 142 11 0.8072 0.2334 0 0 -3.439 -18.419 -41.590
1 143 7 0.7650 -0.713 0 0 -6.261 -16.011 -40.712
1 144 18 0.8012 0.9817 0 0 -9.130 -17.181 -38.564
1 145 17 0.6506 -0.966 0 0 -12.384 -16.152 -36.979
1 146 0 0.6987 0.4700 0 0 -13.512 -18.082 -33.931
1 147 13 0.4036 -0.754 0 0 -16.852 -16.273 -34.388
1 148 18 0.2771 -0.128 0 0 -17.662 -17.381 -37.948
1 149 1 0.4698 -0.162 0 0 -15.414 -20.502 -38.008
1 150 6 0.4578 -0.322 0 0 -13.464 -19.176 -40.964
1 151 9 0.6746 0.0000 0 0 -10.024 -20.795 -41.094
1 152 22 0.8132 -0.039 0 0 -10.381 -22.578 -37.727
1 153 7 0.7168 -0.936 0 0 -10.059 -26.163 -38.998
1 154 3 0.7228 -0.592 0 0 -7.447 -25.005 -41.501
1 155 0 0.9156 0.6948 0 0 -5.249 -23.524 -38.742
1 156 15 0.9216 0.5617 0 0 -5.326 -26.584 -36.486
1 157 20 0.7469 -0.451 0 0 -4.979 -29.054 -39.466
1 158 18 0.7771 0.1036 0 0 -2.127 -27.083 -40.980
1 159 12 0.8734 0.5355 0 0 -0.441 -27.391 -37.559
1 160 22 0.7289 -0.911 0 0 -1.053 -31.200 -37.128
1 161 1 0.4939 -0.183 0 0 0.487 -31.509 -40.657
1 162 7 0.5843 0.2537 0 0 3.558 -29.157 -40.229
1 163 11 0.5361 0.3044 0 0 4.282 -31.708 -37.444
1 164 1 0.2469 -0.031 0 0 4.119 -34.472 -40.056
1 165 6 0.1325 -0.037 0 0 6.885 -32.717 -42.057
1 166 10 0.1385 0.6170 0 0 9.404 -32.548 -39.236
