1 1 14 0.0 0.3197 0 0 -36.250 76.341 -77.528
1 2 18 0.0361 0.1885 0 0 -34.735 72.958 -78.354
1 3 7 0.1987 0.0401 0 0 -32.131 71.692 -75.897
1 4 20 0.5120 -0.251 0 0 -29.472 69.127 -76.792
1 5 13 0.6686 -0.825 0 0 -27.871 67.219 -73.919
1 6 12 0.9036 0.1089 0 0 -24.320 66.347 -74.958
1 7 22 0.9457 -0.652 0 0 -21.869 64.298 -72.913
1 8 22 0.9879 0.2975 0 0 -18.119 64.225 -73.582
1 9 22 0.9698 -0.219 0 0 -16.434 60.935 -72.572
1 10 9 0.9277 0.0000 0 0 -13.036 59.284 -72.976
1 11 0 0.7891 -0.533 0 0 -9.824 58.369 -71.156
1 12 9 0.6385 0.0000 0 0 -7.941 60.741 -68.876
1 13 9 0.6144 0.0000 0 0 -5.936 63.458 -70.585
1 14 22 0.8192 0.6165 0 0 -7.330 63.093 -74.110
1 15 9 0.8554 0.0000 0 0 -8.584 66.694 -74.155
1 16 13 0.9518 0.1393 0 0 -12.277 66.476 -73.238
1 17 17 0.8373 -0.609 0 0 -12.138 69.666 -71.173
1 18 0 0.7590 -0.297 0 0 -9.922 71.526 -73.620
1 19 12 0.8975 0.6845 0 0 -12.354 70.692 -76.441
1 20 18 0.8795 0.3356 0 0 -15.403 71.812 -74.484
1 21 11 0.6506 -0.429 0 0 -13.748 75.023 -73.266
1 22 6 0.5843 -0.425 0 0 -12.540 75.841 -76.786
1 23 12 0.6927 0.5619 0 0 -16.106 75.429 -78.098
1 24 11 0.5060 0.3500 0 0 -17.829 77.407 -75.348
1 25 6 0.2891 0.0471 0 0 -15.190 79.973 -74.322
1 26 2 0.2349 -0.217 0 0 -12.915 80.271 -77.366
1 27 10 0.1746 -0.102 0 0 -9.551 79.716 -75.681
1 28 15 0.3132 0.1690 0 0 -7.122 76.813 -75.243
1 29 22 0.3012 0.3580 0 0 -6.466 75.430 -71.767
1 30 3 0.1084 -0.605 0 0 -2.743 74.481 -71.732
1 31 7 0.0722 -0.342 0 0 -2.594 73.080 -68.213
1 32 20 0.1927 0.3997 0 0 -3.898 69.690 -67.115
1 33 3 0.1686 -0.626 0 0 -6.408 69.784 -64.238
1 34 16 0.3614 -0.806 0 0 -8.234 66.447 -64.085
1 35 18 0.4698 0.8295 0 0 -12.020 66.807 -64.111
1 36 11 0.3674 -0.995 0 0 -14.555 65.329 -61.727
1 37 7 0.4939 0.1301 0 0 -17.647 66.503 -63.589
1 38 3 0.5180 -0.257 0 0 -18.441 69.934 -65.064
1 39 17 0.5361 -0.525 0 0 -21.415 71.415 -66.921
1 40 20 0.5240 0.3407 0 0 -21.557 74.101 -69.636
1 41 1 0.3975 -0.630 0 0 -24.610 75.681 -71.261
1 42 13 0.2951 0.0737 0 0 -24.746 77.969 -74.279
1 43 6 0.0963 -0.954 0 0 -27.341 79.147 -76.773
1 44 22 0.1385 0.9809 0 0 -26.197 78.788 -80.371
1 45 22 0.0542 -0.974 0 0 -27.660 78.629 -83.862
1 46 11 0.1626 0.9694 0 0 -27.075 75.338 -85.652
1 47 3 0.0421 0.6886 0 0 -28.399 74.943 -89.197
1 48 9 0.0060 0.0000 0 0 -30.803 77.822 -88.701
1 49 7 0.0120 0.4789 0 0 -32.167 76.436 -85.448
1 50 18 0.0180 -0.728 0 0 -31.717 78.447 -82.274
1 51 5 0.0843 0.7524 0 0 -30.990 75.916 -79.550
1 52 12 0.2289 -0.353 0 0 -29.395 75.327 -76.172
1 53 12 0.5421 0.4526 0 0 -26.359 73.089 -75.822
1 54 3 0.5783 -0.370 0 0 -26.080 71.501 -72.407
1 55 11 0.8253 0.4822 0 0 -22.672 69.846 -72.247
1 56 12 0.8313 -0.484 0 0 -21.373 67.523 -69.561
1 57 3 0.8734 -0.104 0 0 -17.588 67.289 -69.326
1 58 18 0.8433 0.5310 0 0 -16.852 63.991 -67.569
1 59 0 0.6807 -0.950 0 0 -13.914 62.383 -65.737
1 60 9 0.7349 0.0000 0 0 -11.415 60.262 -67.652
1 61 6 0.4096 -0.503 0 0 -9.659 59.084 -64.491
1 62 7 0.2530 -0.204 0 0 -10.777 55.520 -63.772
1 63 7 0.0602 -0.323 0 0 -11.149 56.436 -60.097
1 64 20 0.2228 -0.194 0 0 -14.473 58.047 -61.019
1 65 17 0.3493 -0.556 0 0 -15.904 55.313 -63.256
1 66 0 0.1024 -0.902 0 0 -18.836 54.815 -60.866
1 67 14 0.3072 0.0628 0 0 -20.227 58.163 -62.052
1 68 1 0.4879 0.3309 0 0 -20.723 56.935 -65.625
1 69 3 0.3253 -0.683 0 0 -24.072 55.194 -65.174
1 70 6 0.2710 -0.582 0 0 -25.740 58.437 -64.082
1 71 20 0.5662 0.7068 0 0 -24.454 60.651 -66.887
1 72 14 0.6204 0.3295 0 0 -25.061 57.989 -69.533
1 73 1 0.3554 -0.955 0 0 -28.691 57.756 -68.412
1 74 18 0.4156 -0.270 0 0 -29.292 61.491 -68.883
1 75 9 0.7048 0.0000 0 0 -27.280 62.258 -72.036
1 76 7 0.6626 -0.625 0 0 -28.872 62.428 -75.494
1 77 9 0.8674 0.0000 0 0 -25.636 62.191 -77.478
1 78 15 0.9638 -0.716 0 0 -22.039 61.270 -76.712
1 79 12 0.9939 0.5676 0 0 -18.751 62.648 -77.980
1 80 5 0.9819 -0.735 0 0 -16.353 59.731 -77.611
1 81 22 0.9759 0.4467 0 0 -12.886 61.237 -77.499
1 82 15 0.8915 -0.334 0 0 -9.450 59.651 -77.785
1 83 0 0.7530 -0.404 0 0 -6.091 61.253 -78.564
1 84 11 0.5301 -0.214 0 0 -4.296 60.381 -81.803
1 85 2 0.3192 0.1288 0 0 -0.990 60.119 -79.888
1 86 2 0.3855 0.3638 0 0 -2.410 57.733 -77.280
1 87 18 0.2831 -0.860 0 0 -3.133 54.234 -78.548
1 88 13 0.3433 -0.287 0 0 -4.450 53.088 -75.167
1 89 17 0.6265 0.4475 0 0 -7.084 55.895 -75.224
1 90 15 0.6325 -0.262 0 0 -8.285 54.617 -78.601
1 91 7 0.4277 -0.865 0 0 -8.520 51.062 -77.251
1 92 3 0.5722 -0.240 0 0 -10.438 52.488 -74.248
1 93 11 0.7951 0.6947 0 0 -13.266 53.761 -76.505
1 94 10 0.5481 -0.832 0 0 -14.900 50.347 -76.673
1 95 6 0.4759 -0.922 0 0 -15.539 50.233 -72.912
1 96 20 0.7710 0.4745 0 0 -17.251 53.626 -73.142
1 97 1 0.7289 -0.536 0 0 -19.359 52.532 -76.115
1 98 7 0.4216 -0.677 0 0 -20.258 49.215 -74.483
1 99 6 0.4397 0.0400 0 0 -21.516 50.907 -71.328
1 100 11 0.6024 0.9755 0 0 -23.435 53.539 -73.275
1 101 13 0.3915 -0.389 0 0 -25.042 50.659 -75.212
1 102 1 0.1325 0.0530 0 0 -25.972 48.806 -72.010
1 103 22 0.2168 0.5627 0 0 -27.318 51.870 -70.204
1 104 13 0.2469 0.7553 0 0 -29.287 53.094 -73.236
1 105 3 0.0481 -0.996 0 0 -30.294 49.527 -74.080
1 106 17 0.1204 0.3674 0 0 -29.727 50.488 -77.703
1 107 3 0.1506 -0.747 0 0 -27.354 49.799 -80.578
1 108 3 0.3373 -0.798 0 0 -28.379 53.153 -82.085
1 109 22 0.5602 0.3321 0 0 -27.289 55.838 -79.600
1 110 16 0.7469 -0.536 0 0 -26.280 59.188 -81.128
1 111 14 0.9096 -0.219 0 0 -22.480 59.356 -80.953
1 112 22 0.9397 0.0507 0 0 -19.461 60.795 -82.741
1 113 12 0.9337 -0.642 0 0 -15.930 59.376 -82.555
1 114 22 0.9578 0.6952 0 0 -13.361 62.149 -82.053
1 115 9 0.8614 0.0000 0 0 -9.604 61.864 -82.536
1 116 2 0.8493 0.2873 0 0 -8.139 64.825 -80.671
1 117 13 0.5963 0.0944 0 0 -4.670 66.432 -80.595
1 118 5 0.4578 0.2917 0 0 -4.385 66.277 -84.388
1 119 3 0.2048 0.3342 0 0 -1.888 69.169 -84.178
1 120 12 0.1144 0.3348 0 0 0.654 66.746 -82.660
1 121 0 0.0240 -0.923 0 0 2.960 64.678 -84.853
1 122 0 0.0301 -0.035 0 0 3.491 61.688 -82.532
1 123 1 0.0783 0.4434 0 0 0.563 59.927 -84.168
1 124 18 0.0662 0.0019 0 0 0.017 56.268 -83.292
1 125 22 0.2590 0.8793 0 0 -3.646 56.035 -84.348
1 126 7 0.1265 -0.892 0 0 -3.954 56.348 -88.116
1 127 17 0.2650 -0.049 0 0 -7.067 57.969 -89.566
1 128 1 0.0903 -0.501 0 0 -8.209 54.773 -91.289
1 129 6 0.1566 -0.386 0 0 -8.006 52.767 -88.058
1 130 0 0.4819 0.6428 0 0 -10.429 55.195 -86.422
1 131 6 0.4036 -0.520 0 0 -12.654 55.414 -89.502
1 132 3 0.1867 -0.864 0 0 -13.038 51.626 -89.270
1 133 12 0.4337 0.6077 0 0 -13.975 51.710 -85.584
1 134 0 0.5903 0.4219 0 0 -16.551 54.448 -86.212
1 135 1 0.3313 -0.981 0 0 -17.953 52.497 -89.168
1 136 17 0.2108 0.2785 0 0 -18.512 49.451 -86.931
1 137 20 0.4518 0.5475 0 0 -20.557 51.632 -84.562
1 138 9 0.3734 0.0000 0 0 -22.449 53.309 -87.410
1 139 11 0.6566 0.7667 0 0 -21.140 56.784 -86.525
1 140 16 0.6987 0.2362 0 0 -18.880 59.499 -88.029
1 141 20 0.7771 -0.062 0 0 -15.188 59.983 -87.195
1 142 11 0.8072 0.2445 0 0 -13.791 63.496 -86.928
1 143 7 0.7650 -0.694 0 0 -10.315 64.759 -86.010
1 144 18 0.8012 0.9742 0 0 -9.889 67.811 -83.818
1 145 17 0.6445 -0.974 0 0 -7.336 70.002 -82.155
1 146 0 0.6867 0.4630 0 0 -8.459 71.900 -79.074
1 147 13 0.3795 -0.764 0 0 -5.215 73.854 -79.462
1 148 18 0.2409 -0.118 0 0 -5.699 75.155 -83.022
1 149 1 0.4457 -0.162 0 0 -9.527 74.909 -83.056
1 150 6 0.4638 -0.323 0 0 -9.411 72.552 -86.049
1 151 9 0.6746 0.0000 0 0 -12.622 70.517 -86.204
1 152 22 0.8132 -0.067 0 0 -13.905 71.605 -82.786
1 153 7 0.7168 -0.918 0 0 -17.190 73.224 -83.795
1 154 3 0.7228 -0.764 0 0 -17.561 70.511 -86.430
1 155 0 0.9156 0.6735 0 0 -17.372 67.706 -83.859
1 156 15 0.9216 0.5264 0 0 -20.017 69.160 -81.548
1 157 20 0.7409 -0.554 0 0 -22.319 70.304 -84.352
1 158 18 0.7831 0.0853 0 0 -22.015 66.876 -86.003
1 159 12 0.8855 0.7625 0 0 -23.166 65.313 -82.734
1 160 22 0.7108 -0.387 0 0 -26.244 67.586 -82.748
1 161 1 0.5 -0.105 0 0 -26.913 66.489 -86.338
1 162 7 0.6084 0.2731 0 0 -26.662 62.841 -85.181
1 163 11 0.5542 0.5203 0 0 -29.159 63.410 -82.357
1 164 1 0.2771 0.0770 0 0 -31.551 64.900 -84.944
1 165 6 0.1807 0.3517 0 0 -31.375 61.671 -86.977
1 166 10 0.1445 0.7495 0 0 -32.719 59.621 -84.079
