1 1 14 0.0 0.2870 0 0 16.937 18.871 -15.735
1 2 18 0.0506 0.2098 0 0 15.028 16.410 -13.571
1 3 7 0.2405 -0.517 0 0 12.090 14.620 -15.171
1 4 20 0.5253 -0.244 0 0 9.208 13.082 -13.258
1 5 13 0.6708 -0.906 0 0 7.158 10.526 -15.157
1 6 12 0.9050 0.1407 0 0 3.634 10.330 -13.788
1 7 22 0.9430 -0.705 0 0 0.968 7.881 -14.848
1 8 22 0.9873 0.4252 0 0 -2.741 8.414 -14.229
1 9 22 0.9556 -0.276 0 0 -4.735 5.175 -13.992
1 10 9 0.8987 0.0000 0 0 -8.280 4.141 -13.045
1 11 0 0.6898 -0.532 0 0 -11.696 2.983 -14.301
1 12 9 0.5506 0.0000 0 0 -13.517 4.518 -17.249
1 13 9 0.5949 0.0000 0 0 -14.929 7.983 -16.725
1 14 22 0.7848 0.5712 0 0 -13.457 8.679 -13.286
1 15 9 0.8354 0.0000 0 0 -11.781 11.832 -14.651
1 16 13 0.9240 -0.086 0 0 -8.264 10.736 -15.640
1 17 17 0.8101 -0.742 0 0 -8.110 13.110 -18.600
1 18 0 0.7531 -0.175 0 0 -9.975 15.865 -16.746
1 19 12 0.9113 0.6826 0 0 -7.396 15.806 -13.944
1 20 18 0.8924 0.1311 0 0 -4.473 15.759 -16.367
1 21 11 0.6645 -0.537 0 0 -5.849 18.593 -18.486
1 22 6 0.6455 -0.359 0 0 -6.743 20.750 -15.514
1 23 12 0.7405 0.5946 0 0 -3.133 20.462 -14.333
1 24 11 0.5886 0.2627 0 0 -1.393 20.941 -17.691
1 25 6 0.3354 -0.024 0 0 -3.730 23.352 -19.475
1 26 2 0.3417 -0.293 0 0 -5.812 24.755 -16.623
1 27 10 0.2658 -0.204 0 0 -9.244 24.004 -18.123
1 28 15 0.3860 0.1106 0 0 -12.011 21.502 -17.342
1 29 22 0.3670 0.6012 0 0 -12.896 18.893 -19.982
1 30 3 0.1518 -0.669 0 0 -16.655 18.294 -20.065
1 31 7 0.0632 -0.504 0 0 -18.937 15.730 -21.721
1 32 15 0.0253 -0.712 0 0 -17.908 16.863 -25.200
1 33 3 0.0443 0.3822 0 0 -14.677 18.836 -24.651
1 34 16 0.0759 -0.357 0 0 -12.117 16.733 -26.664
1 35 18 0.3101 0.4792 0 0 -9.830 14.345 -24.765
1 36 11 0.3227 -0.882 0 0 -9.040 10.699 -25.553
1 37 7 0.5 0.0341 0 0 -5.807 9.387 -23.955
1 38 3 0.4683 -0.715 0 0 -2.276 10.696 -24.462
1 39 17 0.4936 -0.289 0 0 1.118 11.907 -23.203
1 40 20 0.4810 0.3292 0 0 2.050 15.394 -21.990
1 41 1 0.4050 -0.471 0 0 5.178 17.249 -20.934
1 42 13 0.3164 0.3495 0 0 5.349 20.505 -18.997
1 43 6 0.1329 -0.958 0 0 8.194 22.406 -17.380
1 44 22 0.1962 0.9963 0 0 7.353 23.454 -13.824
1 45 22 0.0949 -0.967 0 0 8.911 24.569 -10.539
1 46 11 0.2278 0.9633 0 0 8.051 22.367 -7.567
1 47 3 0.0822 0.6334 0 0 9.517 23.127 -4.134
1 48 9 0.0063 0.0000 0 0 12.250 25.261 -5.717
1 49 7 0.0379 0.4242 0 0 13.306 22.745 -8.356
1 50 18 0.0316 -0.792 0 0 12.861 23.401 -12.074
1 51 5 0.1139 0.7459 0 0 11.765 20.121 -13.594
1 52 12 0.2531 -0.755 0 0 9.805 18.432 -16.341
1 53 12 0.5822 0.5083 0 0 6.527 16.676 -15.672
1 54 3 0.6202 -0.664 0 0 5.698 13.883 -18.061
1 55 11 0.8227 0.5351 0 0 2.074 12.908 -17.618
1 56 12 0.8037 -0.498 0 0 0.827 9.685 -19.175
1 57 3 0.8607 -0.102 0 0 -2.993 9.676 -19.303
1 58 18 0.7911 0.4965 0 0 -3.876 5.991 -19.725
1 59 0 0.5759 -0.922 0 0 -6.682 4.657 -21.939
0 60 9 0 0 0 0 -6.682 4.657 -21.939
0 61 6 0 0 0 0 -6.682 4.657 -21.939
0 62 7 0 0 0 0 -6.682 4.657 -21.939
0 63 7 0 0 0 0 -6.682 4.657 -21.939
0 64 20 0 0 0 0 -6.682 4.657 -21.939
0 65 17 0 0 0 0 -6.682 4.657 -21.939
0 66 0 0 0 0 0 -6.682 4.657 -21.939
0 67 14 0 0 0 0 -6.682 4.657 -21.939
1 68 1 0.1708 0.4286 0 0 1.323 2.433 -25.537
1 69 3 0.2911 -0.462 0 0 0.982 0.094 -22.555
1 70 6 0.2088 -0.802 0 0 4.690 0.863 -22.148
1 71 20 0.5063 0.5830 0 0 3.461 3.951 -20.303
1 72 14 0.6075 0.2595 0 0 3.199 1.808 -17.189
1 73 1 0.3544 -0.906 0 0 6.739 0.422 -17.307
1 74 18 0.4113 -0.199 0 0 8.169 3.911 -17.950
1 75 9 0.6518 0.0000 0 0 6.195 5.496 -15.086
1 76 7 0.6392 -0.535 0 0 7.935 6.495 -11.840
1 77 9 0.8670 0.0000 0 0 4.802 7.371 -9.873
1 78 15 0.9620 -0.785 0 0 1.113 6.591 -10.279
1 79 12 0.9936 0.7802 0 0 -2.137 8.423 -9.507
1 80 5 0.9810 -0.752 0 0 -4.762 5.755 -8.848
1 81 22 0.9746 0.4944 0 0 -8.059 7.529 -9.544
1 82 15 0.8734 -0.289 0 0 -11.597 6.600 -8.598
1 83 0 0.7088 -0.441 0 0 -14.773 8.705 -8.605
1 84 11 0.4873 -0.093 0 0 -16.504 9.296 -5.254
1 85 2 0.2721 0.1076 0 0 -19.887 8.622 -6.936
1 86 2 0.3481 0.3450 0 0 -18.730 5.420 -8.639
1 87 18 0.2025 -0.903 0 0 -18.515 2.483 -6.242
1 88 13 0.2341 -0.252 0 0 -17.291 0.142 -8.976
1 89 17 0.5632 0.4854 0 0 -14.336 2.454 -9.729
1 90 15 0.5696 -0.235 0 0 -13.318 2.372 -6.051
1 91 7 0.3607 -0.836 0 0 -13.477 -1.431 -5.976
1 92 3 0.4746 -0.187 0 0 -11.330 -1.448 -9.150
1 93 11 0.6962 0.6847 0 0 -8.474 0.296 -7.316
1 94 10 0.4493 -0.800 0 0 -7.030 -2.903 -5.830
1 95 6 0.4367 -0.949 0 0 -6.510 -4.466 -9.255
1 96 20 0.6772 0.3233 0 0 -4.952 -1.359 -10.814
1 97 1 0.6582 -0.360 0 0 -2.481 -1.263 -7.926
1 98 7 0.3987 -0.727 0 0 -1.836 -5.008 -8.295
1 99 6 0.4303 -0.267 0 0 -1.120 -4.491 -11.992
1 100 11 0.6012 0.9754 0 0 1.272 -1.570 -11.341
1 101 13 0.3924 -0.144 0 0 3.210 -3.575 -8.744
1 102 1 0.1455 -0.272 0 0 3.588 -6.375 -11.285
1 103 22 0.2215 0.5393 0 0 4.624 -4.212 -14.252
1 104 13 0.2784 0.7001 0 0 7.128 -2.348 -12.062
1 105 3 0.0569 -0.975 0 0 8.270 -5.608 -10.499
1 106 17 0.1075 0.3859 0 0 8.101 -3.855 -7.124
1 107 3 0.1392 -0.773 0 0 6.208 -3.596 -3.832
1 108 3 0.2848 -0.225 0 0 7.290 -0.013 -3.138
1 109 22 0.5379 0.3311 0 0 6.045 2.086 -6.042
1 110 16 0.7278 -0.519 0 0 5.316 5.806 -5.575
1 111 14 0.8860 -0.200 0 0 1.522 6.101 -5.526
1 112 22 0.9493 0.2274 0 0 -1.320 8.354 -4.424
1 113 12 0.9177 -0.723 0 0 -4.954 7.294 -4.047
1 114 22 0.9683 0.8117 0 0 -7.126 10.008 -5.601
1 115 9 0.8481 0.0000 0 0 -10.878 10.322 -4.992
1 116 2 0.8417 0.2840 0 0 -12.093 12.602 -7.807
1 117 13 0.6139 0.0545 0 0 -15.395 14.528 -8.160
1 118 5 0.4556 0.3757 0 0 -15.435 15.836 -4.577
1 119 3 0.2468 0.3663 0 0 -17.515 18.743 -5.935
1 120 12 0.1202 0.4560 0 0 -20.600 16.478 -6.066
1 121 0 0.0126 -0.816 0 0 -23.613 16.813 -3.753
1 122 0 0.0189 -0.659 0 0 -24.080 13.054 -3.370
1 123 1 0.0886 0.5694 0 0 -21.456 10.411 -2.802
1 124 18 0.0696 0.0121 0 0 -21.351 6.613 -2.725
1 125 22 0.2151 0.8293 0 0 -17.777 6.202 -1.455
1 126 7 0.1265 -0.872 0 0 -17.071 7.538 2.028
1 127 17 0.2974 -0.027 0 0 -13.886 9.535 2.574
1 128 1 0.1012 -0.639 0 0 -13.026 7.258 5.526
1 129 6 0.1645 -0.151 0 0 -13.307 4.066 3.436
1 130 0 0.4620 0.6610 0 0 -10.794 5.469 0.986
1 131 6 0.4240 -0.376 0 0 -8.494 6.909 3.679
1 132 3 0.1898 -0.844 0 0 -8.319 3.485 5.304
1 133 12 0.3797 0.4508 0 0 -7.637 1.627 2.061
1 134 0 0.5443 0.5685 0 0 -4.798 4.083 1.435
1 135 1 0.2594 -0.950 0 0 -3.429 3.401 4.977
1 136 17 0.1582 0.1741 0 0 -3.339 -0.318 4.182
1 137 20 0.4177 0.4791 0 0 -1.293 0.431 1.065
1 138 9 0.3734 0.0000 0 0 0.860 2.923 2.957
1 139 11 0.6329 0.6769 0 0 0.130 5.722 0.464
1 140 16 0.7025 0.2729 0 0 -1.583 9.167 0.748
1 141 20 0.7658 -0.080 0 0 -5.284 9.663 0.020
1 142 11 0.8291 0.3496 0 0 -6.207 12.978 -1.595
1 143 7 0.7594 -0.764 0 0 -9.658 14.204 -2.655
1 144 18 0.8164 0.9893 0 0 -9.839 16.218 -5.875
1 145 17 0.6835 -0.991 0 0 -12.206 17.934 -8.226
1 146 0 0.7341 0.4258 0 0 -11.083 18.304 -11.836
1 147 13 0.4430 -0.791 0 0 -14.087 20.615 -12.233
1 148 18 0.3291 -0.109 0 0 -13.196 23.157 -9.533
1 149 1 0.5189 -0.006 0 0 -9.437 22.418 -9.578
1 150 6 0.5126 -0.423 0 0 -9.559 21.689 -5.828
1 151 9 0.7215 0.0000 0 0 -6.773 19.306 -4.735
1 152 22 0.8544 -0.075 0 0 -5.531 18.808 -8.298
1 153 7 0.7721 -0.882 0 0 -2.088 20.384 -7.915
1 154 3 0.7468 -0.404 0 0 -2.012 18.879 -4.441
1 155 0 0.9303 0.7222 0 0 -2.423 15.352 -5.843
1 156 15 0.9367 0.5571 0 0 0.192 15.719 -8.573
1 157 20 0.7784 -0.507 0 0 2.790 17.466 -6.380
1 158 18 0.7974 0.1278 0 0 2.332 14.995 -3.531
1 159 12 0.8797 0.7356 0 0 3.152 12.288 -6.110
1 160 22 0.7151 -0.365 0 0 6.288 14.114 -7.236
1 161 1 0.5316 -0.058 0 0 7.211 14.339 -3.559
1 162 7 0.6265 0.2429 0 0 6.583 10.612 -3.079
1 163 11 0.5569 0.5403 0 0 8.897 9.893 -5.979
1 164 1 0.3037 0.1144 0 0 11.594 12.085 -4.405
1 165 6 0.1772 0.3214 0 0 11.540 10.049 -1.188
1 166 10 0.1835 0.7567 0 0 11.972 6.633 -2.774
