1 1 14 0.0 0.4502 0 0 -24.051 16.780 1.996
1 2 18 0.0443 0.1276 0 0 -25.860 20.111 2.456
1 3 7 0.2531 -0.067 0 0 -25.277 22.787 -0.180
1 4 20 0.5189 -0.185 0 0 -25.632 26.590 0.097
1 5 13 0.6645 -0.954 0 0 -26.014 28.407 -3.208
1 6 12 0.8860 0.2461 0 0 -24.822 31.968 -2.779
1 7 22 0.9177 -0.750 0 0 -24.899 34.723 -5.358
1 8 22 0.9810 0.4086 0 0 -22.646 37.746 -5.285
1 9 22 0.9556 -0.252 0 0 -24.197 40.844 -6.782
1 10 9 0.8924 0.0000 0 0 -23.421 44.516 -7.170
1 11 0 0.6898 -0.472 0 0 -22.017 47.262 -9.387
1 12 9 0.5253 0.0000 0 0 -19.062 46.935 -11.734
1 13 9 0.5569 0.0000 0 0 -15.708 47.026 -9.995
1 14 22 0.7848 0.5441 0 0 -16.784 46.811 -6.344
1 15 9 0.8291 0.0000 0 0 -14.809 43.639 -5.638
1 16 13 0.9240 -0.062 0 0 -17.307 40.817 -6.177
1 17 17 0.8164 -0.698 0 0 -14.722 38.590 -7.848
1 18 0 0.7531 -0.270 0 0 -12.003 39.654 -5.383
1 19 12 0.9113 0.6914 0 0 -14.086 38.621 -2.334
1 20 18 0.8797 0.1584 0 0 -15.069 35.315 -3.921
1 21 11 0.6518 -0.507 0 0 -11.523 34.357 -4.885
1 22 6 0.6392 -0.355 0 0 -10.220 35.494 -1.510
1 23 12 0.7405 0.5787 0 0 -12.784 33.218 0.173
1 24 11 0.5506 0.2886 0 0 -12.300 30.208 -2.094
1 25 6 0.3544 -0.036 0 0 -8.660 30.426 -3.214
1 26 2 0.3481 -0.200 0 0 -7.186 32.594 -0.427
1 27 10 0.2594 -0.245 0 0 -5.433 35.252 -2.499
1 28 15 0.3607 0.1050 0 0 -5.983 38.828 -3.705
1 29 22 0.2974 0.7754 0 0 -6.474 39.245 -7.461
1 30 3 0.1265 -0.746 0 0 -5.110 42.806 -7.717
1 31 7 0.0506 -0.728 0 0 -5.676 44.049 -11.262
1 32 15 0.0696 -0.052 0 0 -6.413 40.521 -12.545
1 33 3 0.1898 0.1496 0 0 -9.964 40.210 -13.913
1 34 16 0.2721 0.8548 0 0 -10.985 36.532 -13.584
1 35 18 0.1455 -0.958 0 0 -13.317 35.303 -16.342
1 36 11 0.3797 0.1996 0 0 -15.685 33.071 -14.324
1 37 7 0.1582 0.0753 0 0 -14.579 29.448 -13.830
1 38 3 0.2278 -0.423 0 0 -18.286 28.606 -13.878
1 39 17 0.4620 -0.121 0 0 -19.419 28.626 -10.240
1 40 20 0.5063 0.3340 0 0 -17.116 28.192 -7.261
1 41 1 0.4113 -0.444 0 0 -17.782 25.104 -5.154
1 42 13 0.3354 0.1540 0 0 -15.972 24.166 -1.955
1 43 6 0.1392 -0.928 0 0 -16.542 22.195 1.259
1 44 22 0.2341 0.9920 0 0 -16.239 24.192 4.492
1 45 22 0.1075 -0.931 0 0 -17.022 24.097 8.225
1 46 11 0.2848 0.9604 0 0 -19.308 26.822 9.567
1 47 3 0.0759 0.5431 0 0 -20.354 26.784 13.249
1 48 9 0.0063 0.0000 0 0 -19.450 23.122 13.485
1 49 7 0.0253 0.3606 0 0 -21.551 22.110 10.474
1 50 18 0.0316 -0.725 0 0 -19.899 20.759 7.364
1 51 5 0.1329 0.8175 0 0 -21.401 21.998 4.104
1 52 12 0.2784 -0.510 0 0 -20.655 22.797 0.477
1 53 12 0.5949 0.5468 0 0 -20.610 26.455 -0.588
1 54 3 0.6139 -0.498 0 0 -21.642 27.033 -4.189
1 55 11 0.8227 0.5500 0 0 -20.863 30.640 -5.069
1 56 12 0.7974 -0.605 0 0 -22.036 32.348 -8.245
1 57 3 0.8417 -0.043 0 0 -19.941 35.352 -9.222
1 58 18 0.7721 0.4860 0 0 -21.911 37.777 -11.407
1 59 0 0.6202 -0.974 0 0 -20.717 40.589 -13.677
1 60 9 0.5759 0.0000 0 0 -21.375 44.300 -13.241
0 61 6 0 0 0 0 -21.375 44.300 -13.241
0 62 7 0 0 0 0 -21.375 44.300 -13.241
0 63 7 0 0 0 0 -21.375 44.300 -13.241
0 64 20 0 0 0 0 -21.375 44.300 -13.241
0 65 17 0 0 0 0 -21.375 44.300 -13.241
0 66 0 0 0 0 0 -21.375 44.300 -13.241
0 67 14 0 0 0 0 -21.375 44.300 -13.241
0 68 1 0 0 0 0 -21.375 44.300 -13.241
1 69 3 0.2405 0.2746 0 0 -31.709 35.110 -14.310
1 70 6 0.1835 -0.506 0 0 -31.769 31.539 -13.028
1 71 20 0.5 0.5563 0 0 -29.059 32.589 -10.579
1 72 14 0.5443 0.2928 0 0 -31.523 34.818 -8.780
1 73 1 0.3227 -0.876 0 0 -34.189 32.099 -8.828
1 74 18 0.4050 -0.122 0 0 -31.517 29.530 -7.937
1 75 9 0.6708 0.0000 0 0 -29.601 31.398 -5.274
1 76 7 0.6329 -0.535 0 0 -30.581 30.765 -1.668
1 77 9 0.8607 0.0000 0 0 -28.723 33.785 -0.323
1 78 15 0.9620 -0.792 0 0 -27.354 37.038 -1.764
1 79 12 0.9936 0.8187 0 0 -24.207 38.962 -0.952
1 80 5 0.9873 -0.761 0 0 -25.025 42.552 -1.986
1 81 22 0.9746 0.5158 0 0 -21.725 44.342 -2.433
1 82 15 0.8734 -0.278 0 0 -20.795 47.978 -2.731
1 83 0 0.7088 -0.444 0 0 -17.446 49.768 -2.397
1 84 11 0.4873 -0.086 0 0 -16.981 52.307 0.400
1 85 2 0.2911 0.1129 0 0 -15.234 54.695 -2.036
1 86 2 0.3670 0.3726 0 0 -17.941 54.441 -4.693
1 87 18 0.2151 -0.918 0 0 -21.131 56.324 -3.792
1 88 13 0.2658 -0.267 0 0 -22.867 55.189 -6.970
1 89 17 0.5822 0.4620 0 0 -22.322 51.544 -6.004
1 90 15 0.5886 -0.235 0 0 -24.013 52.175 -2.608
1 91 7 0.3860 -0.839 0 0 -26.884 53.948 -4.313
1 92 3 0.4810 -0.258 0 0 -27.295 50.991 -6.739
1 93 11 0.7025 0.7107 0 0 -27.897 48.489 -3.874
1 94 10 0.4683 -0.882 0 0 -31.603 49.288 -3.769
1 95 6 0.4493 -0.763 0 0 -32.035 48.279 -7.426
1 96 20 0.6835 0.3476 0 0 -30.198 44.956 -6.957
1 97 1 0.6772 -0.235 0 0 -32.334 44.124 -3.946
1 98 7 0.3987 -0.702 0 0 -35.514 44.967 -5.851
1 99 6 0.4240 0.2371 0 0 -34.507 42.727 -8.724
1 100 11 0.5696 0.9813 0 0 -33.813 39.862 -6.328
1 101 13 0.3734 -0.042 0 0 -37.238 40.303 -4.693
1 102 1 0.1012 -0.049 0 0 -38.936 40.359 -8.079
1 103 22 0.1708 0.4930 0 0 -37.155 37.289 -9.403
1 104 13 0.2215 0.7382 0 0 -37.614 35.360 -6.138
1 105 3 0.0379 -0.788 0 0 -41.172 36.720 -6.004
1 106 17 0.0822 0.4071 0 0 -40.537 37.214 -2.297
1 107 3 0.1139 -0.889 0 0 -40.077 40.267 -0.096
1 108 3 0.3101 -0.185 0 0 -37.804 38.432 2.349
1 109 22 0.5316 0.2762 0 0 -34.684 36.829 0.893
1 110 16 0.7215 -0.573 0 0 -31.577 35.877 2.900
1 111 14 0.9050 -0.078 0 0 -29.089 38.647 2.129
1 112 22 0.9493 0.1827 0 0 -26.151 40.504 3.635
1 113 12 0.9367 -0.744 0 0 -24.901 44.022 2.807
1 114 22 0.9683 0.7450 0 0 -21.123 44.107 2.296
1 115 9 0.8670 0.0000 0 0 -19.135 47.323 2.264
1 116 2 0.8481 0.2886 0 0 -15.907 46.438 0.482
1 117 13 0.6075 0.0566 0 0 -12.481 48.145 0.151
1 118 5 0.4556 0.5983 0 0 -12.382 49.319 3.760
1 119 3 0.2088 0.3450 0 0 -8.588 49.495 3.480
1 120 12 0.0949 0.3536 0 0 -8.966 52.658 1.344
1 121 0 0.0126 -0.933 0 0 -8.797 56.138 2.880
1 122 0 0.0189 -0.091 0 0 -11.031 57.775 0.266
1 123 1 0.0632 0.5656 0 0 -14.276 56.855 2.017
1 124 18 0.0569 -0.048 0 0 -17.419 58.426 0.559
1 125 22 0.2468 0.8564 0 0 -19.864 56.014 2.224
1 126 7 0.1202 -0.876 0 0 -19.896 56.218 6.010
1 127 17 0.3037 0.0274 0 0 -20.355 53.087 8.105
1 128 1 0.0886 -0.498 0 0 -23.409 54.633 9.753
1 129 6 0.1518 -0.289 0 0 -25.024 55.298 6.370
1 130 0 0.4746 0.6405 0 0 -24.568 51.696 5.353
1 131 6 0.4177 -0.415 0 0 -25.824 50.453 8.731
1 132 3 0.1772 -0.874 0 0 -28.974 52.521 8.268
1 133 12 0.4430 0.5336 0 0 -29.448 50.977 4.814
1 134 0 0.6012 0.4999 0 0 -29.044 47.400 6.070
1 135 1 0.3164 -0.547 0 0 -31.377 48.124 8.978
1 136 17 0.1645 0.2307 0 0 -34.081 49.461 6.644
1 137 20 0.4303 0.5082 0 0 -34.002 46.067 4.883
1 138 9 0.3924 0.0000 0 0 -33.575 44.147 8.119
1 139 11 0.6455 0.6948 0 0 -30.304 42.506 7.016
1 140 16 0.7278 0.2413 0 0 -26.757 42.303 8.424
1 141 20 0.7911 -0.118 0 0 -24.044 44.718 7.276
1 142 11 0.8354 0.2664 0 0 -20.405 43.604 7.144
1 143 7 0.7594 -0.753 0 0 -17.376 45.724 6.239
1 144 18 0.8101 0.9759 0 0 -14.641 43.983 4.217
1 145 17 0.6582 -0.988 0 0 -11.347 44.306 2.406
1 146 0 0.6962 0.5159 0 0 -10.622 41.602 -0.154
1 147 13 0.4367 -0.739 0 0 -7.107 43.051 -0.166
1 148 18 0.3291 -0.135 0 0 -6.382 42.541 3.562
1 149 1 0.5126 0.0901 0 0 -9.039 39.785 3.798
1 150 6 0.4936 -0.183 0 0 -10.576 41.694 6.728
1 151 9 0.7151 0.0000 0 0 -14.217 40.618 7.192
1 152 22 0.8544 -0.050 0 0 -14.328 38.214 4.250
1 153 7 0.7468 -0.925 0 0 -15.176 34.987 6.107
1 154 3 0.7658 -0.767 0 0 -17.524 37.047 8.276
1 155 0 0.9430 0.6584 0 0 -19.445 38.170 5.176
1 156 15 0.9303 0.5325 0 0 -19.984 34.732 3.651
1 157 20 0.7784 -0.490 0 0 -20.394 32.862 6.961
1 158 18 0.8037 0.0598 0 0 -22.939 35.464 8.073
1 159 12 0.8987 0.7058 0 0 -24.870 34.845 4.827
1 160 22 0.7341 -0.348 0 0 -24.868 31.111 5.435
1 161 1 0.5379 -0.037 0 0 -26.205 31.850 8.914
1 162 7 0.6265 0.2237 0 0 -28.960 34.015 7.431
1 163 11 0.5632 0.5547 0 0 -29.927 31.111 5.163
1 164 1 0.3417 0.0951 0 0 -29.942 28.628 8.075
1 165 6 0.1962 0.4147 0 0 -32.185 30.985 10.071
1 166 10 0.2025 0.6408 0 0 -34.695 31.482 7.242
