1 1 14 0.0 0.3822 0 0 -14.319 14.064 16.024
1 2 18 0.0377 0.1651 0 0 -10.731 13.522 14.844
1 3 7 0.2138 -0.018 0 0 -8.057 15.847 16.218
1 4 20 0.5283 -0.238 0 0 -4.555 16.252 14.796
1 5 13 0.6415 -0.887 0 0 -2.026 17.562 17.310
1 6 12 0.8805 0.1756 0 0 0.658 19.226 15.231
1 7 22 0.9308 -0.730 0 0 3.848 20.793 16.598
1 8 22 0.9874 0.4129 0 0 5.889 23.422 14.704
1 9 22 0.9622 -0.318 0 0 9.619 23.431 15.532
1 10 9 0.9119 0.0000 0 0 12.756 25.085 14.140
1 11 0 0.7421 -0.515 0 0 15.264 27.890 14.721
1 12 9 0.6100 0.0000 0 0 14.178 31.338 15.791
1 13 9 0.6037 0.0000 0 0 12.862 33.644 13.074
1 14 22 0.8050 0.5701 0 0 12.254 31.025 10.386
1 15 9 0.8553 0.0000 0 0 8.543 31.818 10.178
1 16 13 0.9496 0.0317 0 0 7.018 29.185 12.450
1 17 17 0.8238 -0.659 0 0 4.465 31.595 13.907
1 18 0 0.7672 -0.257 0 0 3.751 33.299 10.599
1 19 12 0.9056 0.7025 0 0 3.066 29.930 8.925
1 20 18 0.8930 0.1601 0 0 0.758 28.889 11.783
1 21 11 0.6603 -0.508 0 0 -1.140 32.191 11.758
1 22 6 0.6540 -0.339 0 0 -1.484 32.029 7.947
1 23 12 0.7169 0.5547 0 0 -3.079 28.551 8.120
1 24 11 0.5408 0.2907 0 0 -5.371 29.332 11.063
1 25 6 0.3270 0.0049 0 0 -6.239 33.021 10.642
1 26 2 0.3144 -0.222 0 0 -5.579 33.376 6.908
1 27 10 0.2327 -0.228 0 0 -3.309 36.416 7.080
1 28 15 0.3584 0.1013 0 0 0.401 37.218 7.160
1 29 22 0.2830 0.1193 0 0 2.068 38.941 10.109
1 30 3 0.1132 -0.622 0 0 4.978 41.191 9.055
1 31 7 0.0754 -0.800 0 0 6.103 41.779 12.621
1 32 15 0.2264 0.5357 0 0 5.790 39.133 15.320
1 33 3 0.1761 -0.422 0 0 7.001 38.542 18.870
1 34 16 0.3459 -0.784 0 0 9.388 35.621 19.453
1 35 18 0.4465 0.8375 0 0 7.432 32.714 20.882
1 36 11 0.3081 -0.979 0 0 7.527 31.187 24.316
1 37 7 0.4528 0.0497 0 0 4.800 28.698 23.406
1 38 3 0.4654 -0.328 0 0 1.370 29.275 21.834
1 39 17 0.5094 -0.681 0 0 -1.474 27.008 20.727
1 40 20 0.4842 0.3826 0 0 -4.207 27.346 18.086
1 41 1 0.3899 -0.557 0 0 -7.207 25.111 17.524
1 42 13 0.2893 0.2063 0 0 -9.390 25.038 14.402
1 43 6 0.1006 -0.913 0 0 -12.063 22.885 12.755
1 44 22 0.1509 0.9971 0 0 -11.360 22.206 9.056
1 45 22 0.0628 -0.937 0 0 -12.195 19.810 6.208
1 46 11 0.2012 0.9493 0 0 -9.265 17.884 4.748
1 47 3 0.0566 0.6806 0 0 -9.910 15.365 1.976
1 48 9 0.0062 0.0000 0 0 -13.564 15.209 3.002
1 49 7 0.0125 0.5044 0 0 -12.811 14.521 6.666
1 50 18 0.0188 -0.714 0 0 -14.027 17.120 9.125
1 51 5 0.0880 0.7773 0 0 -11.390 17.317 11.844
1 52 12 0.2201 -0.336 0 0 -9.810 19.600 14.399
1 53 12 0.5471 0.5104 0 0 -6.280 20.973 14.066
1 54 3 0.5597 -0.306 0 0 -4.515 21.658 17.369
1 55 11 0.8113 0.6199 0 0 -1.236 23.313 16.494
1 56 12 0.7987 -0.551 0 0 1.483 23.970 19.058
1 57 3 0.8490 0.0686 0 0 3.803 26.767 18.073
1 58 18 0.7924 0.4545 0 0 7.099 26.432 19.967
1 59 0 0.6226 -0.973 0 0 10.086 28.647 20.754
1 60 9 0.6666 0.0000 0 0 13.004 28.764 18.324
1 61 6 0.3836 -0.545 0 0 15.094 31.049 20.539
1 62 7 0.1635 -0.580 0 0 17.486 29.174 22.830
1 63 7 0.0440 -0.319 0 0 16.207 30.815 26.028
1 64 20 0.1446 0.1638 0 0 13.536 28.085 25.956
0 65 17 0 0 0 0 13.536 28.085 25.956
0 66 0 0 0 0 0 13.536 28.085 25.956
0 67 14 0 0 0 0 13.536 28.085 25.956
0 68 1 0 0 0 0 13.536 28.085 25.956
0 69 3 0 0 0 0 13.536 28.085 25.956
0 70 6 0 0 0 0 13.536 28.085 25.956
0 71 20 0 0 0 0 13.536 28.085 25.956
1 72 14 0.5660 0.4899 0 0 5.961 19.029 22.670
1 73 1 0.3773 -0.930 0 0 5.620 15.482 24.022
1 74 18 0.3522 -0.384 0 0 1.920 15.142 23.264
1 75 9 0.6477 0.0000 0 0 2.565 16.093 19.630
1 76 7 0.6163 -0.608 0 0 1.352 13.715 16.924
1 77 9 0.8427 0.0000 0 0 3.113 15.257 13.953
1 78 15 0.9559 -0.755 0 0 6.010 17.661 13.518
1 79 12 0.9937 0.7083 0 0 6.669 20.439 11.058
1 80 5 0.9811 -0.809 0 0 10.460 20.934 11.028
1 81 22 0.9748 0.5500 0 0 10.955 24.429 9.678
1 82 15 0.8867 -0.314 0 0 13.952 26.327 8.263
1 83 0 0.7610 -0.401 0 0 14.079 29.434 6.093
1 84 11 0.5534 -0.178 0 0 15.555 29.186 2.575
1 85 2 0.3333 0.1318 0 0 17.482 32.425 3.177
1 86 2 0.3962 0.3564 0 0 18.941 31.281 6.490
1 87 18 0.2578 -0.886 0 0 21.691 28.701 6.017
1 88 13 0.2704 -0.287 0 0 22.240 28.351 9.758
1 89 17 0.5911 0.5202 0 0 18.599 27.362 10.372
1 90 15 0.5974 -0.249 0 0 19.000 24.643 7.732
1 91 7 0.3396 -0.792 0 0 22.322 23.463 9.193
1 92 3 0.4591 -0.466 0 0 20.537 23.232 12.575
1 93 11 0.6981 0.7222 0 0 17.623 21.005 11.462
1 94 10 0.4716 -0.818 0 0 19.288 17.743 12.506
1 95 6 0.4402 -0.421 0 0 19.106 19.027 16.098
1 96 20 0.7232 0.3176 0 0 15.299 19.306 16.105
1 97 1 0.6729 -0.253 0 0 14.833 15.939 14.451
1 98 7 0.4088 -0.690 0 0 17.110 14.484 17.166
1 99 6 0.4339 0.1701 0 0 15.150 15.947 20.079
1 100 11 0.5786 0.9614 0 0 11.932 14.667 18.513
1 101 13 0.3710 -0.164 0 0 13.227 11.128 18.024
1 102 1 0.1320 -0.064 0 0 14.453 11.473 21.598
1 103 22 0.2075 0.7590 0 0 11.334 12.709 23.382
1 104 13 0.2389 0.7741 0 0 9.041 10.464 21.320
1 105 3 0.0503 -0.807 0 0 11.294 7.406 21.652
1 106 17 0.0943 0.2930 0 0 10.996 6.572 17.953
1 107 3 0.1698 -0.785 0 0 12.770 6.876 14.602
1 108 3 0.2515 -0.473 0 0 9.319 6.600 13.021
1 109 22 0.5345 0.3059 0 0 7.479 9.864 13.752
1 110 16 0.7106 -0.523 0 0 5.283 11.730 11.259
1 111 14 0.8993 -0.108 0 0 7.273 14.791 10.212
1 112 22 0.9433 0.1082 0 0 7.622 17.181 7.274
1 113 12 0.9371 -0.670 0 0 10.694 19.255 6.412
1 114 22 0.9685 0.7950 0 0 9.592 22.799 5.541
1 115 9 0.8679 0.0000 0 0 11.637 25.413 3.650
1 116 2 0.8616 0.3180 0 0 9.922 28.706 4.364
1 117 13 0.6289 0.0440 0 0 10.156 32.238 2.947
1 118 5 0.4905 0.3563 0 0 10.256 30.853 -0.569
1 119 3 0.2767 0.2780 0 0 8.849 34.185 -1.753
1 120 12 0.1257 0.3620 0 0 12.235 35.832 -1.046
1 121 0 0.0251 -0.919 0 0 14.955 35.939 -3.714
1 122 0 0.0314 -0.081 0 0 17.948 35.683 -1.352
1 123 1 0.1069 0.4394 0 0 17.931 31.904 -1.400
1 124 18 0.0691 -0.024 0 0 21.040 30.475 0.234
1 125 22 0.2452 0.8417 0 0 19.832 26.914 0.723
1 126 7 0.1194 -0.755 0 0 19.270 25.094 -2.541
1 127 17 0.2955 -0.052 0 0 16.223 22.892 -2.977
1 128 1 0.0817 -0.788 0 0 18.412 19.887 -3.933
1 129 6 0.1823 -0.401 0 0 20.217 20.031 -0.585
1 130 0 0.4779 0.6506 0 0 17.001 20.114 1.444
1 131 6 0.4150 -0.375 0 0 15.493 17.312 -0.623
1 132 3 0.1886 -0.821 0 0 18.556 15.165 -0.004
1 133 12 0.4025 0.5111 0 0 18.295 15.848 3.721
1 134 0 0.5723 0.5227 0 0 14.555 15.061 3.830
1 135 1 0.3018 -0.745 0 0 15.098 11.786 1.962
1 136 17 0.1949 0.1610 0 0 17.786 10.737 4.436
1 137 20 0.4213 0.4971 0 0 15.193 11.161 7.209
1 138 9 0.3647 0.0000 0 0 12.522 9.414 5.143
1 139 11 0.6352 0.7045 0 0 10.230 12.460 5.014
1 140 16 0.6918 0.2475 0 0 8.656 14.873 2.492
1 141 20 0.7798 -0.060 0 0 10.170 18.266 1.717
1 142 11 0.8301 0.2240 0 0 7.827 21.165 1.022
1 143 7 0.7861 -0.726 0 0 8.745 24.778 0.324
1 144 18 0.8176 0.9789 0 0 6.429 27.482 1.722
1 145 17 0.6792 -0.981 0 0 5.742 31.209 2.030
1 146 0 0.7295 0.4601 0 0 3.647 32.376 4.984
1 147 13 0.4276 -0.791 0 0 3.484 35.691 3.062
1 148 18 0.3207 -0.071 0 0 2.089 34.493 -0.283
1 149 1 0.5157 0.0077 0 0 0.495 31.328 1.133
1 150 6 0.5031 -0.295 0 0 2.473 29.252 -1.415
1 151 9 0.7044 0.0000 0 0 2.749 25.653 -0.170
1 152 22 0.8364 -0.047 0 0 1.209 26.418 3.250
1 153 7 0.7358 -0.926 0 0 -1.827 24.127 2.950
1 154 3 0.7484 -0.725 0 0 0.379 21.508 1.246
1 155 0 0.9245 0.7161 0 0 2.739 21.475 4.225
1 156 15 0.9182 0.5411 0 0 0.147 21.212 7.015
1 157 20 0.7547 -0.438 0 0 -2.134 18.853 5.057
1 158 18 0.7735 0.1249 0 0 0.769 16.585 4.096
1 159 12 0.8742 0.7181 0 0 1.600 16.341 7.797
1 160 22 0.6855 -0.344 0 0 -2.023 15.453 8.557
1 161 1 0.4968 -0.051 0 0 -1.822 12.726 5.881
1 162 7 0.5849 0.3157 0 0 1.459 11.418 7.329
1 163 11 0.5220 0.5561 0 0 -0.304 11.050 10.711
1 164 1 0.2641 0.1109 0 0 -3.168 9.292 8.907
1 165 6 0.1383 0.3028 0 0 -0.803 6.751 7.324
1 166 10 0.1572 0.4941 0 0 0.769 6.060 10.754
