1 1 14 0.0 0.3354 0 0 5.646 -26.210 6.457
1 2 18 0.0609 0.1309 0 0 7.329 -24.961 9.627
1 3 7 0.2682 0.1186 0 0 7.274 -21.175 9.806
1 4 20 0.5426 -0.249 0 0 9.598 -19.284 12.157
1 5 13 0.6829 -0.822 0 0 8.625 -15.747 13.121
1 6 12 0.9024 0.0950 0 0 11.783 -13.680 13.539
1 7 22 0.9512 -0.656 0 0 12.026 -10.069 14.677
1 8 22 0.9878 0.3309 0 0 14.994 -7.733 14.207
1 9 22 0.9634 -0.220 0 0 15.400 -5.072 16.878
1 10 9 0.9207 0.0000 0 0 17.951 -2.482 17.998
1 11 0 0.75 -0.542 0 0 18.879 1.196 17.930
1 12 9 0.6036 0.0000 0 0 18.596 3.545 14.957
1 13 9 0.5914 0.0000 0 0 21.237 2.990 12.277
1 14 22 0.8048 0.6328 0 0 22.831 -0.268 13.490
1 15 9 0.8536 0.0000 0 0 21.913 -2.076 10.246
1 16 13 0.9390 0.0462 0 0 18.580 -3.761 10.921
1 17 17 0.8231 -0.637 0 0 17.245 -3.152 7.446
1 18 0 0.7439 -0.314 0 0 20.485 -3.897 5.605
1 19 12 0.8963 0.6666 0 0 20.854 -7.119 7.559
1 20 18 0.8902 0.2245 0 0 17.314 -8.258 6.767
1 21 11 0.6524 -0.584 0 0 17.596 -7.401 3.051
1 22 6 0.6341 -0.384 0 0 21.013 -9.072 2.840
1 23 12 0.7317 0.5225 0 0 19.379 -12.258 4.114
1 24 11 0.5487 0.2759 0 0 16.251 -11.967 1.943
1 25 6 0.3414 -0.046 0 0 17.709 -10.669 -1.344
1 26 2 0.3353 -0.132 0 0 21.408 -11.473 -1.019
1 27 10 0.2560 -0.563 0 0 22.728 -7.977 -1.518
1 28 15 0.3536 0.1199 0 0 23.613 -4.813 0.379
1 29 22 0.2865 0.0516 0 0 21.325 -1.802 0.245
1 30 3 0.1402 -0.767 0 0 22.933 1.483 1.288
1 31 7 0.1585 -0.341 0 0 19.774 3.246 2.416
1 32 15 0.25 0.8279 0 0 16.061 2.594 2.971
1 33 3 0.0853 -0.594 0 0 13.069 4.891 2.834
1 34 16 0.1890 0.0485 0 0 11.016 3.651 5.813
1 35 18 0.0487 -0.522 0 0 7.919 3.450 3.694
1 36 11 0.1707 -0.470 0 0 6.891 1.094 6.524
1 37 7 0.4695 0.2505 0 0 10.098 -0.931 7.006
1 38 3 0.5121 -0.806 0 0 8.067 -4.116 7.651
1 39 17 0.5365 -0.220 0 0 7.796 -7.829 6.836
1 40 20 0.5 0.2113 0 0 9.418 -10.347 4.477
1 41 1 0.4024 -0.440 0 0 8.901 -14.074 3.955
1 42 13 0.3658 0.2318 0 0 11.518 -16.449 2.607
1 43 6 0.1341 -0.961 0 0 11.786 -20.181 2.021
1 44 22 0.2378 0.9977 0 0 15.238 -21.438 3.078
1 45 22 0.1036 -0.961 0 0 17.029 -24.692 3.866
1 46 11 0.2073 0.9485 0 0 18.512 -25.055 7.355
1 47 3 0.0548 0.5645 0 0 20.196 -28.248 8.546
1 48 9 0.0060 0.0000 0 0 18.818 -30.078 5.527
1 49 7 0.0243 0.2803 0 0 15.298 -28.931 6.361
1 50 18 0.0304 -0.554 0 0 13.389 -26.481 4.159
1 51 5 0.1219 0.7043 0 0 11.310 -23.968 6.136
1 52 12 0.3109 -0.415 0 0 9.662 -20.541 6.078
1 53 12 0.5975 0.4759 0 0 11.232 -17.454 7.691
1 54 3 0.6158 -0.527 0 0 8.867 -14.564 8.435
1 55 11 0.8475 0.4952 0 0 11.154 -11.645 9.276
1 56 12 0.8353 -0.375 0 0 9.971 -8.347 10.710
1 57 3 0.8780 -0.230 0 0 12.477 -5.526 10.414
1 58 18 0.8292 0.4786 0 0 11.517 -3.052 13.167
1 59 0 0.6585 -0.958 0 0 11.978 0.655 13.757
1 60 9 0.6646 0.0000 0 0 14.525 1.848 16.315
1 61 6 0.4390 -0.071 0 0 11.712 3.440 18.320
0 62 7 0 0 0 0 11.712 3.440 18.320
0 63 7 0 0 0 0 11.712 3.440 18.320
1 64 20 0.0426 -0.631 0 0 2.692 2.583 18.812
1 65 17 0.0731 -0.540 0 0 3.468 0.985 22.207
1 66 0 0.0365 -0.906 0 0 0.658 -1.471 21.508
1 67 14 0.1463 0.1318 0 0 2.200 -2.210 18.117
1 68 1 0.4207 -0.059 0 0 5.627 -2.759 19.674
1 69 3 0.3231 -0.615 0 0 4.209 -4.905 22.442
1 70 6 0.2621 -0.666 0 0 2.223 -6.621 19.654
1 71 20 0.5304 0.5760 0 0 5.209 -7.632 17.503
1 72 14 0.6219 0.0446 0 0 7.168 -8.686 20.601
1 73 1 0.3780 -0.826 0 0 4.330 -10.990 21.704
1 74 18 0.4085 -0.195 0 0 3.869 -12.706 18.326
1 75 9 0.6951 0.0000 0 0 7.581 -12.892 17.503
1 76 7 0.6768 -0.594 0 0 9.193 -16.258 18.233
1 77 9 0.8719 0.0000 0 0 12.851 -15.274 18.095
1 78 15 0.9695 -0.757 0 0 14.714 -11.991 18.233
1 79 12 0.9939 0.5556 0 0 17.926 -10.667 16.755
1 80 5 0.9817 -0.698 0 0 19.223 -7.946 19.060
1 81 22 0.9756 0.4274 0 0 21.511 -5.823 16.886
1 82 15 0.8658 -0.316 0 0 24.059 -3.201 17.818
1 83 0 0.7134 -0.367 0 0 26.899 -1.860 15.680
1 84 11 0.4939 -0.118 0 0 30.498 -2.447 16.817
1 85 2 0.2987 0.1092 0 0 31.388 1.167 16.056
1 86 2 0.3597 0.1905 0 0 28.523 2.628 18.143
1 87 18 0.2317 -0.897 0 0 28.902 2.384 21.903
1 88 13 0.2926 -0.212 0 0 25.482 3.868 22.558
1 89 17 0.5731 0.4148 0 0 23.801 1.177 20.443
1 90 15 0.5853 -0.216 0 0 25.529 -1.488 22.571
1 91 7 0.3841 -0.878 0 0 24.364 0.161 25.804
1 92 3 0.5243 -0.248 0 0 20.789 0.176 24.453
1 93 11 0.7560 0.6484 0 0 20.783 -3.602 24.049
1 94 10 0.5182 -0.926 0 0 19.827 -4.097 27.680
1 95 6 0.4817 -0.904 0 0 16.602 -2.149 27.152
1 96 20 0.7743 0.3559 0 0 15.443 -4.044 24.072
1 97 1 0.7378 -0.299 0 0 16.018 -7.395 25.768
1 98 7 0.4451 -0.911 0 0 14.263 -6.285 28.966
1 99 6 0.4512 -0.491 0 0 11.251 -5.124 27.004
1 100 11 0.6280 0.9834 0 0 10.989 -8.408 25.111
1 101 13 0.4268 -0.613 0 0 11.263 -10.427 28.300
1 102 1 0.1646 -0.257 0 0 8.558 -8.264 29.920
1 103 22 0.2012 0.6841 0 0 6.016 -8.683 27.118
1 104 13 0.3048 0.8135 0 0 6.722 -12.417 26.589
1 105 3 0.0792 -0.628 0 0 6.794 -13.178 30.330
1 106 17 0.1280 0.2954 0 0 9.945 -15.255 29.948
1 107 3 0.2195 -0.934 0 0 13.636 -14.890 30.723
1 108 3 0.3475 -0.549 0 0 14.174 -17.726 28.269
1 109 22 0.5670 0.3742 0 0 13.140 -16.129 24.941
1 110 16 0.7804 -0.540 0 0 15.079 -17.340 21.859
1 111 14 0.9085 -0.028 0 0 17.511 -14.569 20.958
1 112 22 0.9451 0.0556 0 0 20.875 -13.864 19.392
1 113 12 0.9329 -0.692 0 0 23.043 -10.861 20.193
1 114 22 0.9573 0.7462 0 0 24.304 -9.350 16.925
1 115 9 0.8597 0.0000 0 0 27.246 -7.001 16.553
1 116 2 0.8414 0.2722 0 0 26.981 -5.514 13.067
1 117 13 0.5792 0.0782 0 0 29.326 -3.517 10.829
1 118 5 0.4573 0.3429 0 0 32.258 -5.763 11.732
1 119 3 0.2134 0.3489 0 0 33.805 -4.844 8.355
1 120 12 0.1097 0.3628 0 0 34.602 -1.432 9.824
1 121 0 0.0121 -0.898 0 0 37.926 -0.233 11.243
1 122 0 0.0182 -0.145 0 0 36.731 2.198 13.910
1 123 1 0.0914 0.4792 0 0 35.725 -0.425 16.498
1 124 18 0.0670 0.1350 0 0 34.472 0.881 19.882
1 125 22 0.2256 0.8540 0 0 32.927 -2.314 21.271
1 126 7 0.1158 -0.775 0 0 35.357 -5.190 21.895
1 127 17 0.2743 0.0499 0 0 34.209 -8.732 21.172
1 128 1 0.0975 -0.987 0 0 34.879 -9.705 24.792
1 129 6 0.1524 -0.245 0 0 32.428 -7.112 26.141
1 130 0 0.4878 0.6440 0 0 29.634 -8.372 23.867
1 131 6 0.3902 -0.383 0 0 30.514 -12.010 24.556
1 132 3 0.1768 -0.832 0 0 30.166 -11.224 28.280
1 133 12 0.4146 0.5057 0 0 26.776 -9.578 27.856
1 134 0 0.5609 0.4648 0 0 25.479 -12.517 25.803
1 135 1 0.3292 -0.886 0 0 26.765 -15.005 28.368
1 136 17 0.1951 0.2018 0 0 24.951 -13.012 31.061
1 137 20 0.4329 0.4880 0 0 21.702 -13.531 29.115
1 138 9 0.3719 0.0000 0 0 22.548 -17.095 28.173
1 139 11 0.6402 0.7484 0 0 22.385 -16.458 24.428
1 140 16 0.7012 0.2680 0 0 24.773 -16.701 21.438
1 141 20 0.7926 -0.090 0 0 26.771 -13.734 20.114
1 142 11 0.8109 0.2654 0 0 27.582 -13.319 16.406
1 143 7 0.7621 -0.728 0 0 29.394 -10.532 14.588
1 144 18 0.7987 0.9782 0 0 28.037 -9.616 11.176
1 145 17 0.6463 -0.979 0 0 28.532 -7.370 8.235
1 146 0 0.6890 0.4254 0 0 25.492 -6.623 6.095
1 147 13 0.3963 -0.700 0 0 27.993 -4.977 3.763
1 148 18 0.2804 -0.151 0 0 30.326 -7.952 3.090
1 149 1 0.4756 0.0287 0 0 27.798 -10.581 4.209
1 150 6 0.4634 -0.265 0 0 30.112 -11.958 6.904
1 151 9 0.6707 0.0000 0 0 28.109 -13.953 9.450
1 152 22 0.8170 -0.010 0 0 24.678 -12.978 8.112
1 153 7 0.7073 -0.919 0 0 23.380 -16.499 7.479
1 154 3 0.7195 -0.393 0 0 24.964 -17.722 10.694
1 155 0 0.9146 0.6536 0 0 23.101 -15.117 12.763
1 156 15 0.9268 0.5294 0 0 19.660 -15.818 11.321
1 157 20 0.7682 -0.499 0 0 20.203 -19.587 11.145
1 158 18 0.7865 0.0662 0 0 21.490 -19.710 14.724
1 159 12 0.8841 0.7678 0 0 18.318 -17.903 15.823
1 160 22 0.7256 -0.323 0 0 16.137 -20.540 14.157
1 161 1 0.5060 -0.027 0 0 18.073 -23.328 15.932
1 162 7 0.6097 0.2378 0 0 17.663 -21.493 19.225
1 163 11 0.5548 0.5327 0 0 13.914 -21.520 18.556
1 164 1 0.3170 0.1192 0 0 13.925 -25.289 17.985
1 165 6 0.1829 0.1249 0 0 16.143 -26.007 20.990
1 166 10 0.2439 0.1757 0 0 13.891 -23.894 23.205
