0 1 9 0 0 0 0 0 0 0
0 2 16 0 0 0 0 0 0 0
0 3 12 0 0 0 0 0 0 0
0 4 9 0 0 0 0 0 0 0
0 5 17 0 0 0 0 0 0 0
0 6 3 0 0 0 0 0 0 0
1 7 14 0.0064 0.2741 0 0 -5.321 -43.022 -25.747
1 8 18 0.0516 0.0508 0 0 -2.311 -40.755 -26.355
1 9 7 0.2129 -0.542 0 0 -1.762 -37.803 -24.027
1 10 20 0.4709 -0.174 0 0 -0.615 -34.336 -25.097
1 11 13 0.6451 -0.624 0 0 0.302 -31.670 -22.567
1 12 12 0.8774 0.2363 0 0 -0.572 -28.194 -23.888
1 13 22 0.9161 -0.738 0 0 0.077 -24.880 -22.164
1 14 22 0.9806 0.4250 0 0 -1.811 -21.676 -23.124
1 15 22 0.9354 -0.265 0 0 0.208 -18.534 -22.452
1 16 9 0.8967 0.0000 0 0 -0.105 -14.825 -23.246
1 17 0 0.6903 -0.461 0 0 -0.963 -11.384 -21.842
1 18 9 0.5612 0.0000 0 0 -3.987 -10.687 -19.618
1 19 9 0.5741 0.0000 0 0 -7.314 -10.501 -21.396
1 20 22 0.7741 0.5444 0 0 -6.260 -11.870 -24.784
1 21 9 0.8322 0.0000 0 0 -8.757 -14.789 -24.542
1 22 13 0.9225 -0.070 0 0 -6.669 -17.727 -23.274
1 23 17 0.8129 -0.687 0 0 -9.569 -18.893 -21.112
1 24 0 0.7354 -0.187 0 0 -12.218 -18.158 -23.716
1 25 12 0.9096 0.7362 0 0 -10.237 -20.225 -26.259
1 26 18 0.8838 0.1448 0 0 -9.851 -23.120 -23.832
1 27 11 0.6580 -0.525 0 0 -13.530 -23.010 -22.864
1 28 6 0.6645 -0.292 0 0 -14.573 -22.905 -26.529
1 29 12 0.7096 0.5436 0 0 -12.531 -26.085 -27.098
1 30 11 0.4903 0.1651 0 0 -13.902 -27.830 -23.965
1 31 6 0.3096 -0.080 0 0 -17.569 -26.586 -23.973
1 32 2 0.3354 -0.536 0 0 -18.310 -25.200 -27.463
1 33 10 0.2516 -0.654 0 0 -19.438 -22.089 -25.608
1 34 15 0.3677 0.2042 0 0 -18.263 -18.490 -25.498
1 35 22 0.1999 -0.192 0 0 -18.509 -16.469 -22.306
1 36 3 0.1096 -0.591 0 0 -18.291 -12.656 -22.096
1 37 7 0.1161 -0.926 0 0 -16.570 -12.909 -18.718
1 38 20 0.2322 0.7496 0 0 -14.494 -15.427 -16.792
1 39 3 0.0580 -0.767 0 0 -14.364 -15.264 -13.004
1 40 16 0.0774 -0.781 0 0 -10.810 -14.625 -11.706
1 41 17 0.0451 -0.977 0 0 -11.180 -18.015 -9.979
1 42 11 0.1935 0.5459 0 0 -11.898 -20.316 -12.962
1 43 7 0.2838 -0.186 0 0 -10.213 -23.742 -13.226
1 44 3 0.4838 -0.380 0 0 -6.825 -23.702 -14.993
1 45 17 0.4516 -0.588 0 0 -6.461 -27.476 -15.766
1 46 20 0.4645 0.2965 0 0 -8.636 -29.273 -18.352
1 47 1 0.3935 -0.394 0 0 -8.865 -32.636 -20.115
1 48 13 0.4064 0.2950 0 0 -10.383 -33.189 -23.530
1 49 6 0.1419 -0.991 0 0 -10.750 -36.502 -25.297
1 50 22 0.2258 0.9151 0 0 -10.693 -36.089 -29.070
1 51 22 0.0903 -0.963 0 0 -9.707 -38.112 -32.124
1 52 11 0.2387 0.9677 0 0 -7.017 -36.240 -34.034
1 53 3 0.0645 0.6600 0 0 -5.982 -37.686 -37.398
1 54 9 0.0 0.0000 0 0 -7.418 -41.088 -36.441
1 55 7 0.0258 0.4478 0 0 -5.684 -41.193 -33.056
1 56 18 0.0322 -0.697 0 0 -7.603 -41.034 -29.784
1 57 5 0.1612 0.6172 0 0 -5.988 -38.245 -27.716
1 58 12 0.2451 -0.544 0 0 -6.460 -37.043 -24.156
1 59 12 0.5548 0.5669 0 0 -5.347 -33.410 -24.168
1 60 3 0.5677 -0.549 0 0 -4.139 -31.980 -20.871
1 61 11 0.7870 0.5261 0 0 -4.533 -28.201 -21.144
1 62 12 0.7612 -0.531 0 0 -3.125 -25.719 -18.678
1 63 3 0.8387 -0.042 0 0 -4.789 -22.333 -19.043
1 64 18 0.7483 0.4295 0 0 -2.248 -19.980 -17.436
1 65 0 0.6 -0.983 0 0 -2.671 -16.499 -15.915
1 66 9 0.6193 0.0000 0 0 -1.703 -13.450 -18.004
0 67 6 0 0 0 0 -1.703 -13.450 -18.004
0 68 7 0 0 0 0 -1.703 -13.450 -18.004
0 69 7 0 0 0 0 -1.703 -13.450 -18.004
0 70 20 0 0 0 0 -1.703 -13.450 -18.004
0 71 17 0 0 0 0 -1.703 -13.450 -18.004
0 72 0 0 0 0 0 -1.703 -13.450 -18.004
0 73 14 0 0 0 0 -1.703 -13.450 -18.004
0 74 1 0 0 0 0 -1.703 -13.450 -18.004
0 75 3 0 0 0 0 -1.703 -13.450 -18.004
0 76 6 0 0 0 0 -1.703 -13.450 -18.004
0 77 20 0 0 0 0 -1.703 -13.450 -18.004
1 78 14 0.5225 0.4114 0 0 5.604 -25.066 -18.245
1 79 1 0.2967 -0.903 0 0 8.538 -27.347 -17.497
1 80 18 0.3483 -0.324 0 0 5.976 -30.089 -18.051
1 81 9 0.6258 0.0000 0 0 4.276 -28.689 -21.165
1 82 7 0.6064 -0.574 0 0 5.007 -30.389 -24.457
1 83 9 0.8258 0.0000 0 0 3.673 -27.577 -26.616
1 84 15 0.9548 -0.828 0 0 2.649 -23.952 -26.144
1 85 12 0.9935 0.8134 0 0 -0.227 -21.930 -27.538
1 86 5 0.9870 -0.750 0 0 1.168 -18.369 -27.404
1 87 22 0.9741 0.4858 0 0 -1.815 -16.079 -27.626
1 88 15 0.8645 -0.251 0 0 -2.225 -12.361 -28.367
1 89 0 0.7290 -0.448 0 0 -5.364 -10.438 -29.378
1 90 11 0.5096 -0.015 0 0 -5.471 -8.740 -32.781
1 91 2 0.3225 0.1000 0 0 -6.901 -5.589 -31.143
1 92 2 0.3870 0.3325 0 0 -4.200 -5.487 -28.444
1 93 18 0.2580 -0.895 0 0 -0.884 -4.246 -29.783
1 94 13 0.2645 -0.309 0 0 0.862 -4.568 -26.420
1 95 17 0.5806 0.4971 0 0 -0.186 -8.273 -26.169
1 96 15 0.5870 -0.193 0 0 1.445 -8.884 -29.547
1 97 7 0.3741 -0.812 0 0 4.630 -7.029 -28.532
1 98 3 0.4580 -0.142 0 0 4.599 -9.144 -25.338
1 99 11 0.6838 0.7596 0 0 4.932 -12.383 -27.343
1 100 10 0.4451 -0.954 0 0 8.733 -11.908 -27.382
1 101 6 0.4129 -0.478 0 0 8.791 -12.306 -23.568
1 102 20 0.6709 0.3858 0 0 6.716 -15.501 -23.617
1 103 1 0.6322 -0.127 0 0 8.903 -16.926 -26.364
1 104 7 0.3612 -0.728 0 0 12.087 -16.018 -24.428
1 105 6 0.4 0.5480 0 0 10.646 -17.640 -21.296
1 106 11 0.5483 0.9761 0 0 9.701 -20.821 -23.167
1 107 13 0.3290 -0.131 0 0 13.188 -21.081 -24.736
1 108 1 0.0967 -0.510 0 0 14.788 -20.702 -21.278
1 109 22 0.1806 0.6269 0 0 12.593 -23.353 -19.613
1 110 13 0.1870 0.7784 0 0 13.255 -25.825 -22.457
1 111 3 0.0387 -0.997 0 0 16.856 -24.715 -23.089
1 112 17 0.0838 0.2901 0 0 15.915 -24.862 -26.764
1 113 3 0.1548 -0.759 0 0 14.735 -22.713 -29.662
1 114 3 0.2709 -0.395 0 0 13.014 -25.743 -31.154
1 115 22 0.4967 0.2031 0 0 9.892 -26.069 -29.025
1 116 16 0.6967 -0.595 0 0 6.368 -27.077 -30.242
1 117 14 0.8903 -0.129 0 0 4.512 -23.793 -30.391
1 118 22 0.9612 0.1869 0 0 1.719 -22.056 -32.267
1 119 12 0.9419 -0.740 0 0 1.282 -18.274 -32.419
1 120 22 0.9677 0.8041 0 0 -2.417 -17.455 -32.016
1 121 9 0.8709 0.0000 0 0 -4.013 -14.109 -32.968
1 122 2 0.8516 0.2862 0 0 -7.331 -14.083 -31.121
1 123 13 0.6387 0.0154 0 0 -10.502 -11.916 -31.214
1 124 5 0.4774 0.3621 0 0 -10.559 -12.060 -35.039
1 125 3 0.2903 0.3137 0 0 -14.349 -11.387 -35.003
1 126 12 0.1290 0.3454 0 0 -13.694 -7.768 -33.883
1 127 0 0.0193 -0.935 0 0 -13.512 -4.835 -36.308
1 128 0 0.0129 -0.664 0 0 -10.544 -2.456 -36.762
1 129 1 0.1032 0.5048 0 0 -7.667 -4.737 -35.771
1 130 18 0.0709 -0.044 0 0 -4.466 -3.029 -34.628
1 131 22 0.2774 0.8186 0 0 -2.145 -5.990 -35.402
1 132 7 0.1354 -0.929 0 0 -2.117 -7.040 -39.049
1 133 17 0.3548 0.0137 0 0 -2.106 -10.699 -40.173
1 134 1 0.1225 -0.660 0 0 1.185 -10.031 -42.043
1 135 6 0.2064 -0.281 0 0 2.918 -8.759 -38.864
1 136 0 0.5032 0.6626 0 0 2.031 -11.911 -36.953
1 137 6 0.4258 -0.421 0 0 2.969 -14.143 -39.882
1 138 3 0.2193 -0.832 0 0 6.392 -12.426 -39.898
1 139 12 0.4322 0.4913 0 0 6.839 -13.070 -36.184
1 140 0 0.5935 0.5380 0 0 5.841 -16.748 -36.479
1 141 1 0.3161 -0.704 0 0 8.183 -17.185 -39.452
1 142 17 0.1741 0.1979 0 0 11.128 -15.787 -37.436
1 143 20 0.4193 0.5052 0 0 10.403 -18.406 -34.763
1 144 9 0.3806 0.0000 0 0 9.784 -21.217 -37.264
1 145 11 0.6516 0.6851 0 0 6.226 -21.812 -36.039
1 146 16 0.7225 0.2696 0 0 2.668 -21.603 -37.432
1 147 20 0.7935 -0.081 0 0 0.462 -18.530 -37.100
1 148 11 0.8451 0.2814 0 0 -3.277 -19.123 -36.769
1 149 7 0.8 -0.761 0 0 -6.012 -16.534 -36.230
1 150 18 0.8193 0.9809 0 0 -8.922 -17.384 -33.965
1 151 17 0.6774 -0.980 0 0 -12.157 -16.173 -32.436
1 152 0 0.7161 0.3431 0 0 -13.272 -17.756 -29.134
1 153 13 0.4387 -0.776 0 0 -16.629 -16.027 -29.819
1 154 18 0.3419 -0.082 0 0 -17.435 -17.517 -33.252
1 155 1 0.5354 -0.013 0 0 -15.150 -20.586 -32.836
1 156 6 0.5419 -0.389 0 0 -13.231 -19.662 -36.043
1 157 9 0.7419 0.0000 0 0 -9.770 -21.301 -35.986
1 158 22 0.8580 -0.105 0 0 -10.130 -22.697 -32.442
1 159 7 0.7548 -0.936 0 0 -9.880 -26.394 -33.369
1 160 3 0.7677 -0.412 0 0 -7.209 -25.482 -35.929
1 161 0 0.9483 0.7085 0 0 -5.097 -23.807 -33.248
1 162 15 0.9290 0.4827 0 0 -5.204 -26.580 -30.654
1 163 20 0.7806 -0.294 0 0 -4.992 -29.451 -33.120
1 164 18 0.8064 0.0937 0 0 -2.124 -27.857 -35.067
1 165 12 0.9032 0.6815 0 0 -0.284 -27.604 -31.757
1 166 22 0.7032 -0.337 0 0 -0.797 -31.400 -31.435
1 167 1 0.5161 -0.076 0 0 0.499 -31.874 -35.031
1 168 7 0.6129 0.3163 0 0 3.573 -29.742 -34.121
1 169 11 0.5290 0.5053 0 0 4.371 -31.858 -31.092
1 170 1 0.3032 0.1184 0 0 4.193 -34.889 -33.418
1 171 6 0.1483 0.3612 0 0 6.850 -33.566 -35.795
1 172 10 0.1677 0.2383 0 0 9.075 -33.071 -32.755
