0 1 9 0 0 0 0 0 0 0
0 2 16 0 0 0 0 0 0 0
0 3 12 0 0 0 0 0 0 0
0 4 9 0 0 0 0 0 0 0
0 5 17 0 0 0 0 0 0 0
0 6 3 0 0 0 0 0 0 0
1 7 14 0.0240 0.3523 0 0 -3.855 35.885 37.643
1 8 18 0.1024 0.0739 0 0 -0.823 35.280 39.904
1 9 7 0.2951 -0.146 0 0 2.000 33.050 38.624
1 10 20 0.5361 -0.173 0 0 3.967 30.776 40.981
1 11 13 0.7048 -0.801 0 0 7.208 28.946 40.164
1 12 12 0.9036 0.1413 0 0 7.261 25.635 42.039
1 13 22 0.9578 -0.698 0 0 10.091 23.092 41.961
1 14 22 0.9879 0.3793 0 0 9.594 19.431 42.916
1 15 22 0.9698 -0.243 0 0 12.818 17.785 44.180
1 16 9 0.9216 0.0000 0 0 13.843 14.500 45.804
1 17 0 0.7650 -0.559 0 0 15.769 11.250 45.346
1 18 9 0.5963 0.0000 0 0 15.206 8.928 42.359
1 19 9 0.6024 0.0000 0 0 11.881 7.082 42.392
1 20 22 0.8132 0.5658 0 0 10.162 8.860 45.306
1 21 9 0.8493 0.0000 0 0 7.275 9.984 43.048
1 22 13 0.9457 -0.051 0 0 8.226 13.494 41.845
1 23 17 0.8373 -0.689 0 0 6.746 12.940 38.350
1 24 0 0.7891 -0.264 0 0 3.769 10.936 39.613
1 25 12 0.9096 0.6357 0 0 2.803 13.776 41.979
1 26 18 0.8975 0.2583 0 0 3.260 16.478 39.348
1 27 11 0.6746 -0.530 0 0 1.299 14.503 36.732
1 28 6 0.6506 -0.426 0 0 -1.536 13.752 39.193
1 29 12 0.7409 0.5641 0 0 -1.922 17.468 39.875
1 30 11 0.5602 0.3361 0 0 -1.669 18.792 36.281
1 31 6 0.3493 -0.352 0 0 -3.252 16.045 34.128
1 32 2 0.0903 -0.350 0 0 -6.245 16.999 31.993
1 33 10 0.0481 0.5514 0 0 -6.598 13.229 31.396
1 34 15 0.0 -0.696 0 0 -6.696 13.479 27.578
1 35 22 0.0180 0.3262 0 0 -3.663 11.167 27.602
1 36 3 0.0060 -0.972 0 0 -4.573 8.039 29.625
1 37 7 0.0542 -0.506 0 0 -1.090 7.256 30.925
1 38 20 0.1445 0.2923 0 0 1.877 9.622 30.880
1 39 3 0.2710 -0.334 0 0 5.217 8.487 32.384
1 40 16 0.3915 0.8249 0 0 7.733 11.319 31.855
1 41 17 0.2469 -0.960 0 0 11.304 10.082 31.397
1 42 11 0.3674 -0.786 0 0 13.198 13.317 31.905
1 43 7 0.5542 -0.032 0 0 12.710 16.594 33.780
1 44 3 0.5180 -0.788 0 0 10.138 19.019 32.408
1 45 17 0.5843 -0.264 0 0 7.926 22.005 33.145
1 46 20 0.5722 0.2591 0 0 4.124 21.799 33.508
1 47 1 0.4638 -0.617 0 0 1.316 24.324 34.030
1 48 13 0.4457 0.1987 0 0 -1.842 24.292 36.099
1 49 6 0.2349 -0.977 0 0 -4.453 27.002 36.512
1 50 22 0.2590 0.8289 0 0 -6.332 26.765 39.799
1 51 22 0.1144 -0.990 0 0 -8.231 28.970 42.242
1 52 11 0.1987 0.9818 0 0 -6.629 28.986 45.698
1 53 3 0.0662 0.6306 0 0 -8.436 30.951 48.425
1 54 9 0.0120 0.0000 0 0 -10.314 32.968 45.778
1 55 7 0.0421 0.5136 0 0 -7.148 33.914 43.846
1 56 18 0.0602 -0.670 0 0 -6.687 32.578 40.307
1 57 5 0.2289 0.5460 0 0 -3.211 31.061 40.178
1 58 12 0.3433 -0.383 0 0 -1.013 29.836 37.419
1 59 12 0.6325 0.4380 0 0 1.371 27.240 38.803
1 60 3 0.6445 -0.875 0 0 4.503 26.572 36.802
1 61 11 0.8554 0.4678 0 0 5.703 23.244 38.107
1 62 12 0.8614 -0.474 0 0 9.186 21.932 37.474
1 63 3 0.8855 -0.203 0 0 9.580 18.205 37.897
1 64 18 0.8433 0.4629 0 0 13.344 17.784 38.454
1 65 0 0.6867 -0.979 0 0 15.594 14.734 38.193
1 66 9 0.6686 0.0000 0 0 17.170 13.293 41.370
1 67 6 0.5 0.0274 0 0 20.541 14.738 42.511
1 68 7 0.3132 0.5541 0 0 21.920 11.541 40.954
1 69 7 0.2530 0.0362 0 0 21.252 12.597 37.348
1 70 20 0.1325 -0.622 0 0 22.976 15.467 35.568
1 71 17 0.2048 0.8540 0 0 21.004 18.593 34.669
1 72 0 0.0722 -0.737 0 0 22.806 21.645 33.261
1 73 14 0.1867 -0.217 0 0 20.061 24.073 34.324
1 74 1 0.4337 0.4636 0 0 19.645 22.883 37.906
1 75 3 0.3253 -0.675 0 0 21.198 25.975 39.530
1 76 6 0.2650 -0.962 0 0 18.978 28.306 37.459
1 77 20 0.5301 0.0485 0 0 15.927 26.129 38.226
1 78 14 0.6204 0.1185 0 0 16.638 26.748 41.907
1 79 1 0.3855 -0.853 0 0 17.261 30.499 41.418
1 80 18 0.4277 -0.232 0 0 13.969 30.776 39.491
1 81 9 0.7168 0.0000 0 0 11.982 28.550 41.844
1 82 7 0.6566 -0.555 0 0 9.927 30.430 44.411
1 83 9 0.8734 0.0000 0 0 8.903 27.387 46.471
1 84 15 0.9638 -0.718 0 0 10.053 23.782 46.759
1 85 12 0.9939 0.5998 0 0 8.329 20.463 47.370
1 86 5 0.9819 -0.715 0 0 10.958 18.259 49.040
1 87 22 0.9759 0.5204 0 0 9.692 14.776 48.417
1 88 15 0.8674 -0.338 0 0 10.775 11.459 49.952
1 89 0 0.7108 -0.393 0 0 9.048 8.065 49.996
1 90 11 0.4939 -0.124 0 0 7.756 6.672 53.327
1 91 2 0.3072 0.1646 0 0 9.073 3.198 52.367
1 92 2 0.3554 0.3475 0 0 12.604 4.460 51.516
1 93 18 0.2409 -0.906 0 0 14.781 5.563 54.435
1 94 13 0.3012 -0.298 0 0 17.596 6.628 52.115
1 95 17 0.5783 0.4085 0 0 15.229 9.059 50.355
1 96 15 0.5662 -0.261 0 0 14.332 10.577 53.744
1 97 7 0.3975 -0.905 0 0 17.986 10.900 54.742
1 98 3 0.5120 -0.189 0 0 18.658 12.553 51.330
1 99 11 0.7289 0.6508 0 0 16.281 15.412 52.224
1 100 10 0.4819 -0.924 0 0 19.223 17.222 53.902
1 101 6 0.4698 -0.597 0 0 21.125 17.196 50.585
1 102 20 0.7710 0.3762 0 0 18.209 18.868 48.750
1 103 1 0.6626 -0.333 0 0 17.766 21.492 51.496
1 104 7 0.4156 -0.723 0 0 21.491 22.352 51.506
1 105 6 0.4578 0.3432 0 0 21.538 22.613 47.674
1 106 11 0.6084 0.9548 0 0 18.604 25.037 47.745
1 107 13 0.3795 -0.838 0 0 20.245 27.076 50.560
1 108 1 0.1566 -0.044 0 0 23.587 27.189 48.716
1 109 22 0.2228 0.5393 0 0 22.024 28.399 45.436
1 110 13 0.2831 0.7971 0 0 19.441 30.823 46.898
1 111 3 0.0843 -0.998 0 0 21.754 31.971 49.749
1 112 17 0.1385 0.3959 0 0 18.850 31.973 52.196
1 113 3 0.1807 -0.793 0 0 17.557 30.201 55.289
1 114 3 0.3373 -0.433 0 0 13.950 31.222 54.660
1 115 22 0.5481 0.3527 0 0 12.992 29.625 51.350
1 116 16 0.7469 -0.521 0 0 9.346 28.482 51.036
1 117 14 0.8915 -0.159 0 0 9.218 24.662 51.173
1 118 22 0.9397 0.1117 0 0 6.955 21.725 52.037
1 119 12 0.9337 -0.705 0 0 8.258 18.326 53.191
1 120 22 0.9518 0.7651 0 0 6.310 15.617 51.381
1 121 9 0.8313 0.0000 0 0 6.192 11.987 52.472
1 122 2 0.8253 0.3069 0 0 4.883 10.198 49.352
1 123 13 0.5903 0.0976 0 0 3.596 6.602 48.833
1 124 5 0.4397 0.3207 0 0 1.494 6.785 52.015
1 125 3 0.2168 0.3781 0 0 -0.845 4.185 50.441
1 126 12 0.1265 0.3501 0 0 1.844 1.542 51.224
1 127 0 0.0301 -0.922 0 0 1.899 -0.613 54.371
1 128 0 0.0361 -0.181 0 0 5.674 -1.318 54.242
1 129 1 0.0963 0.5127 0 0 6.547 1.990 55.924
1 130 18 0.0783 0.1094 0 0 10.133 2.614 57.090
1 131 22 0.2108 0.8467 0 0 9.790 6.326 57.929
1 132 7 0.1204 -0.909 0 0 7.364 7.124 60.770
1 133 17 0.2771 -0.012 0 0 5.241 10.268 60.426
1 134 1 0.1084 -0.785 0 0 6.597 11.567 63.757
1 135 6 0.1506 -0.430 0 0 10.171 11.346 62.449
1 136 0 0.4518 0.6762 0 0 9.246 13.437 59.391
1 137 6 0.3734 -0.405 0 0 7.153 15.870 61.489
1 138 3 0.1626 -0.841 0 0 10.249 16.327 63.670
1 139 12 0.4036 0.4908 0 0 12.411 16.998 60.623
1 140 0 0.5240 0.4568 0 0 9.864 19.437 59.171
1 141 1 0.2891 -0.729 0 0 9.594 21.257 62.527
1 142 17 0.1686 0.1607 0 0 13.413 21.609 62.646
1 143 20 0.4216 0.5637 0 0 13.297 23.307 59.200
1 144 9 0.3614 0.0000 0 0 10.268 25.367 60.263
1 145 11 0.6265 0.7415 0 0 8.165 23.989 57.358
1 146 16 0.6927 0.1821 0 0 4.888 22.043 56.825
1 147 20 0.7771 -0.112 0 0 4.881 18.255 56.464
1 148 11 0.8072 0.2579 0 0 2.220 16.550 54.335
1 149 7 0.7590 -0.720 0 0 1.818 12.884 53.441
1 150 18 0.8012 0.9817 0 0 0.665 12.046 49.932
1 151 17 0.6385 -0.970 0 0 -0.139 9.161 47.635
1 152 0 0.6987 0.5171 0 0 0.193 9.787 43.891
1 153 13 0.4096 -0.236 0 0 -1.734 6.514 43.403
1 154 18 0.3192 -0.143 0 0 -4.790 7.386 45.519
1 155 1 0.4879 -0.059 0 0 -4.483 11.224 45.147
1 156 6 0.4759 -0.312 0 0 -4.523 11.630 48.955
1 157 9 0.6807 0.0000 0 0 -2.848 14.900 49.948
1 158 22 0.8192 -0.018 0 0 -1.643 15.796 46.427
1 159 7 0.7530 -0.882 0 0 -3.614 19.038 45.952
1 160 3 0.7349 -0.411 0 0 -3.007 19.905 49.633
1 161 0 0.9156 0.6586 0 0 0.803 19.569 49.207
1 162 15 0.9277 0.5652 0 0 0.927 21.965 46.222
1 163 20 0.7831 -0.340 0 0 -1.617 24.438 47.608
1 164 18 0.7951 0.0567 0 0 0.180 24.493 50.982
1 165 12 0.8795 0.7743 0 0 3.362 25.405 49.120
1 166 22 0.7228 -0.310 0 0 1.574 28.274 47.307
1 167 1 0.5060 -0.105 0 0 0.353 29.528 50.687
1 168 7 0.6144 0.2466 0 0 3.930 29.359 52.067
1 169 11 0.5421 0.5820 0 0 5.127 31.507 49.137
1 170 1 0.3313 0.0108 0 0 2.284 34.012 49.796
1 171 6 0.1746 0.5070 0 0 3.056 34.385 53.513
1 172 10 0.1927 0.2235 0 0 6.724 34.915 52.697
