1 1 14 0.0 0.3487 0 0 -6.508 -6.391 -33.532
1 2 18 0.0363 0.1823 0 0 -10.262 -5.622 -33.957
1 3 7 0.1636 -0.019 0 0 -12.716 -7.282 -31.589
1 4 20 0.5090 -0.270 0 0 -16.148 -8.427 -32.812
1 5 13 0.6606 -0.609 0 0 -18.782 -8.871 -30.154
1 6 12 0.9030 0.0828 0 0 -21.278 -11.498 -31.408
1 7 22 0.9454 -0.697 0 0 -24.419 -12.588 -29.577
1 8 22 0.9878 0.3603 0 0 -26.276 -15.825 -30.207
1 9 22 0.9696 -0.240 0 0 -30.032 -15.856 -29.420
1 10 9 0.9272 0.0000 0 0 -33.020 -18.099 -30.106
1 11 0 0.7757 -0.447 0 0 -35.379 -20.722 -28.486
1 12 9 0.6424 0.0000 0 0 -34.100 -23.434 -26.137
1 13 9 0.6181 0.0000 0 0 -32.498 -26.471 -27.801
1 14 22 0.8121 0.6198 0 0 -32.040 -25.033 -31.269
1 15 9 0.8666 0.0000 0 0 -28.224 -25.475 -31.182
1 16 13 0.9515 0.1215 0 0 -26.866 -22.061 -30.121
1 17 17 0.8424 -0.616 0 0 -24.191 -23.620 -27.881
1 18 0 0.7818 -0.371 0 0 -23.368 -26.435 -30.305
1 19 12 0.9090 0.6793 0 0 -22.837 -23.922 -33.120
1 20 18 0.8787 0.2823 0 0 -20.587 -21.896 -30.916
1 21 11 0.6545 -0.517 0 0 -18.562 -24.872 -29.600
1 22 6 0.6060 -0.324 0 0 -18.274 -26.176 -33.066
1 23 12 0.7090 0.5164 0 0 -16.931 -22.785 -34.147
1 24 11 0.5151 0.2160 0 0 -14.587 -22.540 -31.061
1 25 6 0.2606 -0.794 0 0 -13.153 -26.066 -30.621
1 26 2 0.2666 -0.373 0 0 -14.205 -27.920 -33.832
1 27 10 0.1818 -0.375 0 0 -16.180 -30.370 -31.687
1 28 15 0.3393 0.1421 0 0 -19.837 -31.373 -31.880
1 29 22 0.3151 0.4015 0 0 -21.515 -31.382 -28.474
1 30 3 0.1212 -0.840 0 0 -24.057 -34.231 -28.790
1 31 7 0.0727 -0.223 0 0 -25.204 -33.888 -25.197
1 32 20 0.1939 0.4531 0 0 -27.980 -31.324 -24.457
1 33 3 0.2121 -0.371 0 0 -26.684 -28.930 -21.747
1 34 16 0.3878 -0.823 0 0 -29.043 -25.918 -21.482
1 35 18 0.5030 0.9007 0 0 -27.137 -22.613 -21.162
1 36 11 0.3636 -0.995 0 0 -27.649 -19.862 -18.593
1 37 7 0.4909 -0.242 0 0 -24.852 -17.811 -20.094
1 38 3 0.5515 -0.376 0 0 -21.560 -18.514 -21.704
1 39 17 0.5696 -0.608 0 0 -19.123 -16.150 -23.348
1 40 20 0.5212 0.3663 0 0 -16.159 -17.284 -25.429
1 41 1 0.3818 -0.494 0 0 -13.256 -15.415 -26.880
1 42 13 0.3454 0.1230 0 0 -11.363 -16.636 -29.981
1 43 6 0.1030 -0.987 0 0 -8.664 -15.322 -32.232
1 44 22 0.1575 0.9963 0 0 -9.468 -16.011 -35.918
1 45 22 0.0606 -0.990 0 0 -8.677 -14.788 -39.403
1 46 11 0.1696 0.9407 0 0 -11.614 -13.690 -41.490
1 47 3 0.0424 0.6765 0 0 -10.913 -12.348 -45.046
1 48 9 0.0060 0.0000 0 0 -7.275 -11.734 -44.189
1 49 7 0.0121 0.4617 0 0 -7.855 -9.804 -40.933
1 50 18 0.0181 -0.731 0 0 -6.699 -11.410 -37.637
1 51 5 0.0909 0.6691 0 0 -9.405 -10.561 -35.190
1 52 12 0.2303 -0.416 0 0 -11.123 -11.398 -31.892
1 53 12 0.5636 0.4713 0 0 -14.516 -12.923 -31.746
1 54 3 0.5878 -0.597 0 0 -16.250 -12.224 -28.462
1 55 11 0.8242 0.4273 0 0 -19.278 -14.490 -28.523
1 56 12 0.8303 -0.440 0 0 -22.132 -14.271 -25.982
1 57 3 0.8909 0.0352 0 0 -24.089 -17.460 -26.073
1 58 18 0.8363 0.4414 0 0 -27.504 -16.882 -24.450
1 59 0 0.6787 -0.947 0 0 -30.140 -18.944 -22.722
1 60 9 0.7454 0.0000 0 0 -32.735 -20.535 -24.980
1 61 6 0.4727 -0.059 0 0 -36.012 -19.654 -23.390
1 62 7 0.3212 -0.328 0 0 -35.228 -22.328 -21.001
1 63 7 0.2545 -0.833 0 0 -35.600 -19.527 -19.783
1 64 20 0.2424 -0.246 0 0 -33.686 -17.233 -18.557
1 65 17 0.3030 -0.643 0 0 -34.684 -13.878 -19.954
1 66 0 0.0666 -0.921 0 0 -33.860 -11.569 -16.986
1 67 14 0.1999 0.7870 0 0 -30.156 -11.796 -17.956
1 68 1 0.4424 0.6138 0 0 -29.448 -10.332 -21.478
1 69 3 0.2848 -0.377 0 0 -31.023 -6.855 -21.416
1 70 6 0.1757 -0.807 0 0 -28.036 -4.545 -22.022
1 71 20 0.4363 -0.806 0 0 -26.043 -7.605 -22.920
1 72 14 0.5939 0.4204 0 0 -27.618 -6.821 -26.200
1 73 1 0.3515 -0.525 0 0 -26.737 -3.081 -26.203
1 74 18 0.3939 -0.156 0 0 -23.149 -4.401 -25.882
1 75 9 0.6727 0.0000 0 0 -23.515 -6.883 -28.831
1 76 7 0.6484 -0.585 0 0 -22.437 -5.623 -32.198
1 77 9 0.8606 0.0000 0 0 -23.851 -8.538 -34.131
1 78 15 0.9636 -0.760 0 0 -26.644 -11.069 -33.558
1 79 12 0.9939 0.5891 0 0 -27.101 -14.596 -34.763
1 80 5 0.9818 -0.788 0 0 -30.788 -15.431 -34.469
1 81 22 0.9757 0.5155 0 0 -31.019 -19.120 -34.602
1 82 15 0.8848 -0.342 0 0 -33.961 -21.537 -34.984
1 83 0 0.7636 -0.390 0 0 -33.838 -25.215 -35.800
1 84 11 0.5272 -0.168 0 0 -35.390 -26.469 -39.110
1 85 2 0.3272 0.1382 0 0 -37.132 -29.206 -37.291
1 86 2 0.3757 0.4119 0 0 -38.713 -27.039 -34.683
1 87 18 0.2969 -0.894 0 0 -41.442 -24.871 -36.072
1 88 13 0.3090 -0.188 0 0 -42.009 -23.107 -32.769
1 89 17 0.6303 0.5060 0 0 -38.422 -21.918 -32.633
1 90 15 0.6121 -0.294 0 0 -38.850 -20.373 -36.114
1 91 7 0.4121 -0.833 0 0 -41.997 -18.548 -34.820
1 92 3 0.5575 -0.215 0 0 -40.014 -17.351 -31.760
1 93 11 0.7939 0.6359 0 0 -37.444 -15.532 -33.952
1 94 10 0.5393 -0.917 0 0 -39.706 -12.540 -34.162
1 95 6 0.4787 -0.455 0 0 -39.633 -11.923 -30.388
1 96 20 0.7696 0.3813 0 0 -35.819 -11.951 -30.376
1 97 1 0.7272 -0.154 0 0 -35.589 -9.583 -33.333
1 98 7 0.4242 -0.661 0 0 -38.043 -7.261 -31.473
1 99 6 0.4606 -0.082 0 0 -36.011 -7.579 -28.210
1 100 11 0.6363 0.9550 0 0 -32.902 -6.721 -30.295
1 101 13 0.4 -0.123 0 0 -34.558 -3.728 -32.106
1 102 1 0.1333 -0.143 0 0 -35.695 -2.504 -28.731
1 103 22 0.2363 0.4575 0 0 -32.388 -2.809 -26.755
1 104 13 0.2242 0.7271 0 0 -30.473 -1.100 -29.555
1 105 3 0.0484 -0.936 0 0 -32.276 1.580 -31.562
1 106 17 0.0969 0.2562 0 0 -32.380 0.707 -35.262
1 107 3 0.1878 -0.710 0 0 -34.031 -1.805 -37.678
1 108 3 0.3333 -0.245 0 0 -30.580 -2.204 -39.354
1 109 22 0.5454 0.2698 0 0 -28.596 -3.941 -36.598
1 110 16 0.7393 -0.568 0 0 -26.064 -6.457 -37.917
1 111 14 0.8969 0.0475 0 0 -27.929 -9.726 -37.881
1 112 22 0.9393 0.1157 0 0 -28.097 -13.152 -39.483
1 113 12 0.9333 -0.687 0 0 -30.984 -15.742 -39.449
1 114 22 0.9575 0.7426 0 0 -29.554 -19.178 -39.016
1 115 9 0.8545 0.0000 0 0 -31.753 -22.361 -39.539
1 116 2 0.8484 0.3333 0 0 -29.799 -24.967 -37.669
1 117 13 0.6 0.0964 0 0 -29.892 -28.744 -37.706
1 118 5 0.4484 0.2837 0 0 -30.039 -28.856 -41.518
1 119 3 0.2060 0.3172 0 0 -28.536 -32.383 -41.316
1 120 12 0.1090 0.3947 0 0 -31.909 -33.656 -39.929
1 121 0 0.0242 -0.918 0 0 -34.448 -35.037 -42.337
1 122 0 0.0303 -0.035 0 0 -37.498 -33.929 -40.243
1 123 1 0.0787 0.4262 0 0 -37.678 -30.466 -41.737
1 124 18 0.0545 0.0004 0 0 -40.874 -28.459 -40.850
1 125 22 0.2484 0.8675 0 0 -39.486 -25.026 -41.736
1 126 7 0.1151 -0.923 0 0 -38.886 -24.705 -45.467
1 127 17 0.2909 -0.040 0 0 -35.973 -22.702 -46.712
1 128 1 0.0848 -0.760 0 0 -38.495 -20.469 -48.463
1 129 6 0.1515 -0.234 0 0 -40.296 -19.570 -45.209
1 130 0 0.4848 0.6228 0 0 -37.038 -18.576 -43.568
1 131 6 0.3696 -0.435 0 0 -35.799 -16.650 -46.655
1 132 3 0.1454 -0.832 0 0 -39.037 -14.630 -46.598
1 133 12 0.4181 0.5806 0 0 -38.596 -13.886 -42.946
1 134 0 0.5757 0.4556 0 0 -34.999 -12.793 -43.445
1 135 1 0.2787 -0.676 0 0 -35.932 -10.753 -46.533
1 136 17 0.1393 -0.017 0 0 -38.518 -8.876 -44.541
1 137 20 0.4303 0.5316 0 0 -35.920 -8.150 -41.857
1 138 9 0.3575 0.0000 0 0 -33.387 -7.060 -44.452
1 139 11 0.6242 0.7488 0 0 -30.736 -9.729 -43.448
1 140 16 0.6848 0.2806 0 0 -29.202 -12.871 -44.732
1 141 20 0.7878 -0.076 0 0 -30.487 -16.345 -43.998
1 142 11 0.8060 0.2756 0 0 -28.029 -19.295 -43.700
1 143 7 0.7515 -0.696 0 0 -28.690 -22.936 -42.978
1 144 18 0.8 0.9652 0 0 -26.361 -24.611 -40.583
1 145 17 0.6666 -0.968 0 0 -25.481 -27.930 -39.028
1 146 0 0.7151 0.5122 0 0 -23.458 -27.841 -35.870
1 147 13 0.4060 -0.763 0 0 -23.038 -31.619 -36.261
1 148 18 0.2727 -0.077 0 0 -21.500 -31.787 -39.710
1 149 1 0.4666 0.0026 0 0 -20.275 -28.230 -39.699
1 150 6 0.4545 -0.179 0 0 -22.145 -27.258 -42.832
1 151 9 0.6909 0.0000 0 0 -22.477 -23.398 -42.760
1 152 22 0.8181 -0.149 0 0 -21.094 -22.804 -39.352
1 153 7 0.7030 -0.929 0 0 -18.081 -20.568 -40.471
1 154 3 0.7212 -0.562 0 0 -20.307 -19.016 -43.105
1 155 0 0.9212 0.7023 0 0 -22.806 -18.096 -40.466
1 156 15 0.9151 0.5417 0 0 -20.276 -16.467 -38.071
1 157 20 0.7333 -0.511 0 0 -18.062 -14.943 -40.744
1 158 18 0.7575 0.1171 0 0 -21.141 -13.543 -42.482
1 159 12 0.8727 0.7568 0 0 -22.251 -11.916 -39.227
1 160 22 0.6969 -0.404 0 0 -18.687 -10.441 -38.928
1 161 1 0.4969 -0.089 0 0 -19.047 -9.129 -42.450
1 162 7 0.5818 0.2976 0 0 -22.336 -7.531 -41.744
1 163 11 0.5333 0.5392 0 0 -20.691 -5.887 -38.701
1 164 1 0.2181 0.0940 0 0 -17.842 -4.510 -40.857
1 165 6 0.1272 0.3453 0 0 -20.377 -2.828 -43.086
0 166 10 0 0 0 0 -20.377 -2.828 -43.086
