1 1 14 0.0 0.2969 0 0 -3.441 -43.856 -32.910
1 2 18 0.0421 0.1740 0 0 -1.265 -40.761 -33.304
1 3 7 0.2228 0.0360 0 0 -1.602 -38.064 -30.649
1 4 20 0.5180 -0.238 0 0 -0.741 -34.478 -31.592
1 5 13 0.6626 -0.755 0 0 0.138 -32.252 -28.644
1 6 12 0.9036 0.1325 0 0 -0.886 -28.743 -29.681
1 7 22 0.9457 -0.659 0 0 -0.260 -25.650 -27.586
1 8 22 0.9879 0.3680 0 0 -2.079 -22.367 -28.194
1 9 22 0.9698 -0.274 0 0 -0.117 -19.288 -27.111
1 10 9 0.9277 0.0000 0 0 -0.369 -15.523 -27.512
1 11 0 0.7951 -0.521 0 0 -1.372 -12.312 -25.756
1 12 9 0.6325 0.0000 0 0 -4.340 -11.993 -23.397
1 13 9 0.6204 0.0000 0 0 -7.683 -11.635 -25.157
1 14 22 0.8192 0.5995 0 0 -6.515 -12.527 -28.686
1 15 9 0.8614 0.0000 0 0 -8.989 -15.431 -28.850
1 16 13 0.9518 0.1022 0 0 -6.918 -18.502 -27.926
1 17 17 0.8433 -0.608 0 0 -9.759 -20.051 -25.906
1 18 0 0.7831 -0.268 0 0 -12.451 -19.024 -28.396
1 19 12 0.9096 0.6670 0 0 -10.458 -20.658 -31.231
1 20 18 0.8915 0.3354 0 0 -9.879 -23.871 -29.277
1 21 11 0.6566 -0.418 0 0 -13.497 -24.061 -28.076
1 22 6 0.6144 -0.425 0 0 -14.726 -23.334 -31.617
1 23 12 0.7108 0.5507 0 0 -12.581 -26.198 -32.955
1 24 11 0.5301 0.3597 0 0 -13.471 -28.691 -30.201
1 25 6 0.3132 0.0607 0 0 -16.999 -27.718 -29.131
1 26 2 0.2650 -0.204 0 0 -18.334 -25.928 -32.235
1 27 10 0.2048 -0.076 0 0 -19.570 -22.714 -30.616
1 28 15 0.3373 0.1839 0 0 -18.300 -19.176 -30.092
1 29 22 0.3253 0.3809 0 0 -17.432 -17.963 -26.602
1 30 3 0.1265 -0.591 0 0 -18.598 -14.331 -26.546
1 31 7 0.0843 -0.324 0 0 -17.533 -13.532 -22.982
1 32 20 0.2289 0.4785 0 0 -13.957 -12.991 -21.828
1 33 3 0.1867 -0.633 0 0 -12.857 -15.280 -18.995
1 34 16 0.3554 -0.813 0 0 -9.036 -15.222 -18.710
1 35 18 0.4879 0.8470 0 0 -7.567 -18.728 -18.822
1 36 11 0.3614 -0.999 0 0 -5.084 -20.182 -16.372
1 37 7 0.5 0.3676 0 0 -4.311 -23.488 -18.077
1 38 3 0.5421 -0.253 0 0 -6.915 -25.643 -19.814
1 39 17 0.5542 -0.511 0 0 -6.652 -28.885 -21.746
1 40 20 0.5602 0.3211 0 0 -8.927 -30.202 -24.498
1 41 1 0.4036 -0.507 0 0 -8.863 -33.607 -26.189
1 42 13 0.3192 -0.018 0 0 -10.660 -34.727 -29.348
1 43 6 0.0963 -0.967 0 0 -10.397 -37.579 -31.821
1 44 22 0.1506 0.9779 0 0 -10.523 -36.239 -35.393
1 45 22 0.0542 -0.974 0 0 -9.807 -37.462 -38.909
1 46 11 0.1626 0.9763 0 0 -7.189 -35.322 -40.643
1 47 3 0.0361 0.6594 0 0 -6.163 -36.304 -44.178
1 48 9 0.0060 0.0000 0 0 -7.503 -39.846 -43.694
1 49 7 0.0120 0.4774 0 0 -5.657 -40.322 -40.389
1 50 18 0.0180 -0.733 0 0 -7.641 -40.763 -37.185
1 51 5 0.1325 0.5829 0 0 -5.868 -38.340 -34.834
1 52 12 0.2409 -0.251 0 0 -6.127 -37.555 -31.168
1 53 12 0.5662 0.4923 0 0 -5.667 -33.814 -30.684
1 54 3 0.5843 -0.487 0 0 -4.436 -32.835 -27.242
1 55 11 0.8253 0.5045 0 0 -4.744 -29.066 -27.033
1 56 12 0.8313 -0.377 0 0 -3.246 -26.947 -24.280
1 57 3 0.8795 -0.052 0 0 -5.021 -23.625 -23.993
1 58 18 0.8373 0.5120 0 0 -2.563 -21.316 -22.217
1 59 0 0.6867 -0.947 0 0 -2.749 -18.024 -20.318
1 60 9 0.7289 0.0000 0 0 -2.143 -14.805 -22.225
1 61 6 0.4277 -0.300 0 0 -2.504 -12.603 -19.142
1 62 7 0.2951 0.6019 0 0 1.090 -12.426 -17.941
1 63 7 0.0662 -0.271 0 0 0.126 -12.984 -14.295
1 64 20 0.1987 -0.037 0 0 -0.331 -16.697 -15.031
1 65 17 0.1686 0.5439 0 0 1.215 -19.066 -14.595
1 66 0 0.0481 -0.917 0 0 4.734 -17.915 -13.611
1 67 14 0.1024 -0.750 0 0 5.920 -21.121 -15.292
1 68 1 0.4457 0.7124 0 0 3.546 -21.564 -18.227
1 69 3 0.3795 -0.335 0 0 6.827 -22.912 -19.635
1 70 6 0.2108 -0.976 0 0 6.378 -26.245 -17.821
1 71 20 0.4518 -0.286 0 0 2.987 -26.949 -19.440
1 72 14 0.6445 0.5494 0 0 4.380 -26.011 -22.874
1 73 1 0.3975 -0.974 0 0 7.367 -28.418 -22.637
1 74 18 0.4096 -0.372 0 0 5.494 -31.436 -24.051
1 75 9 0.6987 0.0000 0 0 3.982 -29.325 -26.848
1 76 7 0.6385 -0.625 0 0 4.733 -30.777 -30.281
1 77 9 0.8674 0.0000 0 0 3.174 -27.916 -32.236
1 78 15 0.9638 -0.677 0 0 2.380 -24.324 -31.352
1 79 12 0.9939 0.5544 0 0 -0.367 -22.025 -32.562
1 80 5 0.9819 -0.777 0 0 0.984 -18.478 -32.127
1 81 22 0.9759 0.5062 0 0 -2.082 -16.275 -31.974
1 82 15 0.8855 -0.354 0 0 -2.437 -12.526 -32.242
1 83 0 0.7530 -0.373 0 0 -5.515 -10.469 -33.084
1 84 11 0.5120 -0.146 0 0 -5.582 -8.481 -36.337
1 85 2 0.3072 0.1408 0 0 -7.178 -5.577 -34.408
1 86 2 0.3674 0.3435 0 0 -4.503 -5.572 -31.700
1 87 18 0.2590 -0.890 0 0 -1.109 -4.292 -32.885
1 88 13 0.3012 -0.274 0 0 0.532 -4.951 -29.495
1 89 17 0.6084 0.4367 0 0 -0.517 -8.640 -29.644
1 90 15 0.6024 -0.286 0 0 1.215 -8.931 -33.039
1 91 7 0.3855 -0.860 0 0 4.314 -7.204 -31.632
1 92 3 0.5481 -0.203 0 0 4.194 -9.676 -28.699
1 93 11 0.7771 0.6806 0 0 4.458 -12.691 -31.052
1 94 10 0.5361 -0.806 0 0 8.282 -12.682 -31.135
1 95 6 0.4819 -0.371 0 0 8.393 -13.138 -27.333
1 96 20 0.7891 0.3417 0 0 6.068 -16.144 -27.563
1 97 1 0.7409 -0.455 0 0 8.238 -17.712 -30.275
1 98 7 0.4397 -0.731 0 0 11.362 -17.083 -28.151
1 99 6 0.5060 0.3856 0 0 9.600 -18.783 -25.220
1 100 11 0.6746 0.9190 0 0 8.692 -21.719 -27.494
1 101 13 0.4216 -0.196 0 0 12.316 -21.968 -28.636
1 102 1 0.2168 -0.118 0 0 13.354 -21.873 -24.972
1 103 22 0.3433 0.8223 0 0 10.943 -24.554 -23.698
1 104 13 0.3313 0.6534 0 0 11.699 -26.877 -26.624
1 105 3 0.0722 -0.530 0 0 15.446 -26.063 -26.801
1 106 17 0.1204 0.1927 0 0 15.193 -25.713 -30.579
1 107 3 0.1927 -0.958 0 0 14.738 -23.139 -33.346
1 108 3 0.2891 -0.446 0 0 12.968 -25.778 -35.449
1 109 22 0.5722 0.3487 0 0 9.557 -26.175 -33.789
1 110 16 0.7349 -0.544 0 0 6.281 -26.835 -35.672
1 111 14 0.8975 -0.180 0 0 4.323 -23.565 -35.539
1 112 22 0.9397 0.0509 0 0 1.570 -21.616 -37.269
1 113 12 0.9337 -0.651 0 0 1.093 -17.863 -36.988
1 114 22 0.9578 0.6991 0 0 -2.580 -17.072 -36.524
1 115 9 0.8554 0.0000 0 0 -4.168 -13.672 -37.140
1 116 2 0.8493 0.3312 0 0 -7.450 -14.029 -35.263
1 117 13 0.5963 0.1133 0 0 -10.642 -11.918 -35.163
1 118 5 0.4578 0.3158 0 0 -10.529 -11.509 -38.962
1 119 3 0.2349 0.3556 0 0 -14.300 -10.915 -38.812
1 120 12 0.1144 0.3964 0 0 -13.541 -7.520 -37.216
1 121 0 0.0240 -0.925 0 0 -13.161 -4.428 -39.398
1 122 0 0.0301 -0.012 0 0 -10.809 -2.555 -37.040
1 123 1 0.0783 0.4535 0 0 -7.713 -4.068 -38.662
1 124 18 0.0602 0.0041 0 0 -4.354 -2.630 -37.604
1 125 22 0.2530 0.8680 0 0 -2.283 -5.660 -38.630
1 126 7 0.1084 -0.897 0 0 -2.357 -6.102 -42.399
1 127 17 0.2831 -0.006 0 0 -2.109 -9.630 -43.813
1 128 1 0.0903 -0.754 0 0 1.171 -8.875 -45.629
1 129 6 0.1385 -0.363 0 0 2.807 -7.682 -42.385
1 130 0 0.4759 0.6766 0 0 1.981 -11.023 -40.732
1 131 6 0.3734 -0.494 0 0 2.880 -13.020 -43.873
1 132 3 0.1566 -0.838 0 0 6.349 -11.438 -43.696
1 133 12 0.4156 0.5640 0 0 6.748 -12.303 -40.010
1 134 0 0.5783 0.4238 0 0 5.628 -15.885 -40.667
1 135 1 0.2771 -0.768 0 0 8.032 -16.112 -43.641
1 136 17 0.1807 0.2602 0 0 10.930 -15.082 -41.369
1 137 20 0.4337 0.5410 0 0 10.023 -17.956 -39.035
1 138 9 0.3493 0.0000 0 0 9.576 -20.334 -41.978
1 139 11 0.6265 0.7631 0 0 5.974 -21.001 -40.924
1 140 16 0.6807 0.2134 0 0 2.464 -20.581 -42.417
1 141 20 0.7650 -0.045 0 0 0.301 -17.561 -41.675
1 142 11 0.8072 0.2196 0 0 -3.436 -18.189 -41.440
1 143 7 0.7590 -0.710 0 0 -6.202 -15.746 -40.550
1 144 18 0.8012 0.9784 0 0 -9.071 -16.973 -38.422
1 145 17 0.6506 -0.966 0 0 -12.283 -15.976 -36.773
1 146 0 0.7048 0.4700 0 0 -13.400 -17.959 -33.737
1 147 13 0.3915 -0.731 0 0 -16.692 -16.092 -34.177
1 148 18 0.2710 -0.137 0 0 -17.491 -17.171 -37.742
1 149 1 0.4698 -0.178 0 0 -15.345 -20.358 -37.763
1 150 6 0.4638 -0.427 0 0 -13.410 -18.968 -40.756
1 151 9 0.6686 0.0000 0 0 -9.954 -20.590 -40.912
1 152 22 0.8132 -0.104 0 0 -10.349 -22.320 -37.528
1 153 7 0.7168 -0.884 0 0 -9.957 -25.898 -38.772
1 154 3 0.7228 -0.612 0 0 -7.395 -24.652 -41.306
1 155 0 0.9156 0.6705 0 0 -5.218 -23.186 -38.530
1 156 15 0.9216 0.5534 0 0 -5.294 -26.289 -36.324
1 157 20 0.7469 -0.505 0 0 -5.079 -28.826 -39.193
1 158 18 0.7710 0.0511 0 0 -2.220 -26.905 -40.804
1 159 12 0.8734 0.7840 0 0 -0.396 -27.104 -37.464
1 160 22 0.6927 -0.371 0 0 -0.903 -30.897 -37.526
1 161 1 0.4939 -0.098 0 0 0.497 -30.937 -41.097
1 162 7 0.5903 0.2698 0 0 3.474 -28.851 -39.892
1 163 11 0.5240 0.5489 0 0 4.231 -31.433 -37.186
1 164 1 0.2469 0.0969 0 0 4.053 -34.117 -39.928
1 165 6 0.1445 0.3403 0 0 6.667 -32.261 -41.994
1 166 10 0.1746 0.1635 0 0 8.937 -32.183 -38.938
