1 1 14 0.0060 0.3035 0 0 -3.793 -43.567 -32.799
1 2 18 0.0421 0.2098 0 0 -1.457 -40.583 -33.086
1 3 7 0.1987 0.0603 0 0 -1.828 -37.890 -30.462
1 4 20 0.5180 -0.241 0 0 -0.953 -34.318 -31.375
1 5 13 0.6686 -0.867 0 0 -0.040 -32.002 -28.522
1 6 12 0.9036 0.1230 0 0 -1.111 -28.541 -29.622
1 7 22 0.9457 -0.646 0 0 -0.595 -25.412 -27.559
1 8 22 0.9879 0.2890 0 0 -2.412 -22.173 -28.197
1 9 22 0.9698 -0.209 0 0 -0.409 -19.118 -27.169
1 10 9 0.9277 0.0000 0 0 -0.592 -15.363 -27.569
1 11 0 0.7891 -0.536 0 0 -1.479 -12.147 -25.774
1 12 9 0.6385 0.0000 0 0 -4.485 -11.766 -23.494
1 13 9 0.6084 0.0000 0 0 -7.773 -11.323 -25.252
1 14 22 0.8192 0.6070 0 0 -6.703 -12.397 -28.725
1 15 9 0.8554 0.0000 0 0 -9.215 -15.229 -28.824
1 16 13 0.9518 0.1347 0 0 -7.171 -18.290 -27.894
1 17 17 0.8373 -0.605 0 0 -9.992 -19.759 -25.858
1 18 0 0.7590 -0.293 0 0 -12.676 -18.762 -28.332
1 19 12 0.8975 0.6786 0 0 -10.679 -20.447 -31.105
1 20 18 0.8795 0.3285 0 0 -10.155 -23.634 -29.149
1 21 11 0.6445 -0.410 0 0 -13.747 -23.795 -27.974
1 22 6 0.5843 -0.413 0 0 -15.015 -23.149 -31.490
1 23 12 0.6927 0.5567 0 0 -12.861 -26.003 -32.784
1 24 11 0.5060 0.3438 0 0 -13.732 -28.478 -30.038
1 25 6 0.2831 0.0442 0 0 -17.258 -27.436 -29.059
1 26 2 0.2349 -0.224 0 0 -18.663 -25.635 -32.097
1 27 10 0.1686 -0.080 0 0 -19.858 -22.465 -30.423
1 28 15 0.3253 0.1599 0 0 -18.520 -18.977 -29.954
1 29 22 0.3072 0.6006 0 0 -17.630 -17.759 -26.497
1 30 3 0.1024 -0.601 0 0 -18.773 -14.118 -26.440
1 31 7 0.0722 -0.325 0 0 -17.676 -13.306 -22.913
1 32 20 0.1867 0.4206 0 0 -14.115 -12.687 -21.852
1 33 3 0.1626 -0.638 0 0 -13.013 -14.989 -19.008
1 34 16 0.3614 -0.794 0 0 -9.205 -14.900 -18.842
1 35 18 0.4698 0.8180 0 0 -7.635 -18.332 -18.884
1 36 11 0.3674 -0.998 0 0 -5.065 -19.712 -16.499
1 37 7 0.5 0.1340 0 0 -4.557 -22.985 -18.351
1 38 3 0.5120 -0.244 0 0 -7.138 -25.378 -19.768
1 39 17 0.5301 -0.519 0 0 -6.894 -28.648 -21.625
1 40 20 0.5361 0.3236 0 0 -9.136 -29.998 -24.384
1 41 1 0.3915 -0.844 0 0 -8.955 -33.432 -26.011
1 42 13 0.2891 0.0601 0 0 -10.873 -34.568 -29.092
1 43 6 0.0903 -0.958 0 0 -10.614 -37.356 -31.595
1 44 22 0.1385 0.9640 0 0 -10.785 -36.118 -35.163
1 45 22 0.0542 -0.976 0 0 -9.996 -37.450 -38.612
1 46 11 0.1506 0.9708 0 0 -7.396 -35.330 -40.362
1 47 3 0.0361 0.4659 0 0 -6.427 -36.250 -43.889
1 48 9 0.0 0.0000 0 0 -7.752 -39.819 -43.349
1 49 7 0.0120 0.4971 0 0 -5.891 -40.296 -40.077
1 50 18 0.0180 -0.720 0 0 -7.806 -40.714 -36.844
1 51 5 0.1265 0.5694 0 0 -6.030 -38.213 -34.564
1 52 12 0.2289 -0.234 0 0 -6.260 -37.386 -30.896
1 53 12 0.5421 0.4452 0 0 -5.870 -33.642 -30.510
1 54 3 0.5783 -0.538 0 0 -4.674 -32.611 -27.095
1 55 11 0.8253 0.4775 0 0 -4.992 -28.835 -26.966
1 56 12 0.8313 -0.470 0 0 -3.589 -26.633 -24.248
1 57 3 0.8734 -0.101 0 0 -5.292 -23.279 -24.020
1 58 18 0.8433 0.5397 0 0 -2.808 -21.021 -22.249
1 59 0 0.6807 -0.935 0 0 -2.852 -17.657 -20.454
1 60 9 0.7289 0.0000 0 0 -2.326 -14.424 -22.365
1 61 6 0.4036 -0.551 0 0 -2.191 -12.454 -19.107
1 62 7 0.2710 -0.270 0 0 1.467 -11.571 -18.585
1 63 7 0.0602 -0.174 0 0 1.131 -12.313 -14.853
1 64 20 0.2228 -0.169 0 0 1.094 -16.035 -15.755
1 65 17 0.3493 -0.557 0 0 4.197 -15.891 -17.991
1 66 0 0.0843 -0.918 0 0 6.170 -18.148 -15.604
1 67 14 0.3012 0.0565 0 0 3.946 -21.033 -16.759
1 68 1 0.4939 0.3310 0 0 5.225 -20.758 -20.348
1 69 3 0.3373 -0.890 0 0 8.380 -22.852 -19.989
1 70 6 0.2650 -0.616 0 0 6.409 -25.858 -18.767
1 71 20 0.5722 0.7087 0 0 3.905 -25.837 -21.608
1 72 14 0.6204 0.3429 0 0 6.509 -25.038 -24.255
1 73 1 0.3554 -0.946 0 0 8.499 -28.063 -23.082
1 74 18 0.4096 -0.011 0 0 5.648 -30.553 -23.598
1 75 9 0.6987 0.0000 0 0 3.827 -29.015 -26.599
1 76 7 0.6626 -0.612 0 0 4.533 -30.458 -30.043
1 77 9 0.8674 0.0000 0 0 3.090 -27.590 -32.058
1 78 15 0.9638 -0.713 0 0 2.100 -24.042 -31.306
1 79 12 0.9939 0.5965 0 0 -0.706 -21.886 -32.553
1 80 5 0.9819 -0.732 0 0 0.679 -18.381 -32.138
1 81 22 0.9759 0.4500 0 0 -2.367 -16.182 -32.064
1 82 15 0.8915 -0.332 0 0 -2.677 -12.430 -32.302
1 83 0 0.7530 -0.415 0 0 -5.739 -10.346 -33.100
1 84 11 0.5240 -0.283 0 0 -5.829 -8.355 -36.334
1 85 2 0.3132 0.1701 0 0 -7.360 -5.448 -34.412
1 86 2 0.3734 0.3547 0 0 -4.614 -5.427 -31.801
1 87 18 0.2771 -0.858 0 0 -1.219 -4.277 -33.017
1 88 13 0.3192 -0.269 0 0 0.377 -4.900 -29.619
1 89 17 0.6265 0.4429 0 0 -0.741 -8.545 -29.756
1 90 15 0.6325 -0.268 0 0 1.016 -8.919 -33.080
1 91 7 0.4216 -0.878 0 0 4.138 -7.314 -31.654
1 92 3 0.5662 -0.256 0 0 3.827 -9.723 -28.714
1 93 11 0.7951 0.6942 0 0 4.176 -12.770 -30.985
1 94 10 0.5542 -0.782 0 0 7.965 -12.576 -31.080
1 95 6 0.4759 0.0138 0 0 8.298 -13.075 -27.286
1 96 20 0.7771 0.4633 0 0 6.260 -16.245 -27.703
1 97 1 0.7349 -0.550 0 0 8.267 -17.528 -30.666
1 98 7 0.4277 -0.666 0 0 11.603 -16.605 -29.087
1 99 6 0.4397 0.0229 0 0 10.729 -18.513 -25.941
1 100 11 0.6144 0.9792 0 0 9.457 -21.507 -27.887
1 101 13 0.3975 -0.556 0 0 12.716 -21.396 -29.897
1 102 1 0.1325 -0.015 0 0 14.762 -21.239 -26.671
1 103 22 0.2048 0.5189 0 0 12.857 -23.975 -24.821
1 104 13 0.2409 0.7613 0 0 12.832 -26.395 -27.720
1 105 3 0.0481 -0.998 0 0 16.357 -25.342 -28.746
1 106 17 0.1144 0.3622 0 0 15.086 -25.363 -32.300
1 107 3 0.1807 -0.372 0 0 14.469 -22.956 -35.146
1 108 3 0.3433 -0.670 0 0 12.134 -25.560 -36.682
1 109 22 0.5602 0.3309 0 0 9.360 -25.940 -34.085
1 110 16 0.7469 -0.536 0 0 5.975 -26.726 -35.638
1 111 14 0.9096 -0.189 0 0 4.004 -23.477 -35.455
1 112 22 0.9397 0.0533 0 0 1.250 -21.605 -37.230
1 113 12 0.9337 -0.642 0 0 0.776 -17.859 -36.994
1 114 22 0.9578 0.6874 0 0 -2.885 -17.005 -36.556
1 115 9 0.8614 0.0000 0 0 -4.424 -13.594 -37.071
1 116 2 0.8493 0.2804 0 0 -7.693 -13.922 -35.240
1 117 13 0.5963 0.1007 0 0 -10.832 -11.731 -35.145
1 118 5 0.4518 -0.347 0 0 -10.795 -11.391 -38.928
1 119 3 0.2108 0.3587 0 0 -14.565 -10.714 -38.765
1 120 12 0.1084 0.3646 0 0 -13.777 -7.341 -37.164
1 121 0 0.0240 -0.924 0 0 -13.253 -4.300 -39.326
1 122 0 0.0301 -0.062 0 0 -10.917 -2.350 -37.023
1 123 1 0.0783 0.4573 0 0 -7.875 -3.985 -38.585
1 124 18 0.0662 -0.016 0 0 -4.481 -2.582 -37.638
1 125 22 0.2590 0.8568 0 0 -2.440 -5.621 -38.689
1 126 7 0.1204 -0.905 0 0 -2.576 -6.098 -42.458
1 127 17 0.2951 -0.021 0 0 -2.375 -9.612 -43.805
1 128 1 0.0963 -0.728 0 0 0.915 -8.888 -45.554
1 129 6 0.1746 -0.358 0 0 2.611 -7.743 -42.318
1 130 0 0.4879 0.6408 0 0 1.689 -11.041 -40.718
1 131 6 0.4156 -0.505 0 0 2.641 -13.053 -43.802
1 132 3 0.1927 -0.847 0 0 6.089 -11.453 -43.563
1 133 12 0.4337 0.5799 0 0 6.465 -12.393 -39.916
1 134 0 0.6024 0.4308 0 0 5.368 -15.990 -40.550
1 135 1 0.3313 -0.744 0 0 7.765 -16.183 -43.500
1 136 17 0.2168 0.2865 0 0 10.642 -15.164 -41.235
1 137 20 0.4457 0.5507 0 0 9.742 -18.037 -38.896
1 138 9 0.3855 0.0000 0 0 9.249 -20.518 -41.742
1 139 11 0.6566 0.7665 0 0 5.609 -21.050 -40.838
1 140 16 0.7108 0.2178 0 0 2.155 -20.528 -42.318
1 141 20 0.7831 -0.068 0 0 -0.018 -17.540 -41.584
1 142 11 0.8072 0.3609 0 0 -3.743 -18.157 -41.340
1 143 7 0.7650 -0.694 0 0 -6.525 -15.718 -40.516
1 144 18 0.8012 0.9743 0 0 -9.366 -16.858 -38.347
1 145 17 0.6506 -0.974 0 0 -12.529 -15.745 -36.712
1 146 0 0.6867 0.4664 0 0 -13.609 -17.709 -33.675
1 147 13 0.3795 -0.751 0 0 -16.925 -15.839 -34.063
1 148 18 0.2469 -0.098 0 0 -17.798 -16.969 -37.598
1 149 1 0.4638 -0.062 0 0 -15.575 -20.087 -37.535
1 150 6 0.4578 -0.273 0 0 -13.678 -18.811 -40.598
1 151 9 0.6746 0.0000 0 0 -10.286 -20.490 -40.750
1 152 22 0.8132 -0.069 0 0 -10.621 -22.180 -37.372
1 153 7 0.7168 -0.902 0 0 -10.341 -25.781 -38.543
1 154 3 0.7228 -0.582 0 0 -7.771 -24.705 -41.102
1 155 0 0.9156 0.6639 0 0 -5.578 -23.160 -38.413
1 156 15 0.9216 0.5321 0 0 -5.620 -26.178 -36.139
1 157 20 0.7409 -0.565 0 0 -5.561 -28.936 -38.690
1 158 18 0.7710 0.1956 0 0 -2.725 -27.110 -40.431
1 159 12 0.8855 0.5510 0 0 -0.717 -26.973 -37.241
1 160 22 0.7048 -0.481 0 0 -1.069 -30.741 -37.443
1 161 1 0.4819 -0.152 0 0 0.205 -30.763 -41.000
1 162 7 0.5903 0.3116 0 0 3.219 -28.746 -39.888
1 163 11 0.5481 0.3221 0 0 3.943 -31.216 -37.083
1 164 1 0.2530 -0.029 0 0 3.775 -34.005 -39.661
1 165 6 0.1445 0.0953 0 0 6.473 -32.269 -41.706
1 166 10 0.1566 0.5054 0 0 8.819 -32.280 -38.753
