1 1 14 0.0 0.3151 0 0 -36.103 76.484 -77.595
1 2 18 0.0421 0.2033 0 0 -34.680 73.047 -78.260
1 3 7 0.1987 0.0352 0 0 -32.092 71.813 -75.770
1 4 20 0.5180 -0.258 0 0 -29.428 69.207 -76.612
1 5 13 0.6746 -0.859 0 0 -27.776 67.254 -73.810
1 6 12 0.9036 0.0848 0 0 -24.208 66.472 -74.877
1 7 22 0.9518 -0.645 0 0 -21.785 64.454 -72.773
1 8 22 0.9879 0.2848 0 0 -18.061 64.394 -73.429
1 9 22 0.9698 -0.191 0 0 -16.385 61.112 -72.443
1 10 9 0.9277 0.0000 0 0 -12.969 59.495 -72.816
1 11 0 0.7891 -0.534 0 0 -9.772 58.545 -70.991
1 12 9 0.6325 0.0000 0 0 -7.822 60.927 -68.759
1 13 9 0.6144 0.0000 0 0 -5.846 63.615 -70.527
1 14 22 0.8192 0.6287 0 0 -7.290 63.199 -74.016
1 15 9 0.8554 0.0000 0 0 -8.513 66.801 -74.060
1 16 13 0.9457 0.1563 0 0 -12.198 66.613 -73.133
1 17 17 0.8313 -0.622 0 0 -12.072 69.819 -71.055
1 18 0 0.7590 -0.275 0 0 -9.852 71.633 -73.524
1 19 12 0.8975 0.7014 0 0 -12.290 70.814 -76.343
1 20 18 0.8795 0.3103 0 0 -15.336 71.901 -74.379
1 21 11 0.6506 -0.445 0 0 -13.677 75.090 -73.176
1 22 6 0.5843 -0.435 0 0 -12.464 75.918 -76.721
1 23 12 0.6927 0.5632 0 0 -16.039 75.518 -77.997
1 24 11 0.5120 0.3111 0 0 -17.777 77.484 -75.243
1 25 6 0.2831 0.0665 0 0 -15.134 80.049 -74.245
1 26 2 0.2349 -0.208 0 0 -12.839 80.287 -77.257
1 27 10 0.1626 -0.097 0 0 -9.469 79.833 -75.597
1 28 15 0.3132 0.1703 0 0 -7.088 76.897 -75.156
1 29 22 0.2951 0.3459 0 0 -6.432 75.528 -71.670
1 30 3 0.1084 -0.610 0 0 -2.702 74.567 -71.687
1 31 7 0.0602 -0.327 0 0 -2.478 73.321 -68.130
1 32 20 0.1867 0.4327 0 0 -3.747 69.930 -67.008
1 33 3 0.1566 -0.640 0 0 -6.313 69.934 -64.137
1 34 16 0.3614 -0.820 0 0 -8.175 66.610 -64.001
1 35 18 0.4698 0.8096 0 0 -11.956 67.002 -64.055
1 36 11 0.3674 -0.996 0 0 -14.447 65.472 -61.638
1 37 7 0.5 0.1267 0 0 -17.557 66.653 -63.473
1 38 3 0.5060 -0.249 0 0 -18.396 70.111 -64.833
1 39 17 0.5240 -0.537 0 0 -21.308 71.538 -66.736
1 40 20 0.5361 0.3078 0 0 -21.409 74.171 -69.500
1 41 1 0.3975 -0.538 0 0 -24.391 75.780 -71.208
1 42 13 0.3072 0.0906 0 0 -24.567 78.017 -74.276
1 43 6 0.1024 -0.961 0 0 -27.219 79.231 -76.718
1 44 22 0.1385 0.9883 0 0 -26.081 78.827 -80.308
1 45 22 0.0542 -0.972 0 0 -27.582 78.760 -83.799
1 46 11 0.1445 0.9731 0 0 -27.040 75.465 -85.641
1 47 3 0.0361 0.6650 0 0 -28.480 75.104 -89.163
1 48 9 0.0060 0.0000 0 0 -30.978 77.883 -88.617
1 49 7 0.0120 0.5057 0 0 -32.172 76.621 -85.275
1 50 18 0.0180 -0.704 0 0 -31.569 78.501 -82.069
1 51 5 0.0903 0.6809 0 0 -30.779 75.883 -79.490
1 52 12 0.2289 -0.322 0 0 -29.271 75.384 -76.081
1 53 12 0.5481 0.4082 0 0 -26.211 73.166 -75.766
1 54 3 0.5783 -0.398 0 0 -25.991 71.627 -72.341
1 55 11 0.8253 0.4716 0 0 -22.564 69.995 -72.137
1 56 12 0.8373 -0.501 0 0 -21.239 67.667 -69.470
1 57 3 0.8734 -0.130 0 0 -17.463 67.483 -69.197
1 58 18 0.8433 0.5350 0 0 -16.792 64.151 -67.445
1 59 0 0.6807 -0.934 0 0 -13.908 62.426 -65.624
1 60 9 0.7289 0.0000 0 0 -11.309 60.458 -67.551
1 61 6 0.4096 -0.609 0 0 -9.616 59.239 -64.362
1 62 7 0.2710 -0.058 0 0 -10.787 55.673 -63.791
1 63 7 0.0662 -0.088 0 0 -11.150 56.425 -60.067
1 64 20 0.2168 -0.168 0 0 -14.427 58.187 -60.919
1 65 17 0.3493 -0.563 0 0 -15.896 55.422 -63.124
1 66 0 0.0843 -0.883 0 0 -18.791 54.940 -60.691
1 67 14 0.3012 0.0502 0 0 -20.239 58.286 -61.866
1 68 1 0.4939 0.3347 0 0 -20.646 57.087 -65.462
1 69 3 0.3373 -0.859 0 0 -23.978 55.326 -65.070
1 70 6 0.2590 -0.560 0 0 -25.707 58.499 -63.895
1 71 20 0.5602 0.7173 0 0 -24.473 60.736 -66.687
1 72 14 0.6204 0.3532 0 0 -25.060 58.057 -69.325
1 73 1 0.3554 -0.710 0 0 -28.694 57.807 -68.201
1 74 18 0.4156 -0.223 0 0 -29.252 61.546 -68.692
1 75 9 0.6987 0.0000 0 0 -27.162 62.276 -71.821
1 76 7 0.6626 -0.615 0 0 -28.734 62.467 -75.282
1 77 9 0.8674 0.0000 0 0 -25.524 62.344 -77.311
1 78 15 0.9638 -0.718 0 0 -21.941 61.348 -76.545
1 79 12 0.9939 0.5522 0 0 -18.692 62.793 -77.853
1 80 5 0.9819 -0.756 0 0 -16.321 59.830 -77.453
1 81 22 0.9759 0.4480 0 0 -12.838 61.325 -77.404
1 82 15 0.8915 -0.326 0 0 -9.395 59.709 -77.663
1 83 0 0.7530 -0.395 0 0 -6.053 61.334 -78.442
1 84 11 0.5301 -0.152 0 0 -4.314 60.426 -81.692
1 85 2 0.3313 0.1413 0 0 -1.016 60.195 -79.774
1 86 2 0.3915 0.3351 0 0 -2.434 57.875 -77.142
1 87 18 0.2771 -0.882 0 0 -3.087 54.376 -78.419
1 88 13 0.3192 -0.431 0 0 -4.374 53.219 -75.066
1 89 17 0.6265 0.4490 0 0 -6.992 56.013 -75.085
1 90 15 0.6385 -0.270 0 0 -8.222 54.765 -78.467
1 91 7 0.4277 -0.878 0 0 -8.487 51.242 -77.068
1 92 3 0.5722 -0.259 0 0 -10.375 52.647 -74.033
1 93 11 0.7951 0.6706 0 0 -13.151 53.926 -76.326
1 94 10 0.5421 -0.828 0 0 -14.792 50.514 -76.519
1 95 6 0.4759 -0.009 0 0 -15.399 50.407 -72.727
1 96 20 0.7710 0.4755 0 0 -17.225 53.747 -72.975
1 97 1 0.7349 -0.553 0 0 -19.296 52.689 -75.992
1 98 7 0.4216 -0.666 0 0 -20.237 49.396 -74.322
1 99 6 0.4337 0.0490 0 0 -21.423 51.049 -71.128
1 100 11 0.6084 0.9708 0 0 -23.418 53.640 -73.070
1 101 13 0.3855 -0.410 0 0 -24.970 50.792 -75.031
1 102 1 0.1325 0.0623 0 0 -25.985 48.908 -71.860
1 103 22 0.2048 0.5455 0 0 -27.285 51.979 -70.072
1 104 13 0.2469 0.7644 0 0 -29.284 53.250 -73.038
1 105 3 0.0481 -0.994 0 0 -30.254 49.689 -73.798
1 106 17 0.1204 0.3672 0 0 -29.675 50.680 -77.396
1 107 3 0.1686 -0.378 0 0 -27.441 50.065 -80.352
1 108 3 0.3253 -0.868 0 0 -28.448 53.388 -81.926
1 109 22 0.5662 0.3267 0 0 -27.266 56.003 -79.432
1 110 16 0.7409 -0.524 0 0 -26.252 59.327 -81.032
1 111 14 0.9096 -0.184 0 0 -22.423 59.494 -80.839
1 112 22 0.9397 0.0683 0 0 -19.404 60.941 -82.636
1 113 12 0.9337 -0.642 0 0 -15.908 59.469 -82.377
1 114 22 0.9578 0.6723 0 0 -13.302 62.219 -81.899
1 115 9 0.8614 0.0000 0 0 -9.564 61.860 -82.478
1 116 2 0.8493 0.2896 0 0 -8.174 64.877 -80.607
1 117 13 0.5903 0.0907 0 0 -4.698 66.483 -80.466
1 118 5 0.4457 0.3056 0 0 -4.393 66.312 -84.274
1 119 3 0.2108 0.3459 0 0 -1.953 69.209 -84.127
1 120 12 0.1144 0.3381 0 0 0.614 66.814 -82.552
1 121 0 0.0240 -0.931 0 0 2.970 64.802 -84.729
1 122 0 0.0301 -0.067 0 0 3.436 61.824 -82.439
1 123 1 0.0783 0.4443 0 0 0.513 59.971 -84.001
1 124 18 0.0722 0.0096 0 0 0.046 56.320 -83.091
1 125 22 0.2530 0.8622 0 0 -3.600 56.102 -84.158
1 126 7 0.1265 -0.908 0 0 -4.018 56.472 -87.930
1 127 17 0.2891 -0.044 0 0 -7.216 58.042 -89.313
1 128 1 0.0963 -0.762 0 0 -8.266 54.843 -91.092
1 129 6 0.1746 -0.395 0 0 -8.130 52.786 -87.868
1 130 0 0.4879 0.6339 0 0 -10.465 55.249 -86.138
1 131 6 0.4036 -0.513 0 0 -12.671 55.499 -89.232
1 132 3 0.1927 -0.872 0 0 -13.070 51.713 -89.021
1 133 12 0.4397 0.5732 0 0 -14.011 51.819 -85.338
1 134 0 0.5963 0.4567 0 0 -16.622 54.536 -85.940
1 135 1 0.3433 -0.830 0 0 -18.009 52.623 -88.908
1 136 17 0.2228 0.2093 0 0 -18.621 49.589 -86.655
1 137 20 0.4638 0.5425 0 0 -20.542 51.810 -84.247
1 138 9 0.3734 0.0000 0 0 -22.548 53.400 -87.055
1 139 11 0.6566 0.7594 0 0 -21.121 56.858 -86.240
1 140 16 0.7048 0.2592 0 0 -18.932 59.611 -87.774
1 141 20 0.7831 -0.065 0 0 -15.231 60.098 -87.020
1 142 11 0.8072 0.2571 0 0 -13.845 63.604 -86.838
1 143 7 0.7650 -0.689 0 0 -10.347 64.769 -85.892
1 144 18 0.8012 0.9742 0 0 -9.893 67.813 -83.691
1 145 17 0.6445 -0.979 0 0 -7.338 70.038 -82.046
1 146 0 0.6867 0.4511 0 0 -8.471 72.007 -78.989
1 147 13 0.3795 -0.757 0 0 -5.178 73.855 -79.340
1 148 18 0.2409 -0.155 0 0 -5.706 75.176 -82.883
1 149 1 0.4578 -0.192 0 0 -9.543 74.921 -82.868
1 150 6 0.4518 -0.320 0 0 -9.433 72.641 -85.920
1 151 9 0.6686 0.0000 0 0 -12.614 70.550 -86.079
1 152 22 0.8132 -0.085 0 0 -13.851 71.635 -82.660
1 153 7 0.7168 -0.910 0 0 -17.148 73.216 -83.750
1 154 3 0.7228 -0.762 0 0 -17.574 70.514 -86.396
1 155 0 0.9156 0.6634 0 0 -17.334 67.762 -83.741
1 156 15 0.9216 0.5331 0 0 -19.920 69.273 -81.425
1 157 20 0.7469 -0.512 0 0 -22.276 70.384 -84.204
1 158 18 0.7771 0.0560 0 0 -22.064 66.971 -85.852
1 159 12 0.8855 0.7720 0 0 -23.159 65.419 -82.548
1 160 22 0.7108 -0.418 0 0 -26.247 67.699 -82.599
1 161 1 0.4819 -0.111 0 0 -26.956 66.617 -86.179
1 162 7 0.6024 0.2654 0 0 -26.700 62.951 -85.087
1 163 11 0.5542 0.5367 0 0 -29.101 63.464 -82.223
1 164 1 0.2650 0.0670 0 0 -31.485 64.962 -84.840
1 165 6 0.1506 0.3312 0 0 -31.357 61.801 -86.957
1 166 10 0.1807 0.2756 0 0 -32.495 59.899 -83.863
