1 1 14 0.0 0.3938 0 0 -36.287 76.424 -77.608
1 2 18 0.0421 0.1818 0 0 -34.614 73.090 -78.245
1 3 7 0.1927 0.0031 0 0 -32.144 71.856 -75.658
1 4 20 0.5180 -0.237 0 0 -29.492 69.238 -76.458
1 5 13 0.6746 -0.861 0 0 -27.799 67.321 -73.659
1 6 12 0.9036 0.0830 0 0 -24.261 66.436 -74.743
1 7 22 0.9457 -0.598 0 0 -21.854 64.445 -72.580
1 8 22 0.9879 0.2888 0 0 -18.116 64.445 -73.280
1 9 22 0.9698 -0.242 0 0 -16.381 61.151 -72.411
1 10 9 0.9277 0.0000 0 0 -12.950 59.545 -72.778
1 11 0 0.7891 -0.570 0 0 -9.763 58.631 -70.866
1 12 9 0.6325 0.0000 0 0 -7.807 61.008 -68.645
1 13 9 0.6084 0.0000 0 0 -5.906 63.729 -70.392
1 14 22 0.8192 0.6427 0 0 -7.284 63.276 -73.905
1 15 9 0.8554 0.0000 0 0 -8.602 66.859 -73.877
1 16 13 0.9518 0.1264 0 0 -12.312 66.657 -73.037
1 17 17 0.8373 -0.605 0 0 -12.069 69.830 -70.982
1 18 0 0.7590 -0.285 0 0 -9.911 71.720 -73.484
1 19 12 0.8975 0.6886 0 0 -12.356 70.828 -76.290
1 20 18 0.8795 0.3012 0 0 -15.426 71.934 -74.332
1 21 11 0.6566 -0.441 0 0 -13.772 75.124 -73.073
1 22 6 0.5843 -0.417 0 0 -12.505 76.014 -76.560
1 23 12 0.6927 0.5508 0 0 -16.029 75.578 -77.922
1 24 11 0.5060 0.3207 0 0 -17.835 77.575 -75.177
1 25 6 0.2891 0.0503 0 0 -15.172 80.103 -74.132
1 26 2 0.2349 -0.197 0 0 -12.948 80.374 -77.190
1 27 10 0.1626 -0.099 0 0 -9.571 79.890 -75.521
1 28 15 0.3253 0.1945 0 0 -7.134 76.975 -75.101
1 29 22 0.2951 0.3715 0 0 -6.445 75.598 -71.614
1 30 3 0.1144 -0.612 0 0 -2.722 74.645 -71.583
1 31 7 0.0722 -0.339 0 0 -2.556 73.347 -68.048
1 32 20 0.1807 0.4564 0 0 -3.863 69.982 -66.930
1 33 3 0.1686 -0.655 0 0 -6.406 70.041 -64.098
1 34 16 0.3554 -0.821 0 0 -8.201 66.669 -63.882
1 35 18 0.4698 0.8203 0 0 -11.989 67.053 -63.968
1 36 11 0.3674 -0.996 0 0 -14.490 65.511 -61.587
1 37 7 0.5 0.1133 0 0 -17.632 66.685 -63.368
1 38 3 0.5120 -0.263 0 0 -18.499 70.149 -64.775
1 39 17 0.5301 -0.499 0 0 -21.447 71.605 -66.647
1 40 20 0.5361 0.3093 0 0 -21.473 74.244 -69.403
1 41 1 0.3975 -0.493 0 0 -24.398 75.865 -71.201
1 42 13 0.3072 0.1024 0 0 -24.543 78.132 -74.234
1 43 6 0.1024 -0.961 0 0 -27.280 79.230 -76.607
1 44 22 0.1385 0.9894 0 0 -26.177 78.858 -80.223
1 45 22 0.0542 -0.968 0 0 -27.657 78.832 -83.725
1 46 11 0.1445 0.9632 0 0 -27.160 75.548 -85.606
1 47 3 0.0361 0.7032 0 0 -28.566 75.130 -89.125
1 48 9 0.0060 0.0000 0 0 -30.903 78.055 -88.525
1 49 7 0.0120 0.4805 0 0 -32.223 76.614 -85.272
1 50 18 0.0180 -0.726 0 0 -31.683 78.560 -82.053
1 51 5 0.0843 0.6894 0 0 -30.893 76.039 -79.367
1 52 12 0.2289 -0.252 0 0 -29.321 75.449 -75.987
1 53 12 0.5542 0.4443 0 0 -26.272 73.251 -75.625
1 54 3 0.5783 -0.446 0 0 -26.105 71.595 -72.265
1 55 11 0.8253 0.4735 0 0 -22.661 70.070 -72.029
1 56 12 0.8313 -0.486 0 0 -21.414 67.766 -69.335
1 57 3 0.8734 -0.092 0 0 -17.624 67.579 -69.059
1 58 18 0.8433 0.5416 0 0 -16.879 64.227 -67.362
1 59 0 0.6807 -0.949 0 0 -13.965 62.606 -65.525
1 60 9 0.7289 0.0000 0 0 -11.439 60.514 -67.390
1 61 6 0.4096 -0.570 0 0 -9.682 59.333 -64.231
1 62 7 0.2710 -0.035 0 0 -10.905 55.802 -63.561
1 63 7 0.0602 -0.048 0 0 -11.337 56.408 -59.832
1 64 20 0.2168 -0.175 0 0 -14.488 58.308 -60.791
1 65 17 0.3493 -0.602 0 0 -15.880 55.570 -63.067
1 66 0 0.0903 -0.853 0 0 -18.689 55.061 -60.537
1 67 14 0.2831 0.0410 0 0 -20.294 58.341 -61.698
1 68 1 0.4819 0.3237 0 0 -20.589 57.142 -65.302
1 69 3 0.3433 -0.859 0 0 -23.998 55.465 -64.963
1 70 6 0.2650 -0.484 0 0 -25.690 58.674 -63.790
1 71 20 0.5662 0.6856 0 0 -24.599 60.909 -66.658
1 72 14 0.6265 0.3544 0 0 -25.011 58.167 -69.252
1 73 1 0.3614 -0.992 0 0 -28.673 57.940 -68.178
1 74 18 0.4156 -0.177 0 0 -29.228 61.693 -68.557
1 75 9 0.6987 0.0000 0 0 -27.302 62.529 -71.738
1 76 7 0.6626 -0.616 0 0 -28.849 62.606 -75.212
1 77 9 0.8674 0.0000 0 0 -25.617 62.420 -77.242
1 78 15 0.9638 -0.722 0 0 -22.054 61.368 -76.415
1 79 12 0.9939 0.5689 0 0 -18.790 62.796 -77.720
1 80 5 0.9819 -0.756 0 0 -16.356 59.874 -77.390
1 81 22 0.9759 0.4520 0 0 -12.880 61.393 -77.291
1 82 15 0.8915 -0.338 0 0 -9.447 59.849 -77.608
1 83 0 0.7530 -0.434 0 0 -6.074 61.476 -78.327
1 84 11 0.5240 -0.174 0 0 -4.309 60.551 -81.597
1 85 2 0.3192 0.1552 0 0 -0.992 60.267 -79.702
1 86 2 0.3795 0.3078 0 0 -2.392 57.921 -77.082
1 87 18 0.2771 -0.885 0 0 -3.151 54.405 -78.231
1 88 13 0.3132 -0.255 0 0 -4.391 53.254 -74.847
1 89 17 0.6204 0.4443 0 0 -6.999 56.061 -74.908
1 90 15 0.6385 -0.285 0 0 -8.251 54.858 -78.314
1 91 7 0.4277 -0.880 0 0 -8.483 51.318 -76.944
1 92 3 0.5722 -0.274 0 0 -10.468 52.640 -73.943
1 93 11 0.7951 0.6922 0 0 -13.203 53.952 -76.260
1 94 10 0.5421 -0.841 0 0 -14.830 50.537 -76.451
1 95 6 0.4759 -0.863 0 0 -15.394 50.457 -72.668
1 96 20 0.7710 0.4603 0 0 -17.219 53.799 -72.859
1 97 1 0.7349 -0.536 0 0 -19.368 52.737 -75.839
1 98 7 0.4216 -0.658 0 0 -20.271 49.424 -74.164
1 99 6 0.4397 0.0698 0 0 -21.462 51.125 -70.985
1 100 11 0.6144 0.9632 0 0 -23.415 53.751 -72.918
1 101 13 0.3915 -0.405 0 0 -24.948 50.900 -74.907
1 102 1 0.1325 0.0170 0 0 -25.933 48.999 -71.745
1 103 22 0.1987 0.5512 0 0 -27.264 52.019 -69.861
1 104 13 0.2469 0.7479 0 0 -29.289 53.270 -72.834
1 105 3 0.0481 -0.996 0 0 -30.329 49.696 -73.639
1 106 17 0.1204 0.3799 0 0 -29.663 50.712 -77.237
1 107 3 0.2228 -0.691 0 0 -27.139 50.442 -80.002
1 108 3 0.3373 -0.864 0 0 -28.473 53.481 -81.845
1 109 22 0.5602 0.3515 0 0 -27.293 56.054 -79.280
1 110 16 0.7409 -0.524 0 0 -26.278 59.364 -80.896
1 111 14 0.9096 -0.189 0 0 -22.469 59.574 -80.693
1 112 22 0.9397 0.0869 0 0 -19.457 60.996 -82.516
1 113 12 0.9337 -0.635 0 0 -15.964 59.503 -82.224
1 114 22 0.9578 0.6919 0 0 -13.330 62.227 -81.751
1 115 9 0.8614 0.0000 0 0 -9.582 61.973 -82.276
1 116 2 0.8493 0.2782 0 0 -8.216 65.021 -80.470
1 117 13 0.5903 0.1144 0 0 -4.734 66.638 -80.403
1 118 5 0.4457 0.2904 0 0 -4.441 66.321 -84.204
1 119 3 0.2048 0.3522 0 0 -1.987 69.221 -84.023
1 120 12 0.1084 0.3611 0 0 0.659 66.939 -82.461
1 121 0 0.0240 -0.939 0 0 2.956 64.917 -84.712
1 122 0 0.0301 0.0255 0 0 3.377 61.967 -82.346
1 123 1 0.0783 0.4538 0 0 0.501 60.072 -83.968
1 124 18 0.0662 -0.058 0 0 0.019 56.416 -82.984
1 125 22 0.2530 0.8703 0 0 -3.655 56.146 -83.994
1 126 7 0.1265 -0.897 0 0 -4.045 56.502 -87.778
1 127 17 0.3012 -0.042 0 0 -7.230 58.063 -89.154
1 128 1 0.0963 -0.687 0 0 -8.291 54.884 -90.958
1 129 6 0.1746 -0.376 0 0 -8.226 52.819 -87.737
1 130 0 0.4939 0.6159 0 0 -10.532 55.324 -86.031
1 131 6 0.4036 -0.495 0 0 -12.720 55.497 -89.140
1 132 3 0.1867 -0.858 0 0 -13.137 51.701 -88.949
1 133 12 0.4337 0.5909 0 0 -14.019 51.818 -85.254
1 134 0 0.5963 0.4925 0 0 -16.642 54.551 -85.834
1 135 1 0.3313 -0.814 0 0 -18.035 52.627 -88.812
1 136 17 0.2108 0.2195 0 0 -18.674 49.603 -86.555
1 137 20 0.4518 0.5489 0 0 -20.675 51.853 -84.214
1 138 9 0.3734 0.0000 0 0 -22.483 53.460 -87.165
1 139 11 0.6506 0.7754 0 0 -21.161 56.909 -86.190
1 140 16 0.7048 0.2845 0 0 -18.985 59.704 -87.655
1 141 20 0.7771 -0.055 0 0 -15.266 60.067 -86.952
1 142 11 0.8072 0.2587 0 0 -13.948 63.624 -86.641
1 143 7 0.7650 -0.687 0 0 -10.441 64.822 -85.800
1 144 18 0.8012 0.9694 0 0 -9.926 67.856 -83.614
1 145 17 0.6445 -0.976 0 0 -7.388 70.070 -81.954
1 146 0 0.6867 0.4377 0 0 -8.470 71.988 -78.861
1 147 13 0.3855 -0.743 0 0 -5.218 73.927 -79.296
1 148 18 0.2409 -0.160 0 0 -5.818 75.252 -82.833
1 149 1 0.4638 -0.209 0 0 -9.643 75.010 -82.780
1 150 6 0.4578 -0.316 0 0 -9.467 72.693 -85.785
1 151 9 0.6686 0.0000 0 0 -12.655 70.636 -85.982
1 152 22 0.8132 -0.121 0 0 -13.950 71.714 -82.576
1 153 7 0.7108 -0.900 0 0 -17.246 73.260 -83.710
1 154 3 0.7228 -0.768 0 0 -17.749 70.516 -86.291
1 155 0 0.9156 0.6663 0 0 -17.441 67.776 -83.653
1 156 15 0.9216 0.5326 0 0 -20.053 69.211 -81.291
1 157 20 0.7469 -0.509 0 0 -22.378 70.402 -84.089
1 158 18 0.7831 0.0634 0 0 -22.151 66.992 -85.737
1 159 12 0.8855 0.7648 0 0 -23.168 65.442 -82.408
1 160 22 0.7168 -0.423 0 0 -26.229 67.731 -82.432
1 161 1 0.4879 -0.124 0 0 -27.035 66.674 -86.014
1 162 7 0.6024 0.2571 0 0 -26.767 63.008 -84.897
1 163 11 0.5481 0.5113 0 0 -29.231 63.548 -82.056
1 164 1 0.2590 0.0563 0 0 -31.560 65.059 -84.699
1 165 6 0.1566 0.3194 0 0 -31.283 61.985 -86.940
1 166 10 0.1506 0.6404 0 0 -32.699 59.933 -84.085
