1 1 14 0.0060 0.3011 0 0 -35.848 76.579 -78.424
1 2 18 0.0421 0.1928 0 0 -34.524 73.024 -78.581
1 3 7 0.2048 0.0783 0 0 -32.072 71.856 -75.933
1 4 20 0.5120 -0.247 0 0 -29.455 69.218 -76.774
1 5 13 0.6686 -0.835 0 0 -27.866 67.270 -73.947
1 6 12 0.8975 0.1019 0 0 -24.302 66.406 -74.962
1 7 22 0.9457 -0.634 0 0 -21.830 64.383 -72.939
1 8 22 0.9879 0.3236 0 0 -18.089 64.227 -73.570
1 9 22 0.9698 -0.223 0 0 -16.364 60.994 -72.514
1 10 9 0.9277 0.0000 0 0 -12.992 59.290 -72.957
1 11 0 0.7891 -0.551 0 0 -9.745 58.397 -71.165
1 12 9 0.6265 0.0000 0 0 -7.855 60.779 -68.887
1 13 9 0.6084 0.0000 0 0 -5.929 63.492 -70.650
1 14 22 0.8192 0.6239 0 0 -7.335 63.059 -74.159
1 15 9 0.8554 0.0000 0 0 -8.570 66.656 -74.089
1 16 13 0.9518 0.1423 0 0 -12.289 66.469 -73.281
1 17 17 0.8373 -0.638 0 0 -12.135 69.671 -71.230
1 18 0 0.7590 -0.276 0 0 -9.919 71.471 -73.698
1 19 12 0.9036 0.6928 0 0 -12.380 70.651 -76.506
1 20 18 0.8795 0.3093 0 0 -15.420 71.759 -74.536
1 21 11 0.6506 -0.449 0 0 -13.773 74.953 -73.349
1 22 6 0.5903 -0.423 0 0 -12.541 75.757 -76.868
1 23 12 0.6987 0.5553 0 0 -16.073 75.330 -78.207
1 24 11 0.5180 0.3436 0 0 -17.782 77.325 -75.467
1 25 6 0.2951 0.0480 0 0 -15.175 79.890 -74.417
1 26 2 0.2349 -0.203 0 0 -12.923 80.165 -77.476
1 27 10 0.1807 -0.108 0 0 -9.561 79.658 -75.781
1 28 15 0.3373 0.1691 0 0 -7.135 76.761 -75.341
1 29 22 0.3012 0.3369 0 0 -6.471 75.418 -71.851
1 30 3 0.1084 -0.617 0 0 -2.754 74.486 -71.801
1 31 7 0.0722 -0.326 0 0 -2.585 73.178 -68.255
1 32 20 0.1927 0.3803 0 0 -3.838 69.791 -67.146
1 33 3 0.1626 -0.622 0 0 -6.355 69.849 -64.299
1 34 16 0.3554 -0.800 0 0 -8.193 66.497 -64.197
1 35 18 0.4698 0.8188 0 0 -11.980 66.908 -64.175
1 36 11 0.3734 -0.999 0 0 -14.565 65.457 -61.793
1 37 7 0.4939 0.1194 0 0 -17.686 66.638 -63.611
1 38 3 0.5060 -0.245 0 0 -18.492 70.084 -64.990
1 39 17 0.5301 -0.457 0 0 -21.426 71.434 -66.965
1 40 20 0.5361 0.2924 0 0 -21.405 74.053 -69.742
1 41 1 0.3975 -0.598 0 0 -24.406 75.674 -71.374
1 42 13 0.3132 0.1109 0 0 -24.514 77.895 -74.470
1 43 6 0.1024 -0.963 0 0 -27.093 79.168 -76.942
1 44 22 0.1385 0.9752 0 0 -25.995 78.699 -80.560
1 45 22 0.0542 -0.974 0 0 -27.540 78.655 -84.022
1 46 11 0.1445 0.9743 0 0 -26.982 75.385 -85.878
1 47 3 0.0361 0.6715 0 0 -28.426 74.919 -89.381
1 48 9 0.0 0.0000 0 0 -30.784 77.845 -88.867
1 49 7 0.0120 0.4663 0 0 -32.095 76.490 -85.560
1 50 18 0.0180 -0.712 0 0 -31.499 78.373 -82.337
1 51 5 0.0963 0.6436 0 0 -30.672 75.818 -79.693
1 52 12 0.2289 -0.307 0 0 -29.205 75.392 -76.251
1 53 12 0.5481 0.4143 0 0 -26.236 73.109 -75.869
1 54 3 0.5783 -0.360 0 0 -25.973 71.571 -72.443
1 55 11 0.8253 0.5127 0 0 -22.596 69.841 -72.316
1 56 12 0.8313 -0.472 0 0 -21.351 67.600 -69.552
1 57 3 0.8734 -0.103 0 0 -17.566 67.373 -69.333
1 58 18 0.8433 0.4986 0 0 -16.835 64.064 -67.589
1 59 0 0.6807 -0.957 0 0 -13.850 62.503 -65.854
1 60 9 0.7289 0.0000 0 0 -11.351 60.322 -67.671
1 61 6 0.4036 -0.580 0 0 -9.707 59.240 -64.410
1 62 7 0.2771 -0.141 0 0 -10.926 55.674 -63.883
1 63 7 0.0602 -0.182 0 0 -11.251 56.460 -60.172
1 64 20 0.2108 -0.161 0 0 -14.553 58.146 -61.033
1 65 17 0.3493 -0.588 0 0 -15.951 55.376 -63.248
1 66 0 0.0903 -0.860 0 0 -18.804 54.991 -60.732
1 67 14 0.2831 0.0398 0 0 -20.321 58.284 -61.944
1 68 1 0.4879 0.3163 0 0 -20.658 57.072 -65.542
1 69 3 0.3313 -0.855 0 0 -23.987 55.264 -65.134
1 70 6 0.2650 -0.464 0 0 -25.633 58.519 -64.036
1 71 20 0.5662 0.6828 0 0 -24.508 60.742 -66.902
1 72 14 0.6325 0.3317 0 0 -24.977 58.056 -69.554
1 73 1 0.3614 -0.955 0 0 -28.621 57.938 -68.442
1 74 18 0.4156 -0.279 0 0 -29.260 61.675 -68.869
1 75 9 0.6867 0.0000 0 0 -27.201 62.386 -71.995
1 76 7 0.6626 -0.611 0 0 -28.808 62.478 -75.444
1 77 9 0.8674 0.0000 0 0 -25.596 62.299 -77.461
1 78 15 0.9638 -0.714 0 0 -22.028 61.279 -76.734
1 79 12 0.9939 0.5798 0 0 -18.716 62.624 -77.967
1 80 5 0.9819 -0.759 0 0 -16.363 59.671 -77.577
1 81 22 0.9759 0.4617 0 0 -12.886 61.177 -77.506
1 82 15 0.8915 -0.323 0 0 -9.455 59.572 -77.828
1 83 0 0.7530 -0.426 0 0 -6.098 61.237 -78.591
1 84 11 0.5240 -0.169 0 0 -4.332 60.356 -81.869
1 85 2 0.3433 0.1557 0 0 -1.037 60.123 -79.922
1 86 2 0.3795 0.3152 0 0 -2.476 57.773 -77.305
1 87 18 0.2710 -0.893 0 0 -3.106 54.271 -78.576
1 88 13 0.3253 -0.248 0 0 -4.395 53.098 -75.207
1 89 17 0.6144 0.4587 0 0 -7.056 55.858 -75.159
1 90 15 0.6385 -0.251 0 0 -8.273 54.621 -78.556
1 91 7 0.4216 -0.864 0 0 -8.507 51.039 -77.254
1 92 3 0.5602 -0.228 0 0 -10.463 52.424 -74.257
1 93 11 0.7951 0.6866 0 0 -13.246 53.746 -76.529
1 94 10 0.5421 -0.821 0 0 -14.946 50.354 -76.734
1 95 6 0.4759 -0.370 0 0 -15.505 50.244 -72.952
1 96 20 0.7710 0.4759 0 0 -17.194 53.663 -73.084
1 97 1 0.7349 -0.372 0 0 -19.381 52.689 -76.031
1 98 7 0.4277 -0.694 0 0 -20.222 49.380 -74.348
1 99 6 0.4457 0.0920 0 0 -21.395 51.161 -71.226
1 100 11 0.6204 0.9771 0 0 -23.397 53.787 -73.087
1 101 13 0.4096 -0.300 0 0 -24.836 50.919 -75.161
1 102 1 0.1325 0.0635 0 0 -25.901 48.983 -72.072
1 103 22 0.2168 0.5392 0 0 -27.332 51.994 -70.231
1 104 13 0.2409 0.7826 0 0 -29.423 53.213 -73.172
1 105 3 0.0481 -0.993 0 0 -30.379 49.590 -73.845
1 106 17 0.1204 0.3720 0 0 -29.639 50.502 -77.444
1 107 3 0.1746 -0.414 0 0 -27.277 49.809 -80.306
1 108 3 0.3192 -0.539 0 0 -28.583 53.128 -81.593
1 109 22 0.5722 0.3021 0 0 -27.322 56.003 -79.417
1 110 16 0.7469 -0.511 0 0 -26.331 59.290 -81.074
1 111 14 0.9096 -0.113 0 0 -22.529 59.258 -80.990
1 112 22 0.9397 0.1143 0 0 -19.483 60.721 -82.707
1 113 12 0.9337 -0.659 0 0 -15.974 59.253 -82.550
1 114 22 0.9578 0.6814 0 0 -13.386 62.012 -82.069
1 115 9 0.8614 0.0000 0 0 -9.646 61.752 -82.590
1 116 2 0.8493 0.2972 0 0 -8.236 64.753 -80.714
1 117 13 0.6024 0.0976 0 0 -4.801 66.417 -80.619
1 118 5 0.4638 0.3092 0 0 -4.500 66.208 -84.406
1 119 3 0.2228 0.3315 0 0 -2.062 69.125 -84.266
1 120 12 0.1144 0.3451 0 0 0.552 66.800 -82.712
1 121 0 0.0240 -0.928 0 0 2.886 64.774 -84.896
1 122 0 0.0301 -0.025 0 0 3.379 61.773 -82.577
1 123 1 0.0783 0.4648 0 0 0.480 59.929 -84.202
1 124 18 0.0662 0.0021 0 0 0.012 56.280 -83.266
1 125 22 0.2530 0.8715 0 0 -3.645 56.049 -84.262
1 126 7 0.1265 -0.901 0 0 -3.985 56.382 -88.021
1 127 17 0.2891 -0.022 0 0 -7.142 57.952 -89.447
1 128 1 0.0843 -0.582 0 0 -8.026 54.698 -91.235
1 129 6 0.1506 -0.389 0 0 -7.932 52.668 -87.988
1 130 0 0.4819 0.6777 0 0 -10.406 55.064 -86.333
1 131 6 0.3915 -0.489 0 0 -12.603 55.235 -89.433
1 132 3 0.1867 -0.854 0 0 -12.959 51.457 -89.212
1 133 12 0.4337 0.5899 0 0 -14.024 51.622 -85.570
1 134 0 0.5843 0.4676 0 0 -16.592 54.351 -86.245
1 135 1 0.3072 -0.939 0 0 -17.903 52.443 -89.270
1 136 17 0.1987 0.2400 0 0 -18.521 49.382 -87.087
1 137 20 0.4397 0.5773 0 0 -20.536 51.618 -84.720
1 138 9 0.3674 0.0000 0 0 -22.439 53.270 -87.569
1 139 11 0.6445 0.7684 0 0 -21.205 56.718 -86.514
1 140 16 0.7048 0.2334 0 0 -18.957 59.495 -87.945
1 141 20 0.7771 -0.051 0 0 -15.244 59.890 -87.209
1 142 11 0.8132 0.2474 0 0 -13.940 63.445 -86.903
1 143 7 0.7650 -0.692 0 0 -10.431 64.649 -86.037
1 144 18 0.8012 0.9727 0 0 -10.006 67.685 -83.815
1 145 17 0.6566 -0.971 0 0 -7.481 69.911 -82.144
1 146 0 0.6927 0.4511 0 0 -8.611 71.870 -79.082
1 147 13 0.3855 -0.745 0 0 -5.375 73.794 -79.534
1 148 18 0.2469 -0.121 0 0 -5.823 75.091 -83.088
1 149 1 0.4518 -0.165 0 0 -9.650 74.851 -83.100
1 150 6 0.4578 -0.328 0 0 -9.493 72.472 -86.075
1 151 9 0.6746 0.0000 0 0 -12.621 70.325 -86.265
1 152 22 0.8072 -0.078 0 0 -13.943 71.521 -82.919
1 153 7 0.7168 -0.891 0 0 -17.236 73.012 -84.107
1 154 3 0.7228 -0.436 0 0 -17.582 70.208 -86.649
1 155 0 0.9156 0.6628 0 0 -17.368 67.541 -83.939
1 156 15 0.9216 0.5342 0 0 -19.958 69.095 -81.645
1 157 20 0.7409 -0.509 0 0 -22.350 70.218 -84.430
1 158 18 0.7831 0.0718 0 0 -22.103 66.807 -86.065
1 159 12 0.8855 0.7674 0 0 -23.141 65.298 -82.718
1 160 22 0.7108 -0.410 0 0 -26.202 67.591 -82.805
1 161 1 0.5 -0.117 0 0 -26.943 66.456 -86.367
1 162 7 0.5963 0.2963 0 0 -26.719 62.808 -85.219
1 163 11 0.5542 0.5176 0 0 -29.165 63.389 -82.400
1 164 1 0.2590 0.0523 0 0 -31.541 64.889 -85.017
1 165 6 0.1566 0.2681 0 0 -31.446 61.674 -87.028
1 166 10 0.1686 0.2276 0 0 -32.624 59.721 -84.001
