1 1 14 0.0064 0.3047 0 0 -17.380 -38.912 -25.032
1 2 18 0.0580 0.1712 0 0 -13.710 -38.763 -26.026
1 3 7 0.2451 -0.113 0 0 -11.135 -39.631 -23.365
1 4 20 0.5483 -0.199 0 0 -7.552 -38.342 -23.358
1 5 13 0.6903 -0.859 0 0 -5.022 -40.141 -21.161
1 6 12 0.8903 0.1051 0 0 -2.412 -37.586 -20.101
1 7 22 0.9419 -0.604 0 0 0.869 -38.256 -18.310
1 8 22 0.9806 0.1818 0 0 2.935 -35.706 -16.396
1 9 22 0.9612 -0.069 0 0 6.665 -36.422 -16.210
1 10 9 0.9032 0.0000 0 0 9.702 -34.623 -14.829
1 11 0 0.7161 -0.499 0 0 12.163 -34.378 -11.952
1 12 9 0.5870 0.0000 0 0 10.741 -34.643 -8.453
1 13 9 0.5290 0.0000 0 0 9.675 -31.312 -7.006
1 14 22 0.7806 0.6607 0 0 8.986 -29.506 -10.284
1 15 9 0.8129 0.0000 0 0 5.290 -29.275 -9.425
1 16 13 0.9096 0.1154 0 0 3.787 -32.148 -11.393
1 17 2 0.7870 -0.924 0 0 1.313 -32.811 -8.587
1 18 0 0.6774 -0.272 0 0 0.555 -29.129 -8.014
1 19 12 0.8709 0.7087 0 0 -0.167 -28.610 -11.708
1 20 18 0.8580 0.2061 0 0 -2.612 -31.514 -11.673
1 21 11 0.5548 -0.581 0 0 -4.397 -30.396 -8.506
1 22 6 0.5419 -0.363 0 0 -4.645 -26.872 -9.889
1 23 12 0.6516 0.6223 0 0 -6.257 -28.222 -13.051
1 24 11 0.4516 0.2683 0 0 -8.677 -30.551 -11.278
1 25 6 0.1806 -0.062 0 0 -9.523 -28.852 -7.984
1 26 2 0.2387 -0.175 0 0 -8.146 -25.405 -8.802
1 27 10 0.1677 -0.375 0 0 -5.563 -24.791 -6.062
0 28 15 0 0 0 0 -5.563 -24.791 -6.062
0 29 22 0 0 0 0 -5.563 -24.791 -6.062
0 30 3 0 0 0 0 -5.563 -24.791 -6.062
0 31 7 0 0 0 0 -5.563 -24.791 -6.062
0 32 20 0 0 0 0 -5.563 -24.791 -6.062
0 33 3 0 0 0 0 -5.563 -24.791 -6.062
0 34 16 0 0 0 0 -5.563 -24.791 -6.062
0 35 18 0 0 0 0 -5.563 -24.791 -6.062
0 36 11 0 0 0 0 -5.563 -24.791 -6.062
0 37 7 0 0 0 0 -5.563 -24.791 -6.062
0 38 3 0 0 0 0 -5.563 -24.791 -6.062
1 39 17 0.4322 0.1500 0 0 -5.781 -41.297 -11.915
1 40 20 0.4903 0.2081 0 0 -7.400 -37.858 -11.843
1 41 1 0.3548 -0.414 0 0 -10.427 -37.485 -14.111
1 42 13 0.3290 0.2332 0 0 -12.034 -34.164 -15.026
1 43 6 0.1161 -0.939 0 0 -14.895 -33.666 -17.469
1 44 22 0.1419 0.8976 0 0 -14.368 -30.564 -19.586
1 45 22 0.0645 -0.978 0 0 -15.370 -29.001 -22.901
1 46 11 0.1612 0.9831 0 0 -12.417 -28.277 -25.182
1 47 3 0.0451 0.6765 0 0 -13.020 -26.623 -28.558
1 48 9 0.0 0.0000 0 0 -16.693 -27.593 -28.439
1 49 7 0.0258 0.4525 0 0 -15.848 -31.219 -27.719
1 50 18 0.0322 -0.752 0 0 -16.979 -32.616 -24.366
1 51 5 0.1290 0.7072 0 0 -14.204 -34.899 -23.142
1 52 12 0.2709 -0.383 0 0 -12.705 -36.635 -20.123
1 53 12 0.5741 0.4037 0 0 -9.147 -35.874 -19.043
1 54 3 0.6 -0.585 0 0 -7.477 -38.807 -17.301
1 55 11 0.8387 0.5028 0 0 -4.299 -37.610 -15.601
1 56 12 0.7354 -0.179 0 0 -2.222 -40.486 -14.258
1 57 3 0.6258 -0.307 0 0 -0.820 -40.612 -10.733
1 58 18 0.3741 -0.001 0 0 0.549 -43.927 -9.475
1 59 0 0.4709 0.7667 0 0 2.737 -42.221 -8.646
1 60 9 0.4838 0.0000 0 0 6.467 -41.469 -8.596
1 61 6 0.1999 -0.257 0 0 9.277 -43.651 -7.254
1 62 7 0.2967 0.8133 0 0 11.220 -42.745 -9.170
1 63 7 0.1096 -0.826 0 0 14.585 -44.199 -10.208
1 64 20 0.1354 -0.207 0 0 14.127 -46.131 -13.454
1 65 17 0.0387 -0.707 0 0 12.197 -49.343 -12.812
1 66 0 0.0709 -0.442 0 0 9.054 -50.530 -14.616
1 67 14 0.0903 -0.606 0 0 6.185 -50.675 -14.779
1 68 1 0.3225 -0.303 0 0 6.047 -47.774 -15.029
1 69 3 0.3612 -0.663 0 0 6.567 -47.440 -18.779
1 70 6 0.1935 -0.846 0 0 3.512 -49.684 -18.751
1 71 20 0.3870 0.0155 0 0 1.415 -47.268 -16.714
1 72 14 0.6387 0.4632 0 0 3.244 -44.779 -18.927
1 73 1 0.4580 -0.908 0 0 2.870 -46.363 -22.374
1 74 18 0.4258 -0.381 0 0 -0.883 -46.063 -21.982
1 75 9 0.7290 0.0000 0 0 -0.478 -42.301 -22.076
1 76 7 0.7032 -0.650 0 0 -1.608 -40.549 -25.247
1 77 9 0.8838 0.0000 0 0 0.065 -37.253 -24.386
1 78 15 0.9741 -0.776 0 0 2.906 -36.219 -22.103
1 79 12 0.9935 0.6322 0 0 3.563 -33.046 -20.138
1 80 5 0.9870 -0.643 0 0 7.328 -32.786 -19.790
1 81 22 0.9677 0.3218 0 0 7.727 -30.447 -16.828
1 82 15 0.8774 -0.255 0 0 10.720 -28.645 -15.369
1 83 0 0.6838 -0.427 0 0 10.993 -25.632 -13.057
1 84 11 0.4774 -0.087 0 0 12.519 -22.372 -14.282
1 85 2 0.2322 0.1361 0 0 14.323 -21.958 -10.960
1 86 2 0.3096 0.3068 0 0 15.865 -25.402 -11.295
1 87 18 0.2193 -0.888 0 0 18.529 -25.860 -13.950
1 88 13 0.2774 -0.285 0 0 18.948 -29.587 -13.271
1 89 17 0.5806 0.3939 0 0 15.254 -30.339 -13.788
1 90 15 0.5935 -0.231 0 0 15.652 -28.700 -17.193
1 91 7 0.3677 -0.862 0 0 18.714 -30.798 -18.013
1 92 3 0.5225 -0.376 0 0 16.826 -33.937 -16.963
1 93 11 0.7935 0.6929 0 0 14.027 -33.322 -19.469
1 94 10 0.5677 -0.841 0 0 15.975 -35.064 -22.235
1 95 6 0.4967 -0.501 0 0 16.162 -38.273 -20.205
1 96 20 0.7741 0.2710 0 0 12.394 -38.219 -19.731
1 97 1 0.7677 -0.037 0 0 11.644 -37.691 -23.425
1 98 7 0.4645 -0.674 0 0 14.082 -40.428 -24.443
1 99 6 0.5032 0.2184 0 0 12.267 -42.821 -22.123
1 100 11 0.6709 0.9835 0 0 8.885 -41.857 -23.558
1 101 13 0.4451 -0.051 0 0 10.216 -42.302 -27.096
1 102 1 0.2064 -0.150 0 0 11.550 -45.765 -26.282
1 103 22 0.3032 0.5956 0 0 8.385 -46.854 -24.477
1 104 13 0.3483 0.7650 0 0 6.082 -45.580 -27.229
1 105 3 0.0967 -0.980 0 0 8.487 -46.993 -29.827
1 106 17 0.1548 0.3271 0 0 7.945 -43.705 -31.657
1 107 3 0.2645 -0.807 0 0 9.648 -40.398 -32.425
1 108 3 0.3806 -0.621 0 0 6.450 -38.352 -32.671
1 109 22 0.6451 0.3184 0 0 4.572 -38.566 -29.384
1 110 16 0.8258 -0.544 0 0 2.100 -35.835 -28.470
1 111 14 0.9290 -0.059 0 0 3.869 -33.840 -25.768
1 112 22 0.9548 0.0165 0 0 4.380 -30.325 -24.436
1 113 12 0.9354 -0.730 0 0 7.425 -28.852 -22.712
1 114 22 0.9483 0.6511 0 0 6.297 -27.070 -19.546
1 115 9 0.8645 0.0000 0 0 8.361 -24.549 -17.596
1 116 2 0.8451 0.2042 0 0 6.697 -24.398 -14.185
1 117 13 0.5354 0.0634 0 0 7.015 -21.977 -11.264
1 118 5 0.4 0.3073 0 0 7.171 -19.002 -13.623
1 119 3 0.1483 0.2865 0 0 5.936 -16.914 -10.686
1 120 12 0.0838 0.3452 0 0 9.359 -17.205 -9.046
1 121 0 0.0129 -0.936 0 0 12.031 -14.538 -9.516
1 122 0 0.0193 -0.101 0 0 14.991 -16.920 -9.262
1 123 1 0.0774 0.4765 0 0 14.963 -17.917 -12.935
1 124 18 0.0516 -0.007 0 0 17.995 -19.973 -13.976
1 125 22 0.2258 0.8735 0 0 16.427 -21.323 -17.159
1 126 7 0.1225 -0.907 0 0 15.722 -18.673 -19.790
1 127 17 0.2903 -0.000 0 0 12.559 -19.002 -21.871
1 128 1 0.1032 -0.885 0 0 14.721 -19.008 -24.994
1 129 6 0.1870 -0.333 0 0 16.581 -22.089 -23.769
1 130 0 0.5161 0.6097 0 0 13.344 -24.027 -23.350
1 131 6 0.3935 -0.471 0 0 12.063 -22.794 -26.711
1 132 3 0.2129 -0.828 0 0 15.219 -24.063 -28.402
1 133 12 0.4387 0.5424 0 0 14.878 -27.412 -26.653
1 134 0 0.6193 0.4305 0 0 11.204 -27.656 -27.581
1 135 1 0.3419 -0.805 0 0 11.965 -26.691 -31.169
1 136 17 0.2580 0.2181 0 0 14.498 -29.517 -31.374
1 137 20 0.5096 0.4737 0 0 11.748 -31.867 -30.197
1 138 9 0.4129 0.0000 0 0 9.131 -30.377 -32.503
1 139 11 0.7096 0.7631 0 0 6.823 -29.656 -29.574
1 140 16 0.7483 0.2599 0 0 5.291 -26.521 -27.994
1 141 20 0.8193 -0.130 0 0 6.785 -24.785 -24.969
1 142 11 0.8516 0.2739 0 0 4.500 -23.261 -22.352
1 143 7 0.7419 -0.736 0 0 5.321 -21.587 -19.041
1 144 18 0.8 0.9607 0 0 3.017 -22.258 -16.099
1 145 17 0.6064 -0.991 0 0 2.536 -21.458 -12.440
1 146 0 0.6322 0.3957 0 0 0.582 -23.930 -10.331
1 147 13 0.3161 -0.742 0 0 0.513 -21.155 -7.724
1 148 18 0.1741 -0.076 0 0 -1.045 -18.296 -9.709
1 149 1 0.4064 -0.016 0 0 -2.650 -20.727 -12.168
1 150 6 0.4193 -0.297 0 0 -1.025 -18.931 -15.102
1 151 9 0.6580 0.0000 0 0 -0.820 -21.127 -18.199
1 152 22 0.8322 -0.150 0 0 -1.990 -24.269 -16.401
1 153 7 0.6967 -0.915 0 0 -5.166 -24.774 -18.455
1 154 3 0.7225 -0.820 0 0 -3.238 -23.769 -21.569
1 155 0 0.9225 0.5912 0 0 -0.648 -26.466 -20.887
1 156 15 0.9161 0.4051 0 0 -3.141 -29.323 -20.568
1 157 20 0.7612 -0.605 0 0 -5.504 -28.049 -23.268
1 158 18 0.8064 0.0736 0 0 -2.607 -27.527 -25.664
1 159 12 0.8967 0.7785 0 0 -1.475 -31.098 -25.021
1 160 22 0.7548 -0.415 0 0 -4.957 -32.349 -25.903
1 161 1 0.5612 -0.162 0 0 -4.779 -30.414 -29.169
1 162 7 0.6645 0.3069 0 0 -1.439 -32.090 -29.850
1 163 11 0.6129 0.5162 0 0 -3.063 -35.480 -29.339
1 164 1 0.3354 0.0431 0 0 -5.664 -34.417 -31.916
1 165 6 0.2516 0.3524 0 0 -2.991 -33.664 -34.522
1 166 10 0.2838 0.3788 0 0 -1.575 -37.165 -34.086
