1 1 14 0.0 0.3608 0 0 -18.424 -52.708 -80.817
1 2 18 0.0662 0.1622 0 0 -20.938 -51.335 -78.312
1 3 7 0.2582 -0.147 0 0 -20.859 -47.597 -77.613
1 4 20 0.5165 -0.147 0 0 -22.055 -46.001 -74.376
1 5 13 0.6291 -0.917 0 0 -22.741 -42.260 -74.372
1 6 12 0.8741 0.2647 0 0 -22.076 -40.973 -70.859
1 7 22 0.9139 -0.746 0 0 -22.862 -37.521 -69.485
1 8 22 0.9867 0.4857 0 0 -21.323 -35.951 -66.386
1 9 22 0.9271 -0.259 0 0 -23.479 -33.365 -64.619
1 10 9 0.8609 0.0000 0 0 -23.192 -31.311 -61.444
1 11 0 0.6754 -0.452 0 0 -22.341 -27.916 -59.980
1 12 9 0.5496 0.0000 0 0 -19.317 -26.131 -61.410
1 13 9 0.5364 0.0000 0 0 -16.093 -27.004 -59.624
1 14 22 0.7615 0.5394 0 0 -17.097 -30.449 -58.368
1 15 9 0.8211 0.0000 0 0 -14.475 -32.090 -60.581
1 16 13 0.9205 -0.104 0 0 -16.502 -33.253 -63.568
1 17 2 0.7814 -0.954 0 0 -13.614 -32.437 -65.897
1 18 0 0.7483 -0.253 0 0 -10.972 -33.884 -63.579
1 19 12 0.9072 0.7530 0 0 -12.901 -37.146 -63.286
1 20 18 0.8807 0.0519 0 0 -13.073 -37.422 -67.066
1 21 11 0.6688 -0.638 0 0 -9.392 -36.629 -67.613
1 22 6 0.6821 -0.294 0 0 -8.455 -39.133 -64.914
1 23 12 0.7417 0.5873 0 0 -10.490 -41.807 -66.682
1 24 11 0.5430 0.1730 0 0 -9.182 -41.043 -70.164
1 25 6 0.3443 -0.118 0 0 -5.612 -39.843 -69.672
1 26 2 0.3973 -0.237 0 0 -4.977 -41.365 -66.234
1 27 10 0.2913 -0.420 0 0 -3.627 -38.202 -64.592
1 28 15 0.3576 0.3149 0 0 -4.615 -35.191 -62.486
1 29 22 0.1390 -0.507 0 0 -3.573 -31.534 -62.651
1 30 3 0.1059 -0.281 0 0 -4.471 -29.357 -59.659
1 31 7 0.0132 -0.306 0 0 -3.367 -26.124 -61.308
1 32 20 0.0596 -0.376 0 0 -5.618 -25.974 -64.395
1 33 3 0.2516 0.3494 0 0 -8.054 -27.916 -66.590
1 34 16 0.2317 0.5200 0 0 -6.564 -30.671 -68.750
1 35 18 0.2185 -0.623 0 0 -8.136 -31.185 -72.178
1 36 11 0.2781 0.8214 0 0 -9.020 -34.285 -74.199
1 37 7 0.0529 -0.537 0 0 -8.205 -34.380 -77.922
1 38 3 0.0794 -0.950 0 0 -11.694 -33.245 -78.968
1 39 17 0.2052 -0.618 0 0 -14.822 -35.414 -78.874
1 40 20 0.4437 0.9966 0 0 -13.416 -37.998 -76.434
1 41 1 0.4238 -0.520 0 0 -13.879 -41.761 -76.613
1 42 13 0.4172 0.3503 0 0 -12.051 -44.590 -74.858
1 43 6 0.1655 -0.960 0 0 -12.073 -48.233 -75.914
1 44 22 0.2649 0.9334 0 0 -12.268 -50.531 -72.905
1 45 22 0.1258 -0.958 0 0 -13.315 -54.045 -71.894
1 46 11 0.2847 0.9620 0 0 -16.051 -54.108 -69.250
1 47 3 0.0993 0.6630 0 0 -17.290 -57.452 -67.913
1 48 9 0.0066 0.0000 0 0 -15.832 -59.257 -70.923
1 49 7 0.0331 0.3742 0 0 -17.570 -56.910 -73.345
1 50 18 0.0397 -0.723 0 0 -15.346 -54.731 -75.526
1 51 5 0.1523 0.7286 0 0 -17.025 -51.332 -75.765
1 52 12 0.2980 -0.432 0 0 -16.532 -47.657 -76.585
1 53 12 0.6092 0.5149 0 0 -17.187 -45.008 -73.956
1 54 3 0.5894 -0.689 0 0 -18.275 -41.689 -75.449
1 55 11 0.7682 0.6601 0 0 -18.091 -38.991 -72.783
1 56 12 0.6887 -0.144 0 0 -19.628 -35.703 -73.922
0 57 3 0 0 0 0 -19.628 -35.703 -73.922
0 58 18 0 0 0 0 -19.628 -35.703 -73.922
0 59 0 0 0 0 0 -19.628 -35.703 -73.922
0 60 9 0 0 0 0 -19.628 -35.703 -73.922
0 61 6 0 0 0 0 -19.628 -35.703 -73.922
0 62 7 0 0 0 0 -19.628 -35.703 -73.922
0 63 7 0 0 0 0 -19.628 -35.703 -73.922
0 64 20 0 0 0 0 -19.628 -35.703 -73.922
0 65 17 0 0 0 0 -19.628 -35.703 -73.922
0 66 0 0 0 0 0 -19.628 -35.703 -73.922
0 67 14 0 0 0 0 -19.628 -35.703 -73.922
0 68 1 0 0 0 0 -19.628 -35.703 -73.922
0 69 3 0 0 0 0 -19.628 -35.703 -73.922
0 70 6 0 0 0 0 -19.628 -35.703 -73.922
0 71 20 0 0 0 0 -19.628 -35.703 -73.922
1 72 14 0.4900 -0.501 0 0 -27.175 -33.324 -73.802
1 73 1 0.3112 -0.856 0 0 -30.136 -35.361 -75.049
1 74 18 0.3642 -0.194 0 0 -27.765 -37.821 -76.716
1 75 9 0.6225 0.0000 0 0 -26.476 -39.361 -73.488
1 76 7 0.6158 -0.439 0 0 -27.863 -42.643 -72.171
1 77 9 0.8278 0.0000 0 0 -26.201 -42.653 -68.751
1 78 15 0.9403 -0.865 0 0 -25.306 -39.899 -66.295
1 79 12 0.9933 0.8683 0 0 -22.863 -39.206 -63.492
1 80 5 0.9801 -0.763 0 0 -24.514 -36.876 -60.995
1 81 22 0.9735 0.5562 0 0 -21.470 -35.338 -59.350
1 82 15 0.8410 -0.243 0 0 -21.100 -33.257 -56.214
1 83 0 0.7086 -0.454 0 0 -18.045 -32.633 -54.028
1 84 11 0.5298 -0.016 0 0 -17.559 -34.166 -50.591
1 85 2 0.3178 0.0958 0 0 -16.457 -30.767 -49.276
1 86 2 0.3774 0.2227 0 0 -19.174 -28.746 -50.998
1 87 18 0.2251 -0.895 0 0 -22.575 -28.875 -49.273
1 88 13 0.2119 -0.348 0 0 -24.107 -26.456 -51.783
1 89 17 0.5099 0.5487 0 0 -23.146 -28.779 -54.655
1 90 15 0.5562 -0.257 0 0 -24.725 -31.743 -52.887
1 91 7 0.3509 -0.819 0 0 -27.975 -29.825 -52.402
1 92 3 0.4701 -0.295 0 0 -27.910 -28.933 -56.106
1 93 11 0.6953 0.7288 0 0 -27.955 -32.595 -57.148
1 94 10 0.4834 -0.809 0 0 -31.752 -32.793 -57.132
1 95 6 0.4304 -0.417 0 0 -32.024 -30.019 -59.717
1 96 20 0.6490 0.2705 0 0 -29.494 -31.647 -62.032
1 97 1 0.6556 -0.062 0 0 -31.352 -34.952 -61.748
1 98 7 0.3841 -0.698 0 0 -34.753 -33.343 -62.308
1 99 6 0.4370 0.3163 0 0 -33.210 -31.739 -65.375
1 100 11 0.5629 0.9741 0 0 -31.962 -35.113 -66.616
1 101 13 0.4105 -0.139 0 0 -35.220 -36.979 -65.960
1 102 1 0.1192 -0.091 0 0 -37.416 -34.629 -67.984
1 103 22 0.1788 0.4190 0 0 -35.002 -34.307 -70.912
1 104 13 0.2384 0.7754 0 0 -35.078 -38.105 -71.005
1 105 3 0.0463 -0.994 0 0 -38.821 -38.007 -70.316
1 106 17 0.0860 0.3762 0 0 -38.530 -40.941 -67.915
1 107 3 0.0927 -0.495 0 0 -38.983 -41.860 -64.255
1 108 3 0.3311 -0.502 0 0 -35.740 -43.854 -64.228
1 109 22 0.5231 0.2036 0 0 -32.722 -42.801 -66.278
1 110 16 0.7019 -0.588 0 0 -29.457 -44.706 -65.761
1 111 14 0.8940 -0.283 0 0 -27.335 -42.661 -63.351
1 112 22 0.9536 0.2764 0 0 -24.858 -42.836 -60.471
1 113 12 0.9337 -0.783 0 0 -24.425 -40.535 -57.473
1 114 22 0.9668 0.8328 0 0 -20.753 -39.539 -57.253
1 115 9 0.8675 0.0000 0 0 -19.201 -37.836 -54.224
1 116 2 0.8543 0.2690 0 0 -15.936 -36.418 -55.555
1 117 13 0.6357 -0.007 0 0 -12.828 -35.044 -53.834
1 118 5 0.5033 0.3664 0 0 -12.966 -37.770 -51.191
1 119 3 0.3245 0.3046 0 0 -9.232 -37.177 -50.721
1 120 12 0.1589 0.3250 0 0 -9.979 -33.893 -48.959
1 121 0 0.0198 -0.914 0 0 -10.266 -33.682 -45.171
1 122 0 0.0264 -0.121 0 0 -12.818 -30.852 -45.159
1 123 1 0.1125 0.5002 0 0 -15.856 -33.120 -45.502
1 124 18 0.0728 -0.028 0 0 -19.168 -31.311 -45.030
1 125 22 0.2715 0.8189 0 0 -21.270 -34.006 -46.682
1 126 7 0.1456 -0.944 0 0 -21.341 -37.304 -44.792
1 127 17 0.3708 0.0712 0 0 -21.357 -40.525 -46.819
1 128 1 0.1324 -0.902 0 0 -24.594 -41.487 -45.081
1 129 6 0.1986 -0.330 0 0 -26.304 -38.357 -46.404
1 130 0 0.4966 0.7021 0 0 -25.398 -39.218 -49.990
1 131 6 0.4569 -0.366 0 0 -26.417 -42.846 -49.464
1 132 3 0.1920 -0.786 0 0 -29.834 -41.726 -48.233
1 133 12 0.4503 0.4931 0 0 -30.218 -39.412 -51.218
1 134 0 0.5827 0.5405 0 0 -29.126 -42.134 -53.633
1 135 1 0.3046 -0.749 0 0 -31.472 -44.623 -51.987
1 136 17 0.1721 0.1789 0 0 -34.366 -42.219 -52.517
1 137 20 0.4635 0.4361 0 0 -33.406 -42.100 -56.200
1 138 9 0.4039 0.0000 0 0 -32.893 -45.857 -56.453
1 139 11 0.6622 0.6749 0 0 -29.332 -45.382 -57.702
1 140 16 0.7218 0.2364 0 0 -25.831 -46.335 -56.462
1 141 20 0.7748 -0.081 0 0 -23.602 -43.944 -54.534
1 142 11 0.8476 0.3364 0 0 -19.852 -43.985 -55.130
1 143 7 0.8013 -0.803 0 0 -17.110 -41.772 -53.715
1 144 18 0.8344 0.9821 0 0 -14.281 -40.752 -56.025
1 145 17 0.7152 -0.997 0 0 -11.100 -38.723 -56.148
1 146 0 0.7284 0.3384 0 0 -9.959 -37.428 -59.520
1 147 13 0.4768 -0.773 0 0 -6.687 -36.643 -57.740
1 148 18 0.3907 -0.087 0 0 -5.770 -40.054 -56.315
1 149 1 0.5960 -0.001 0 0 -7.924 -41.844 -58.902
1 150 6 0.6026 -0.332 0 0 -9.825 -43.670 -56.159
1 151 9 0.7549 0.0000 0 0 -13.206 -44.940 -57.351
1 152 22 0.8874 -0.127 0 0 -13.010 -43.152 -60.704
1 153 7 0.7880 -0.921 0 0 -13.090 -46.286 -62.859
1 154 3 0.8079 -0.799 0 0 -15.687 -47.768 -60.515
1 155 0 0.9602 0.7142 0 0 -17.925 -44.736 -61.020
1 156 15 0.9470 0.4968 0 0 -17.954 -44.890 -64.821
1 157 20 0.7947 -0.504 0 0 -17.950 -48.693 -65.037
1 158 18 0.8145 0.0945 0 0 -20.784 -48.912 -62.520
1 159 12 0.9006 0.6601 0 0 -22.767 -46.433 -64.606
1 160 22 0.7350 -0.310 0 0 -22.291 -48.632 -67.666
1 161 1 0.5761 -0.027 0 0 -23.610 -51.612 -65.704
1 162 7 0.6423 0.2976 0 0 -26.633 -49.502 -64.775
1 163 11 0.5695 0.5142 0 0 -27.232 -48.806 -68.459
1 164 1 0.3377 0.0658 0 0 -27.083 -52.553 -69.116
1 165 6 0.2450 0.2194 0 0 -29.488 -53.229 -66.265
1 166 10 0.1854 0.6883 0 0 -32.007 -51.139 -68.215
