1 1 14 0.0 0.3218 0 0 12.407 -7.623 -28.129
1 2 18 0.0486 0.2065 0 0 11.136 -10.385 -30.421
1 3 7 0.1805 -0.181 0 0 8.489 -9.455 -32.990
1 4 20 0.5138 -0.110 0 0 5.971 -11.910 -34.453
1 5 13 0.6111 -0.910 0 0 4.148 -10.910 -37.636
1 6 12 0.8680 0.2635 0 0 0.747 -12.613 -37.588
1 7 22 0.9027 -0.696 0 0 -1.779 -12.778 -40.419
1 8 22 0.9583 0.3322 0 0 -5.478 -13.563 -40.067
1 9 22 0.9097 -0.137 0 0 -7.118 -15.129 -43.119
1 10 9 0.8472 0.0000 0 0 -10.559 -16.504 -43.930
1 11 0 0.6180 -0.427 0 0 -13.887 -15.819 -45.621
1 12 9 0.4791 0.0000 0 0 -15.395 -12.388 -45.098
1 13 9 0.4583 0.0000 0 0 -17.611 -12.154 -42.037
1 14 22 0.7222 0.5859 0 0 -15.983 -14.939 -40.016
1 15 9 0.7638 0.0000 0 0 -14.817 -12.429 -37.414
1 16 13 0.8958 -0.047 0 0 -11.193 -11.851 -38.379
1 17 2 0.7152 -0.952 0 0 -11.485 -8.191 -37.398
1 18 0 0.6666 -0.243 0 0 -13.445 -8.908 -34.220
1 19 12 0.8819 0.7650 0 0 -10.854 -11.446 -33.077
1 20 18 0.8055 0.0578 0 0 -8.088 -8.886 -33.580
1 21 11 0.5486 -0.649 0 0 -9.918 -6.077 -31.777
1 22 6 0.5694 -0.277 0 0 -10.733 -8.441 -28.919
1 23 12 0.6944 0.6205 0 0 -7.049 -9.323 -28.598
1 24 11 0.4444 0.1723 0 0 -5.786 -5.746 -28.820
1 25 6 0.1875 -0.142 0 0 -8.494 -3.610 -27.237
1 26 2 0.2916 -0.459 0 0 -10.043 -6.338 -25.081
1 27 10 0.1527 -0.420 0 0 -13.625 -5.732 -26.245
1 28 15 0.25 0.2436 0 0 -16.240 -6.801 -28.806
1 29 22 0.0694 -0.448 0 0 -18.200 -4.340 -30.950
0 30 3 0 0 0 0 -18.200 -4.340 -30.950
0 31 7 0 0 0 0 -18.200 -4.340 -30.950
0 32 20 0 0 0 0 -18.200 -4.340 -30.950
0 33 3 0 0 0 0 -18.200 -4.340 -30.950
0 34 16 0 0 0 0 -18.200 -4.340 -30.950
0 35 18 0 0 0 0 -18.200 -4.340 -30.950
0 36 11 0 0 0 0 -18.200 -4.340 -30.950
0 37 7 0 0 0 0 -18.200 -4.340 -30.950
1 38 3 0.2569 -0.299 0 0 -4.968 -1.681 -41.217
1 39 17 0.4027 -0.049 0 0 -2.303 -3.322 -39.047
1 40 20 0.4305 0.2136 0 0 -2.157 -3.942 -35.298
1 41 1 0.3402 -0.481 0 0 0.711 -4.089 -32.811
1 42 13 0.3194 0.3113 0 0 0.370 -5.206 -29.195
1 43 6 0.1111 -0.949 0 0 3.205 -5.610 -26.704
1 44 22 0.1597 0.9259 0 0 2.708 -8.698 -24.553
1 45 22 0.0833 -0.965 0 0 4.622 -11.198 -22.425
1 46 11 0.2638 0.9701 0 0 4.290 -14.785 -23.635
1 47 3 0.0625 0.6833 0 0 5.997 -17.582 -21.703
1 48 9 0.0069 0.0000 0 0 8.295 -15.081 -19.995
1 49 7 0.0277 0.4066 0 0 9.311 -13.559 -23.319
1 50 18 0.0347 -0.750 0 0 8.363 -9.925 -23.915
1 51 5 0.1180 0.7393 0 0 7.347 -9.645 -27.559
1 52 12 0.2847 -0.438 0 0 5.477 -7.566 -30.122
1 53 12 0.5625 0.4980 0 0 2.534 -9.041 -32.012
1 54 3 0.5555 -0.667 0 0 2.079 -7.510 -35.456
1 55 11 0.75 0.6023 0 0 -1.317 -8.501 -36.832
1 56 12 0.6527 -0.028 0 0 -1.799 -7.503 -40.477
1 57 3 0.7569 -0.458 0 0 -5.055 -8.927 -41.713
0 58 18 0 0 0 0 -5.055 -8.927 -41.713
0 59 0 0 0 0 0 -5.055 -8.927 -41.713
0 60 9 0 0 0 0 -5.055 -8.927 -41.713
0 61 6 0 0 0 0 -5.055 -8.927 -41.713
0 62 7 0 0 0 0 -5.055 -8.927 -41.713
0 63 7 0 0 0 0 -5.055 -8.927 -41.713
0 64 20 0 0 0 0 -5.055 -8.927 -41.713
0 65 17 0 0 0 0 -5.055 -8.927 -41.713
0 66 0 0 0 0 0 -5.055 -8.927 -41.713
0 67 14 0 0 0 0 -5.055 -8.927 -41.713
0 68 1 0 0 0 0 -5.055 -8.927 -41.713
0 69 3 0 0 0 0 -5.055 -8.927 -41.713
0 70 6 0 0 0 0 -5.055 -8.927 -41.713
0 71 20 0 0 0 0 -5.055 -8.927 -41.713
1 72 14 0.5 0.1834 0 0 1.329 -12.391 -46.641
1 73 1 0.2777 -0.077 0 0 3.605 -11.099 -48.180
1 74 18 0.3680 -0.537 0 0 4.954 -11.847 -45.641
1 75 9 0.6041 0.0000 0 0 3.769 -13.114 -42.258
1 76 7 0.625 -0.597 0 0 5.424 -15.643 -39.985
1 77 9 0.8611 0.0000 0 0 2.212 -17.246 -38.750
1 78 15 0.9444 -0.895 0 0 -1.330 -17.515 -40.057
1 79 12 0.9930 0.8476 0 0 -4.682 -17.719 -38.309
1 80 5 0.9861 -0.683 0 0 -6.981 -19.599 -40.656
1 81 22 0.9652 0.3771 0 0 -10.429 -18.587 -39.438
1 82 15 0.8402 -0.146 0 0 -13.904 -19.863 -40.221
1 83 0 0.6805 -0.482 0 0 -17.214 -19.528 -38.370
1 84 11 0.4861 0.0200 0 0 -18.923 -22.581 -36.880
1 85 2 0.2430 0.1213 0 0 -22.294 -21.284 -38.056
1 86 2 0.3055 0.2260 0 0 -21.009 -20.948 -41.608
1 87 18 0.1666 -0.874 0 0 -20.341 -24.171 -43.503
1 88 13 0.1736 -0.363 0 0 -19.011 -22.383 -46.593
1 89 17 0.5069 0.4759 0 0 -16.373 -20.455 -44.643
1 90 15 0.5416 -0.145 0 0 -15.177 -23.851 -43.420
1 91 7 0.3125 -0.839 0 0 -15.058 -25.256 -46.949
1 92 3 0.4236 -0.399 0 0 -13.108 -22.182 -48.094
1 93 11 0.7013 0.7754 0 0 -10.329 -22.766 -45.560
1 94 10 0.4652 -0.827 0 0 -8.544 -25.152 -47.925
1 95 6 0.3958 -0.503 0 0 -8.273 -22.452 -50.590
1 96 20 0.6388 0.2516 0 0 -6.693 -20.089 -48.073
1 97 1 0.6458 0.0473 0 0 -4.114 -22.620 -46.879
1 98 7 0.3611 -0.619 0 0 -3.208 -23.578 -50.449
1 99 6 0.3819 0.1716 0 0 -2.554 -19.916 -51.204
1 100 11 0.5277 0.9934 0 0 -0.384 -19.536 -48.106
1 101 13 0.3472 0.0078 0 0 1.561 -22.677 -49.030
1 102 1 0.0902 -0.195 0 0 2.192 -21.400 -52.553
1 103 22 0.1388 0.5558 0 0 3.179 -17.911 -51.386
1 104 13 0.1944 0.7750 0 0 5.516 -19.219 -48.681
1 105 3 0.0416 -0.976 0 0 6.789 -21.850 -51.121
1 106 17 0.0972 0.3638 0 0 6.522 -24.246 -48.181
1 107 3 0.1458 -0.329 0 0 4.393 -27.069 -46.798
1 108 3 0.3333 -0.588 0 0 5.104 -26.347 -43.129
1 109 22 0.5763 0.2047 0 0 3.972 -22.828 -42.305
1 110 16 0.7361 -0.594 0 0 3.155 -21.924 -38.710
1 111 14 0.9236 -0.208 0 0 -0.632 -21.701 -38.638
1 112 22 0.9722 0.2474 0 0 -3.679 -22.437 -36.492
1 113 12 0.9375 -0.813 0 0 -7.179 -23.408 -37.577
1 114 22 0.9791 0.7545 0 0 -9.685 -21.192 -35.769
1 115 9 0.875 0.0000 0 0 -13.394 -21.900 -35.437
1 116 2 0.8333 0.1569 0 0 -14.910 -18.546 -34.487
1 117 13 0.5833 -0.040 0 0 -18.342 -17.555 -33.160
1 118 5 0.4722 0.3830 0 0 -18.436 -20.582 -30.865
1 119 3 0.2361 0.2445 0 0 -20.892 -18.599 -28.739
1 120 12 0.1041 0.2840 0 0 -23.593 -19.127 -31.373
1 121 0 0.0138 -0.929 0 0 -26.076 -22.003 -31.146
1 122 0 0.0208 -0.156 0 0 -26.476 -22.434 -34.908
1 123 1 0.0763 0.5318 0 0 -23.464 -24.730 -35.331
1 124 18 0.0555 -0.065 0 0 -23.215 -26.294 -38.790
1 125 22 0.2708 0.8260 0 0 -19.550 -27.240 -38.470
1 126 7 0.125 -0.930 0 0 -18.845 -29.880 -35.833
1 127 17 0.3541 0.0697 0 0 -15.649 -29.565 -33.797
1 128 1 0.1319 -0.965 0 0 -14.663 -33.037 -34.987
1 129 6 0.2013 -0.368 0 0 -14.777 -31.892 -38.614
1 130 0 0.5347 0.6637 0 0 -12.374 -29.035 -37.908
1 131 6 0.4375 -0.388 0 0 -10.112 -31.324 -35.869
1 132 3 0.2222 -0.807 0 0 -9.917 -33.764 -38.783
1 133 12 0.4166 0.4706 0 0 -9.121 -30.925 -41.176
1 134 0 0.6319 0.5417 0 0 -6.494 -29.518 -38.822
1 135 1 0.375 -0.762 0 0 -4.980 -32.968 -38.330
1 136 17 0.2152 0.1567 0 0 -4.628 -33.336 -42.092
1 137 20 0.4513 0.4168 0 0 -2.749 -30.026 -42.089
1 138 9 0.4097 0.0000 0 0 -0.643 -30.912 -39.057
1 139 11 0.7083 0.6831 0 0 -1.835 -27.808 -37.210
1 140 16 0.7777 0.2480 0 0 -3.791 -27.084 -33.994
1 141 20 0.8194 -0.130 0 0 -7.516 -26.382 -33.951
1 142 11 0.8888 0.3405 0 0 -8.918 -23.837 -31.509
1 143 7 0.7986 -0.786 0 0 -12.457 -22.524 -31.098
1 144 18 0.8125 0.9543 0 0 -12.905 -18.842 -30.302
1 145 17 0.6597 -0.995 0 0 -15.542 -16.211 -29.674
1 146 0 0.6736 0.2954 0 0 -14.627 -12.599 -30.371
1 147 13 0.3888 -0.760 0 0 -17.832 -11.775 -28.489
1 148 18 0.2986 -0.045 0 0 -17.237 -13.553 -25.176
1 149 1 0.4930 -0.020 0 0 -13.461 -13.508 -25.692
1 150 6 0.5208 -0.277 0 0 -13.287 -17.282 -25.213
1 151 9 0.7291 0.0000 0 0 -10.136 -18.783 -26.725
1 152 22 0.8541 -0.239 0 0 -9.063 -15.537 -28.400
1 153 7 0.7708 -0.944 0 0 -5.788 -15.140 -26.493
1 154 3 0.7916 -0.790 0 0 -5.214 -18.882 -26.786
1 155 0 0.9513 0.6238 0 0 -5.550 -18.675 -30.567
1 156 15 0.9305 0.3490 0 0 -2.959 -15.927 -31.035
1 157 20 0.7847 -0.593 0 0 -0.619 -17.161 -28.292
1 158 18 0.8263 0.1474 0 0 -0.768 -20.703 -29.647
1 159 12 0.9166 0.6566 0 0 0.130 -19.379 -33.096
1 160 22 0.7430 -0.398 0 0 3.174 -17.643 -31.634
1 161 1 0.5972 -0.062 0 0 4.243 -20.930 -30.049
1 162 7 0.6875 0.3502 0 0 3.890 -22.554 -33.463
1 163 11 0.5902 0.4615 0 0 6.195 -19.923 -34.920
1 164 1 0.3263 0.1007 0 0 8.784 -20.581 -32.207
1 165 6 0.2291 0.4931 0 0 8.976 -24.260 -33.229
1 166 10 0.2083 0.3015 0 0 9.761 -23.297 -36.815
