1 1 14 0.0 0.3150 0 0 39.744 -18.857 32.816
1 2 18 0.0361 0.2155 0 0 36.020 -19.196 33.455
1 3 7 0.1987 0.0270 0 0 33.735 -17.496 30.950
1 4 20 0.5180 -0.252 0 0 30.224 -16.464 31.979
1 5 13 0.6686 -0.821 0 0 27.805 -16.098 29.058
1 6 12 0.9036 0.1078 0 0 25.274 -13.458 30.073
1 7 22 0.9457 -0.651 0 0 22.272 -12.405 28.012
1 8 22 0.9879 0.3170 0 0 20.333 -9.199 28.668
1 9 22 0.9698 -0.239 0 0 16.639 -9.373 27.661
1 10 9 0.9277 0.0000 0 0 13.541 -7.236 28.090
1 11 0 0.7891 -0.542 0 0 11.185 -4.892 26.257
1 12 9 0.6325 0.0000 0 0 12.285 -2.054 24.024
1 13 9 0.6024 0.0000 0 0 13.591 1.039 25.720
1 14 22 0.8192 0.6111 0 0 14.003 -0.347 29.237
1 15 9 0.8554 0.0000 0 0 17.763 0.319 29.293
1 16 13 0.9518 0.1476 0 0 19.403 -2.981 28.377
1 17 17 0.8433 -0.600 0 0 22.095 -1.318 26.291
1 18 0 0.7590 -0.324 0 0 22.617 1.541 28.695
1 19 12 0.8975 0.6836 0 0 23.113 -0.931 31.554
1 20 18 0.8734 0.3348 0 0 25.585 -3.022 29.581
1 21 11 0.6566 -0.432 0 0 27.520 0.007 28.337
1 22 6 0.5843 -0.420 0 0 27.671 1.505 31.837
1 23 12 0.6867 0.5542 0 0 29.085 -1.774 33.169
1 24 11 0.5 0.3445 0 0 31.610 -2.305 30.380
1 25 6 0.2831 0.0511 0 0 32.517 1.259 29.327
1 26 2 0.2349 -0.215 0 0 31.658 3.388 32.363
1 27 10 0.1506 -0.095 0 0 29.494 6.013 30.690
1 28 15 0.3192 0.1709 0 0 25.757 6.600 30.279
1 29 22 0.3012 0.3421 0 0 24.194 6.518 26.823
1 30 3 0.1084 -0.602 0 0 21.545 9.288 26.827
1 31 7 0.0722 -0.341 0 0 20.180 8.731 23.319
1 32 20 0.1807 0.4787 0 0 18.001 5.837 22.206
1 33 3 0.1445 -0.639 0 0 19.299 3.731 19.307
1 34 16 0.3554 -0.801 0 0 17.410 0.432 19.189
1 35 18 0.4698 0.8539 0 0 19.605 -2.674 19.247
1 36 11 0.3674 -0.991 0 0 19.542 -5.617 16.891
1 37 7 0.4879 0.1099 0 0 22.128 -7.728 18.712
1 38 3 0.5120 -0.250 0 0 25.502 -6.678 20.147
1 39 17 0.5301 -0.789 0 0 28.263 -8.494 22.055
1 40 20 0.5240 0.3475 0 0 30.644 -7.194 24.760
1 41 1 0.3855 -0.618 0 0 33.494 -9.086 26.398
1 42 13 0.2951 0.1321 0 0 35.506 -7.987 29.419
1 43 6 0.0903 -0.960 0 0 37.862 -9.607 31.903
1 44 22 0.1385 0.9892 0 0 36.911 -8.844 35.496
1 45 22 0.0542 -0.972 0 0 37.519 -10.141 39.000
1 46 11 0.1686 0.9658 0 0 34.341 -11.260 40.770
1 47 3 0.0421 0.6859 0 0 34.626 -12.575 44.353
1 48 9 0.0060 0.0000 0 0 38.312 -13.219 43.829
1 49 7 0.0180 0.4603 0 0 37.800 -15.167 40.606
1 50 18 0.0120 -0.736 0 0 39.380 -13.803 37.447
1 51 5 0.0843 0.7537 0 0 36.849 -14.422 34.701
1 52 12 0.2289 -0.160 0 0 35.540 -13.350 31.331
1 53 12 0.5421 0.4732 0 0 32.090 -11.824 30.949
1 54 3 0.5783 -0.403 0 0 30.621 -12.400 27.521
1 55 11 0.8253 0.4882 0 0 27.488 -10.273 27.359
1 56 12 0.8313 -0.462 0 0 24.847 -10.421 24.655
1 57 3 0.8795 -0.081 0 0 22.745 -7.257 24.439
1 58 18 0.8373 0.5150 0 0 19.515 -8.217 22.666
1 59 0 0.6807 -0.943 0 0 16.654 -6.449 20.863
1 60 9 0.7349 0.0000 0 0 13.564 -5.427 22.799
1 61 12 0.4096 -0.370 0 0 11.650 -4.232 19.732
1 62 7 0.2469 -0.416 0 0 9.284 -7.033 18.783
1 63 7 0.0602 -0.303 0 0 10.357 -6.717 15.155
1 64 20 0.2108 -0.070 0 0 13.360 -8.866 16.106
1 65 17 0.3493 -0.548 0 0 11.528 -11.376 18.330
1 66 0 0.1024 -0.907 0 0 12.474 -14.238 15.985
1 67 14 0.3072 0.0341 0 0 16.098 -13.947 17.140
1 68 1 0.4939 0.3150 0 0 15.219 -14.872 20.736
1 69 3 0.3132 -0.690 0 0 15.312 -18.642 20.223
1 70 6 0.2650 -0.414 0 0 18.970 -18.547 19.160
1 71 20 0.5662 0.7027 0 0 20.355 -16.348 21.933
1 72 14 0.6265 0.3189 0 0 18.329 -18.116 24.621
1 73 1 0.3614 -0.619 0 0 20.022 -21.323 23.505
1 74 18 0.4156 0.0863 0 0 23.610 -20.147 24.047
1 75 9 0.7048 0.0000 0 0 23.218 -18.089 27.248
1 76 7 0.6626 -0.639 0 0 24.231 -19.348 30.694
1 77 9 0.8674 0.0000 0 0 22.365 -16.682 32.656
1 78 15 0.9638 -0.702 0 0 19.771 -14.033 31.833
1 79 12 0.9939 0.5723 0 0 19.364 -10.483 33.082
1 80 5 0.9819 -0.741 0 0 15.630 -9.863 32.737
1 81 22 0.9759 0.4473 0 0 15.169 -6.104 32.603
1 82 15 0.8915 -0.334 0 0 12.090 -3.928 32.872
1 83 0 0.7530 -0.396 0 0 11.811 -0.218 33.676
1 84 11 0.5361 -0.134 0 0 10.143 0.907 36.903
1 85 2 0.3253 0.1294 0 0 8.283 3.619 34.940
1 86 2 0.3975 0.3537 0 0 6.948 1.171 32.354
1 87 18 0.2891 -0.868 0 0 4.258 -1.164 33.644
1 88 13 0.3373 -0.289 0 0 3.912 -2.908 30.295
1 89 17 0.6204 0.4581 0 0 7.645 -3.773 30.328
1 90 15 0.6385 -0.268 0 0 7.175 -5.430 33.726
1 91 7 0.4277 -0.861 0 0 4.188 -7.410 32.440
1 92 3 0.5722 -0.214 0 0 6.320 -8.427 29.410
1 93 11 0.7951 0.7052 0 0 8.855 -10.171 31.710
1 94 10 0.5481 -0.834 0 0 6.758 -13.321 31.964
1 95 6 0.4759 -0.917 0 0 6.907 -13.816 28.180
1 96 20 0.7710 0.4142 0 0 10.703 -13.536 28.272
1 97 1 0.7289 -0.555 0 0 10.845 -15.961 31.223
1 98 7 0.4216 -0.680 0 0 8.406 -18.401 29.625
1 99 6 0.4397 0.0637 0 0 10.478 -18.551 26.466
1 100 11 0.6144 0.9726 0 0 13.707 -18.967 28.424
1 101 13 0.3915 -0.570 0 0 11.915 -21.745 30.372
1 102 1 0.1325 -0.050 0 0 10.703 -23.439 27.176
1 103 22 0.2168 0.5326 0 0 13.991 -23.066 25.272
1 104 13 0.2530 0.7137 0 0 16.147 -24.177 28.235
1 105 3 0.0481 -0.995 0 0 13.609 -26.864 29.144
1 106 17 0.1204 0.3520 0 0 14.215 -25.901 32.759
1 107 3 0.2228 -0.736 0 0 12.617 -23.813 35.454
1 108 3 0.3433 -0.877 0 0 15.955 -23.459 37.222
1 109 22 0.5602 0.3318 0 0 17.701 -21.240 34.648
1 110 16 0.7409 -0.526 0 0 20.056 -18.717 36.236
1 111 14 0.9096 -0.212 0 0 18.327 -15.335 36.061
1 112 22 0.9397 0.0614 0 0 18.060 -12.008 37.868
1 113 12 0.9337 -0.646 0 0 15.064 -9.647 37.635
1 114 22 0.9578 0.7005 0 0 16.214 -6.042 37.151
1 115 9 0.8614 0.0000 0 0 14.070 -2.936 37.642
1 116 2 0.8493 0.2793 0 0 15.939 -0.212 35.783
1 117 13 0.5903 0.1034 0 0 15.565 3.595 35.696
1 118 5 0.4638 0.2940 0 0 15.315 3.770 39.483
1 119 3 0.1927 0.3317 0 0 16.599 7.361 39.284
1 120 12 0.1144 0.3527 0 0 13.171 8.335 37.863
1 121 0 0.0240 -0.920 0 0 10.203 9.222 40.078
1 122 0 0.0301 -0.009 0 0 7.426 8.274 37.617
1 123 1 0.0783 0.4449 0 0 7.322 4.857 39.245
1 124 18 0.0662 -0.002 0 0 4.457 2.560 38.384
1 125 22 0.2590 0.8794 0 0 6.091 -0.723 39.437
1 126 7 0.1265 -0.890 0 0 6.494 -0.817 43.201
1 127 17 0.2771 -0.045 0 0 9.465 -2.697 44.604
1 128 1 0.0963 -0.784 0 0 7.257 -5.259 46.354
1 129 6 0.1566 -0.405 0 0 5.429 -6.112 43.112
1 130 0 0.4819 0.6553 0 0 8.716 -7.003 41.476
1 131 6 0.4036 -0.523 0 0 10.044 -8.814 44.571
1 132 3 0.1867 -0.863 0 0 6.984 -11.045 44.331
1 133 12 0.4337 0.5966 0 0 7.506 -11.812 40.650
1 134 0 0.5963 0.4431 0 0 11.166 -12.667 41.244
1 135 1 0.3313 -0.981 0 0 10.201 -14.846 44.227
1 136 17 0.2048 0.2671 0 0 7.822 -16.852 42.004
1 137 20 0.4578 0.5377 0 0 10.742 -17.560 39.648
1 138 9 0.3734 0.0000 0 0 13.160 -18.364 42.477
1 139 11 0.6506 0.7767 0 0 15.482 -15.439 41.666
1 140 16 0.6987 0.2634 0 0 16.639 -12.122 43.165
1 141 20 0.7771 -0.058 0 0 15.227 -8.706 42.283
1 142 11 0.8072 0.4550 0 0 17.594 -5.759 42.007
1 143 7 0.7650 -0.685 0 0 16.958 -2.105 41.117
1 144 18 0.8012 0.9731 0 0 19.373 -0.221 38.923
1 145 17 0.6445 -0.972 0 0 19.988 3.097 37.251
1 146 0 0.6927 0.4651 0 0 22.210 3.043 34.174
1 147 13 0.3795 -0.739 0 0 22.195 6.843 34.505
1 148 18 0.2409 -0.103 0 0 23.626 7.115 38.040
1 149 1 0.4457 -0.183 0 0 25.323 3.676 38.115
1 150 6 0.4518 -0.314 0 0 23.241 2.633 41.122
1 151 9 0.6746 0.0000 0 0 23.104 -1.176 41.269
1 152 22 0.8132 -0.064 0 0 24.642 -1.754 37.823
1 153 7 0.7168 -0.932 0 0 27.684 -3.790 38.846
1 154 3 0.7228 -0.768 0 0 25.556 -5.432 41.507
1 155 0 0.9156 0.6695 0 0 23.017 -6.700 38.967
1 156 15 0.9216 0.5275 0 0 25.579 -8.277 36.653
1 157 20 0.7469 -0.556 0 0 27.691 -9.698 39.487
1 158 18 0.7831 0.0771 0 0 24.547 -11.109 41.101
1 159 12 0.8855 0.7577 0 0 23.776 -12.915 37.841
1 160 22 0.7108 -0.384 0 0 27.273 -14.464 37.883
1 161 1 0.5060 -0.096 0 0 26.611 -15.555 41.495
1 162 7 0.6084 0.2772 0 0 23.333 -17.160 40.305
1 163 11 0.5542 0.5037 0 0 25.099 -19.072 37.512
1 164 1 0.2710 0.0896 0 0 27.559 -20.389 40.148
1 165 6 0.1626 0.3545 0 0 24.594 -21.853 42.110
1 166 10 0.1746 0.1851 0 0 23.472 -23.904 39.098
