1 1 14 0.0 0.4446 0 0 -36.157 76.146 -76.444
1 2 18 0.0374 0.1948 0 0 -34.774 72.719 -77.360
1 3 7 0.1999 0.1518 0 0 -32.328 71.299 -74.847
1 4 20 0.5125 -0.195 0 0 -29.653 68.702 -75.647
1 5 13 0.6562 -0.858 0 0 -27.887 66.876 -72.810
1 6 12 0.8875 0.1903 0 0 -24.390 65.804 -73.844
1 7 22 0.9375 -0.682 0 0 -21.966 63.752 -71.765
1 8 22 0.9875 0.3872 0 0 -18.217 63.621 -72.440
1 9 22 0.9562 -0.274 0 0 -16.502 60.380 -71.352
1 10 9 0.9125 0.0000 0 0 -13.095 58.779 -71.766
1 11 0 0.7312 -0.503 0 0 -9.840 57.870 -70.044
1 12 22 0.5625 -0.982 0 0 -7.893 60.141 -67.678
1 13 9 0.5687 0.0000 0 0 -6.066 62.976 -69.428
1 14 22 0.7937 0.5890 0 0 -7.456 62.473 -72.936
1 15 9 0.8437 0.0000 0 0 -8.728 66.064 -72.965
1 16 13 0.9437 0.0053 0 0 -12.419 65.852 -72.063
1 17 17 0.825 -0.654 0 0 -12.288 69.090 -70.065
1 18 0 0.7625 -0.340 0 0 -10.082 70.956 -72.519
1 19 12 0.9062 0.6942 0 0 -12.476 70.050 -75.370
1 20 18 0.8812 0.2841 0 0 -15.549 71.166 -73.421
1 21 11 0.65 -0.487 0 0 -13.907 74.385 -72.247
1 22 6 0.6125 -0.423 0 0 -12.668 75.190 -75.787
1 23 12 0.7062 0.5655 0 0 -16.192 74.725 -77.180
1 24 11 0.5437 0.3240 0 0 -17.925 76.668 -74.399
1 25 6 0.3312 0.0060 0 0 -15.347 79.262 -73.359
1 26 2 0.2624 -0.229 0 0 -13.095 79.605 -76.419
1 27 10 0.2062 -0.118 0 0 -9.700 79.069 -74.789
1 28 15 0.3375 0.1335 0 0 -7.288 76.172 -74.292
1 29 22 0.3125 0.3737 0 0 -6.640 74.757 -70.835
1 30 3 0.0999 -0.579 0 0 -2.904 73.954 -70.738
1 31 7 0.0625 -0.318 0 0 -2.732 72.610 -67.171
1 32 20 0.1562 0.3639 0 0 -4.044 69.343 -65.808
1 33 3 0.1312 -0.567 0 0 -6.667 69.413 -63.052
1 34 16 0.2875 -0.863 0 0 -8.446 66.072 -62.723
1 35 18 0.4437 0.8878 0 0 -12.213 66.461 -62.975
1 36 11 0.3249 -0.996 0 0 -14.717 65.105 -60.504
1 37 7 0.4499 0.2484 0 0 -17.969 66.089 -62.267
1 38 3 0.4937 -0.204 0 0 -18.562 69.490 -63.920
1 39 17 0.525 -0.677 0 0 -21.392 70.810 -66.063
1 40 20 0.5187 0.3355 0 0 -21.663 73.590 -68.612
1 41 1 0.3874 -0.615 0 0 -24.687 75.221 -70.213
1 42 13 0.3187 0.1331 0 0 -24.683 77.472 -73.274
1 43 6 0.0937 -0.960 0 0 -27.324 78.761 -75.671
1 44 22 0.1687 0.9859 0 0 -26.208 78.184 -79.266
1 45 22 0.0687 -0.960 0 0 -27.671 77.995 -82.777
1 46 11 0.2249 0.9455 0 0 -27.044 74.620 -84.428
1 47 3 0.0562 0.6994 0 0 -28.318 74.201 -87.988
1 48 9 0.0062 0.0000 0 0 -30.751 77.077 -87.559
1 49 7 0.0250 0.4359 0 0 -32.132 75.756 -84.289
1 50 18 0.0187 -0.762 0 0 -31.707 77.807 -81.162
1 51 5 0.1062 0.7463 0 0 -30.936 75.331 -78.435
1 52 12 0.2125 -0.539 0 0 -29.611 74.917 -74.930
1 53 12 0.5375 0.5331 0 0 -26.540 72.688 -74.637
1 54 3 0.5875 -0.901 0 0 -26.004 71.090 -71.272
1 55 11 0.8312 0.5541 0 0 -22.635 69.325 -71.180
1 56 12 0.8125 -0.424 0 0 -21.527 66.982 -68.447
1 57 3 0.8625 -0.073 0 0 -17.757 66.785 -68.195
1 58 18 0.8 0.4985 0 0 -17.041 63.508 -66.371
1 59 0 0.6312 -0.973 0 0 -14.012 62.077 -64.556
1 60 9 0.6687 0.0000 0 0 -11.745 59.726 -66.431
0 61 6 0 0 0 0 -11.745 59.726 -66.431
0 62 7 0 0 0 0 -11.745 59.726 -66.431
0 63 7 0 0 0 0 -11.745 59.726 -66.431
0 64 20 0 0 0 0 -11.745 59.726 -66.431
0 65 17 0 0 0 0 -11.745 59.726 -66.431
0 66 0 0 0 0 0 -11.745 59.726 -66.431
1 67 14 0.1125 0.0168 0 0 -20.308 57.914 -59.277
1 68 1 0.4312 0.6132 0 0 -20.058 58.643 -63.000
1 69 3 0.3437 -0.356 0 0 -23.047 56.308 -63.501
1 70 6 0.1500 -0.959 0 0 -25.846 58.368 -61.955
1 71 20 0.4125 0.4130 0 0 -24.759 61.607 -63.633
1 72 14 0.6062 0.4951 0 0 -24.485 59.853 -67.002
1 73 1 0.3687 -0.935 0 0 -28.041 58.433 -66.811
1 74 18 0.3812 -0.115 0 0 -29.734 61.619 -68.022
1 75 9 0.675 0.0000 0 0 -27.424 61.985 -71.008
1 76 7 0.6437 -0.582 0 0 -28.999 61.965 -74.462
1 77 9 0.8687 0.0000 0 0 -25.716 61.660 -76.383
1 78 15 0.9687 -0.745 0 0 -22.132 60.713 -75.533
1 79 12 0.9937 0.7586 0 0 -18.816 61.981 -76.864
1 80 5 0.9812 -0.736 0 0 -16.465 59.031 -76.367
1 81 22 0.975 0.4832 0 0 -13.024 60.594 -76.328
1 82 15 0.875 -0.292 0 0 -9.583 59.028 -76.604
1 83 0 0.7375 -0.382 0 0 -6.261 60.651 -77.437
1 84 11 0.5062 -0.116 0 0 -4.413 59.804 -80.680
1 85 2 0.2812 0.1284 0 0 -1.149 59.579 -78.691
1 86 2 0.3562 0.3668 0 0 -2.673 57.262 -76.072
1 87 18 0.2375 -0.876 0 0 -3.237 53.760 -77.364
1 88 13 0.2437 -0.354 0 0 -4.568 52.534 -74.053
1 89 17 0.5812 0.4692 0 0 -7.249 55.295 -74.050
1 90 15 0.5937 -0.252 0 0 -8.385 54.039 -77.470
1 91 7 0.3625 -0.836 0 0 -8.534 50.427 -76.225
1 92 3 0.5 -0.195 0 0 -10.566 51.704 -73.219
1 93 11 0.7187 0.7393 0 0 -13.328 52.980 -75.511
1 94 10 0.4687 -0.965 0 0 -14.888 49.501 -75.502
1 95 6 0.4375 -0.932 0 0 -15.421 49.727 -71.706
1 96 20 0.7125 0.3601 0 0 -16.820 53.233 -71.990
1 97 1 0.6812 -0.416 0 0 -19.318 52.057 -74.587
1 98 7 0.4 -0.730 0 0 -20.390 49.185 -72.320
1 99 6 0.4562 0.3613 0 0 -20.815 51.625 -69.427
1 100 11 0.625 0.9323 0 0 -22.989 53.834 -71.619
1 101 13 0.375 -0.243 0 0 -25.054 50.823 -72.700
1 102 1 0.1624 -0.076 0 0 -25.550 49.981 -69.020
1 103 22 0.3062 0.8319 0 0 -26.492 53.452 -67.787
1 104 13 0.2937 0.6656 0 0 -28.949 53.966 -70.642
1 105 3 0.0437 -0.898 0 0 -30.143 50.356 -70.746
1 106 17 0.0875 0.3668 0 0 -29.989 50.513 -74.524
1 107 3 0.1374 -0.909 0 0 -27.875 49.314 -77.423
1 108 3 0.25 -0.375 0 0 -28.955 52.329 -79.490
1 109 22 0.55 0.3383 0 0 -27.442 55.399 -77.815
1 110 16 0.75 -0.494 0 0 -26.321 58.485 -79.772
1 111 14 0.9 -0.319 0 0 -22.527 58.621 -79.684
1 112 22 0.95 0.1447 0 0 -19.563 60.088 -81.549
1 113 12 0.9312 -0.712 0 0 -16.032 58.679 -81.366
1 114 22 0.9625 0.7368 0 0 -13.477 61.480 -80.830
1 115 9 0.8562 0.0000 0 0 -9.736 61.248 -81.371
1 116 2 0.85 0.2848 0 0 -8.334 64.242 -79.515
1 117 13 0.6 0.0537 0 0 -4.904 65.917 -79.427
1 118 5 0.4625 0.3325 0 0 -4.571 65.692 -83.218
1 119 3 0.2187 0.3195 0 0 -2.147 68.641 -83.076
1 120 12 0.125 0.3271 0 0 0.425 66.307 -81.463
1 121 0 0.0312 -0.902 0 0 2.806 64.176 -83.502
1 122 0 0.0124 -0.081 0 0 3.434 61.139 -81.290
1 123 1 0.0749 0.4770 0 0 0.459 59.448 -82.922
1 124 18 0.0500 -0.004 0 0 -0.036 55.771 -82.045
1 125 22 0.2312 0.8573 0 0 -3.678 55.555 -83.146
1 126 7 0.1187 -0.879 0 0 -3.992 55.860 -86.908
1 127 17 0.2562 -0.018 0 0 -7.112 57.426 -88.349
1 128 1 0.0812 -0.761 0 0 -8.125 54.241 -90.164
1 129 6 0.1437 -0.392 0 0 -7.992 52.229 -86.922
1 130 0 0.4875 0.6477 0 0 -10.405 54.619 -85.204
1 131 6 0.3937 -0.495 0 0 -12.588 54.822 -88.320
1 132 3 0.1812 -0.868 0 0 -12.900 51.052 -88.106
1 133 12 0.4187 0.5956 0 0 -13.962 51.101 -84.438
1 134 0 0.575 0.4591 0 0 -16.538 53.809 -85.084
1 135 1 0.275 -0.984 0 0 -17.870 51.833 -88.059
1 136 17 0.1875 0.2670 0 0 -18.347 48.768 -85.853
1 137 20 0.4250 0.4976 0 0 -20.437 50.897 -83.502
1 138 9 0.35 0.0000 0 0 -22.316 52.568 -86.368
1 139 11 0.6375 0.7248 0 0 -21.123 56.049 -85.386
1 140 16 0.6875 0.2568 0 0 -18.916 58.789 -86.859
1 141 20 0.7812 -0.062 0 0 -15.253 59.291 -86.029
1 142 11 0.8187 0.2667 0 0 -13.912 62.825 -85.796
1 143 7 0.775 -0.726 0 0 -10.475 64.080 -84.842
1 144 18 0.8062 0.9820 0 0 -10.082 67.143 -82.642
1 145 17 0.6625 -0.980 0 0 -7.552 69.397 -80.963
1 146 0 0.7 0.3920 0 0 -8.697 71.332 -77.913
1 147 13 0.4062 -0.780 0 0 -5.492 73.313 -78.465
1 148 18 0.2687 -0.135 0 0 -5.972 74.541 -82.050
1 149 1 0.4812 -0.165 0 0 -9.804 74.223 -82.089
1 150 6 0.475 -0.332 0 0 -9.572 71.848 -85.061
1 151 9 0.6937 0.0000 0 0 -12.748 69.740 -85.206
1 152 22 0.8375 -0.077 0 0 -14.072 70.927 -81.820
1 153 7 0.7437 -0.899 0 0 -17.323 72.513 -82.961
1 154 3 0.7562 -0.637 0 0 -17.695 69.695 -85.506
1 155 0 0.9187 0.6640 0 0 -17.461 67.010 -82.816
1 156 15 0.925 0.5314 0 0 -20.045 68.495 -80.465
1 157 20 0.7687 -0.511 0 0 -22.421 69.597 -83.236
1 158 18 0.7875 0.0665 0 0 -22.132 66.178 -84.868
1 159 12 0.8937 0.7368 0 0 -23.247 64.624 -81.564
1 160 22 0.725 -0.395 0 0 -26.288 66.936 -81.534
1 161 1 0.5312 -0.051 0 0 -26.974 65.794 -85.093
1 162 7 0.6187 0.2523 0 0 -26.724 62.137 -83.994
1 163 11 0.5562 0.5029 0 0 -29.174 62.738 -81.136
1 164 1 0.3000 0.1197 0 0 -31.622 64.192 -83.715
1 165 6 0.1937 0.3561 0 0 -31.408 60.936 -85.704
1 166 10 0.1750 0.7400 0 0 -32.566 58.713 -82.887
