1 1 14 0.0 0.3381 0 0 -4.244 -6.911 -77.359
1 2 18 0.0361 0.1784 0 0 -7.928 -6.469 -78.156
1 3 7 0.1987 0.0170 0 0 -10.317 -7.966 -75.607
1 4 20 0.5120 -0.247 0 0 -13.884 -8.964 -76.516
1 5 13 0.6686 -0.793 0 0 -16.319 -9.388 -73.616
1 6 12 0.8975 0.0895 0 0 -18.867 -12.026 -74.637
1 7 22 0.9457 -0.649 0 0 -21.871 -13.128 -72.591
1 8 22 0.9879 0.3175 0 0 -23.854 -16.326 -73.172
1 9 22 0.9698 -0.209 0 0 -27.546 -16.206 -72.156
1 10 9 0.9277 0.0000 0 0 -30.657 -18.325 -72.591
1 11 0 0.7891 -0.532 0 0 -33.063 -20.652 -70.791
1 12 22 0.6144 -0.929 0 0 -32.139 -23.578 -68.557
1 13 9 0.6084 0.0000 0 0 -30.590 -26.546 -70.287
1 14 22 0.8192 0.6141 0 0 -30.196 -25.073 -73.778
1 15 9 0.8554 0.0000 0 0 -26.449 -25.760 -73.816
1 16 13 0.9518 0.1021 0 0 -24.824 -22.464 -72.846
1 17 17 0.8433 -0.610 0 0 -22.108 -24.173 -70.822
1 18 0 0.7590 -0.322 0 0 -21.600 -27.032 -73.256
1 19 12 0.9036 0.6840 0 0 -21.117 -24.513 -76.059
1 20 18 0.8795 0.3250 0 0 -18.602 -22.450 -74.130
1 21 11 0.6445 -0.421 0 0 -16.689 -25.518 -72.925
1 22 6 0.5843 -0.412 0 0 -16.593 -26.984 -76.461
1 23 12 0.6867 0.5545 0 0 -15.168 -23.685 -77.746
1 24 11 0.5060 0.3416 0 0 -12.597 -23.184 -75.001
1 25 6 0.2891 0.0468 0 0 -11.704 -26.757 -73.989
1 26 2 0.2349 -0.239 0 0 -12.540 -28.821 -77.072
1 27 10 0.1807 -0.122 0 0 -14.761 -31.459 -75.485
1 28 15 0.3313 0.1482 0 0 -18.460 -32.111 -74.952
1 29 22 0.3072 0.3466 0 0 -19.999 -32.013 -71.485
1 30 3 0.1084 -0.622 0 0 -22.619 -34.811 -71.450
1 31 7 0.0722 -0.336 0 0 -23.827 -34.289 -67.891
1 32 20 0.1746 0.3996 0 0 -25.967 -31.488 -66.575
1 33 3 0.1506 -0.625 0 0 -24.685 -29.231 -63.817
1 34 16 0.3554 -0.865 0 0 -26.688 -26.014 -63.490
1 35 18 0.4698 0.8508 0 0 -24.558 -22.882 -63.764
1 36 11 0.3674 -0.988 0 0 -24.656 -19.937 -61.432
1 37 7 0.4939 0.1485 0 0 -22.041 -17.837 -63.234
1 38 3 0.5180 -0.270 0 0 -18.639 -18.820 -64.665
1 39 17 0.5361 -0.532 0 0 -15.929 -16.997 -66.617
1 40 20 0.5240 0.3543 0 0 -13.580 -18.294 -69.335
1 41 1 0.3915 -0.443 0 0 -10.672 -16.450 -70.980
1 42 13 0.2951 0.0980 0 0 -8.676 -17.534 -74.016
1 43 6 0.1024 -0.967 0 0 -6.349 -15.972 -76.542
1 44 22 0.1385 0.9775 0 0 -7.292 -16.755 -80.125
1 45 22 0.0542 -0.972 0 0 -6.639 -15.384 -83.601
1 46 11 0.1566 0.9716 0 0 -9.768 -14.167 -85.390
1 47 3 0.0421 0.6779 0 0 -9.425 -12.770 -88.920
1 48 9 0.0060 0.0000 0 0 -5.725 -12.241 -88.372
1 49 7 0.0120 0.4855 0 0 -6.270 -10.336 -85.144
1 50 18 0.0180 -0.717 0 0 -4.766 -11.778 -81.990
1 51 5 0.0843 0.7423 0 0 -7.292 -11.136 -79.255
1 52 12 0.2289 -0.297 0 0 -8.606 -12.244 -75.897
1 53 12 0.5481 0.4474 0 0 -12.076 -13.694 -75.511
1 54 3 0.5783 -0.394 0 0 -13.525 -13.131 -72.065
1 55 11 0.8253 0.4886 0 0 -16.678 -15.238 -71.911
1 56 12 0.8313 -0.475 0 0 -19.320 -15.103 -69.210
1 57 3 0.8734 -0.077 0 0 -21.413 -18.248 -68.899
1 58 18 0.8373 0.5302 0 0 -24.664 -17.296 -67.184
1 59 0 0.6807 -0.949 0 0 -27.539 -19.050 -65.386
1 60 9 0.7228 0.0000 0 0 -30.670 -20.134 -67.245
1 61 6 0.4096 -0.511 0 0 -32.514 -20.936 -64.002
1 62 7 0.2831 -0.422 0 0 -35.032 -18.108 -63.649
1 63 7 0.0602 -0.278 0 0 -34.335 -18.260 -59.907
1 64 20 0.2048 -0.172 0 0 -31.121 -16.332 -60.645
1 65 17 0.3433 -0.570 0 0 -32.722 -13.761 -62.955
1 66 0 0.0903 -0.896 0 0 -31.703 -11.006 -60.525
1 67 14 0.3012 0.0414 0 0 -28.097 -11.456 -61.686
1 68 1 0.5 0.3360 0 0 -28.943 -10.540 -65.288
1 69 3 0.3373 -0.676 0 0 -28.771 -6.765 -64.913
1 70 6 0.2650 -0.498 0 0 -25.155 -6.949 -63.755
1 71 20 0.5722 0.7041 0 0 -23.850 -9.128 -66.590
1 72 14 0.6325 0.3303 0 0 -25.850 -7.283 -69.232
1 73 1 0.3614 -0.965 0 0 -24.106 -4.103 -68.033
1 74 18 0.4156 -0.320 0 0 -20.530 -5.266 -68.674
1 75 9 0.6987 0.0000 0 0 -20.860 -7.431 -71.801
1 76 7 0.6566 -0.633 0 0 -19.916 -6.146 -75.258
1 77 9 0.8674 0.0000 0 0 -21.829 -8.830 -77.175
1 78 15 0.9638 -0.710 0 0 -24.407 -11.485 -76.346
1 79 12 0.9939 0.5803 0 0 -24.908 -15.029 -77.610
1 80 5 0.9819 -0.745 0 0 -28.644 -15.631 -77.199
1 81 22 0.9759 0.4495 0 0 -29.074 -19.378 -77.117
1 82 15 0.8915 -0.334 0 0 -32.144 -21.578 -77.394
1 83 0 0.7530 -0.387 0 0 -32.399 -25.269 -78.231
1 84 11 0.5301 -0.128 0 0 -34.070 -26.407 -81.436
1 85 2 0.3132 0.1345 0 0 -35.916 -29.145 -79.501
1 86 2 0.3855 0.3898 0 0 -37.250 -26.718 -76.908
1 87 18 0.2710 -0.872 0 0 -39.956 -24.366 -78.155
1 88 13 0.3253 -0.318 0 0 -40.288 -22.670 -74.771
1 89 17 0.6265 0.4576 0 0 -36.563 -21.745 -74.842
1 90 15 0.6385 -0.264 0 0 -37.095 -20.084 -78.232
1 91 7 0.4216 -0.865 0 0 -40.087 -18.133 -76.877
1 92 3 0.5602 -0.246 0 0 -37.931 -17.139 -73.868
1 93 11 0.7951 0.6958 0 0 -35.352 -15.391 -76.130
1 94 10 0.5542 -0.804 0 0 -37.374 -12.187 -76.268
1 95 6 0.4759 0.0021 0 0 -37.157 -11.753 -72.472
1 96 20 0.7831 0.4450 0 0 -33.370 -11.968 -72.751
1 97 1 0.7349 -0.548 0 0 -33.247 -9.533 -75.689
1 98 7 0.4277 -0.701 0 0 -35.750 -7.136 -74.141
1 99 6 0.4397 0.0380 0 0 -33.682 -6.851 -70.981
1 100 11 0.6204 0.9716 0 0 -30.438 -6.541 -72.929
1 101 13 0.3975 -0.576 0 0 -32.225 -3.768 -74.879
1 102 1 0.1325 0.0142 0 0 -33.367 -1.948 -71.719
1 103 22 0.2228 0.5614 0 0 -30.043 -2.306 -69.896
1 104 13 0.2469 0.7441 0 0 -28.006 -1.152 -72.920
1 105 3 0.0481 -0.994 0 0 -30.646 1.442 -73.770
1 106 17 0.1265 0.5956 0 0 -29.891 0.371 -77.326
1 107 3 0.1867 -0.328 0 0 -31.575 -1.409 -80.211
1 108 3 0.3493 -0.753 0 0 -28.203 -2.224 -81.780
1 109 22 0.5662 0.3281 0 0 -26.418 -4.229 -79.094
1 110 16 0.7469 -0.540 0 0 -24.114 -6.776 -80.699
1 111 14 0.9096 -0.204 0 0 -25.860 -10.163 -80.544
1 112 22 0.9397 0.0611 0 0 -26.161 -13.497 -82.334
1 113 12 0.9337 -0.654 0 0 -29.177 -15.830 -82.128
1 114 22 0.9578 0.7045 0 0 -28.045 -19.425 -81.647
1 115 9 0.8614 0.0000 0 0 -30.165 -22.525 -82.177
1 116 2 0.8493 0.2896 0 0 -28.288 -25.222 -80.313
1 117 13 0.5963 0.0940 0 0 -28.623 -29.031 -80.195
1 118 5 0.4638 0.3015 0 0 -28.895 -29.195 -83.974
1 119 3 0.2168 0.3344 0 0 -27.625 -32.796 -83.828
1 120 12 0.1144 0.3679 0 0 -31.006 -33.816 -82.344
1 121 0 0.0240 -0.921 0 0 -33.912 -34.821 -84.549
1 122 0 0.0301 -0.060 0 0 -36.754 -33.829 -82.186
1 123 1 0.0783 0.4528 0 0 -36.871 -30.385 -83.758
1 124 18 0.0662 -0.011 0 0 -39.771 -28.109 -82.871
1 125 22 0.2590 0.8745 0 0 -38.142 -24.806 -83.885
1 126 7 0.1204 -0.899 0 0 -37.739 -24.691 -87.647
1 127 17 0.2771 -0.050 0 0 -34.777 -22.803 -89.086
1 128 1 0.0963 -0.649 0 0 -37.027 -20.265 -90.817
1 129 6 0.1686 -0.416 0 0 -38.869 -19.460 -87.587
1 130 0 0.4819 0.6577 0 0 -35.574 -18.514 -85.966
1 131 6 0.4036 -0.502 0 0 -34.301 -16.689 -89.074
1 132 3 0.1927 -0.845 0 0 -37.381 -14.475 -88.800
1 133 12 0.4337 0.5863 0 0 -36.739 -13.665 -85.145
1 134 0 0.5903 0.4339 0 0 -33.079 -12.832 -85.810
1 135 1 0.3192 -0.782 0 0 -34.088 -10.626 -88.759
1 136 17 0.2108 0.2754 0 0 -36.444 -8.620 -86.534
1 137 20 0.4457 0.5503 0 0 -33.535 -7.981 -84.161
1 138 9 0.3795 0.0000 0 0 -31.116 -7.184 -86.985
1 139 11 0.6626 0.7699 0 0 -28.751 -10.053 -86.079
1 140 16 0.7048 0.2384 0 0 -27.536 -13.349 -87.608
1 141 20 0.7771 -0.061 0 0 -29.013 -16.765 -86.801
1 142 11 0.8072 0.2415 0 0 -26.635 -19.682 -86.515
1 143 7 0.7650 -0.689 0 0 -27.277 -23.326 -85.632
1 144 18 0.8012 0.9750 0 0 -24.854 -25.215 -83.423
1 145 17 0.6506 -0.976 0 0 -24.205 -28.529 -81.756
1 146 0 0.6927 0.4654 0 0 -21.995 -28.477 -78.698
1 147 13 0.3734 -0.749 0 0 -21.961 -32.294 -79.096
1 148 18 0.2409 -0.096 0 0 -20.535 -32.513 -82.635
1 149 1 0.4518 -0.176 0 0 -18.898 -29.063 -82.660
1 150 6 0.4578 -0.336 0 0 -20.992 -28.015 -85.680
1 151 9 0.6746 0.0000 0 0 -21.185 -24.234 -85.855
1 152 22 0.8132 -0.056 0 0 -19.594 -23.629 -82.457
1 153 7 0.7168 -0.900 0 0 -16.593 -21.571 -83.585
1 154 3 0.7289 -0.575 0 0 -18.824 -19.918 -86.183
1 155 0 0.9156 0.6778 0 0 -21.256 -18.704 -83.519
1 156 15 0.9216 0.5271 0 0 -18.647 -17.167 -81.220
1 157 20 0.7409 -0.536 0 0 -16.510 -15.709 -84.022
1 158 18 0.7710 0.0821 0 0 -19.606 -14.259 -85.670
1 159 12 0.8855 0.7605 0 0 -20.410 -12.510 -82.396
1 160 22 0.7108 -0.376 0 0 -16.890 -10.964 -82.468
1 161 1 0.4879 -0.107 0 0 -17.543 -9.814 -86.044
1 162 7 0.6024 0.3018 0 0 -20.825 -8.223 -84.860
1 163 11 0.5421 0.5138 0 0 -19.068 -6.327 -82.062
1 164 1 0.2530 0.0757 0 0 -16.572 -5.058 -84.677
1 165 6 0.1445 0.3294 0 0 -19.440 -3.522 -86.688
1 166 10 0.1626 0.1912 0 0 -20.524 -1.501 -83.649
