1 1 14 0.0 0.4344 0 0 -36.239 76.715 -78.056
1 2 18 0.0421 0.1228 0 0 -34.742 73.308 -78.833
1 3 7 0.2048 0.2955 0 0 -32.372 71.937 -76.199
1 4 20 0.5120 -0.240 0 0 -29.701 69.318 -76.901
1 5 13 0.6626 -0.656 0 0 -28.006 67.598 -73.953
1 6 12 0.9036 0.0754 0 0 -24.503 66.588 -75.072
1 7 22 0.9457 -0.659 0 0 -22.096 64.549 -72.981
1 8 22 0.9879 0.3761 0 0 -18.329 64.374 -73.515
1 9 22 0.9698 -0.264 0 0 -16.663 61.125 -72.397
1 10 9 0.9337 0.0000 0 0 -13.345 59.393 -72.792
1 11 0 0.7951 -0.533 0 0 -10.061 58.657 -71.048
1 12 9 0.6325 0.0000 0 0 -8.269 60.995 -68.703
1 13 9 0.6265 0.0000 0 0 -6.278 63.685 -70.468
1 14 22 0.8192 0.6054 0 0 -7.610 63.197 -73.990
1 15 9 0.8674 0.0000 0 0 -8.866 66.804 -74.120
1 16 13 0.9518 0.1176 0 0 -12.573 66.637 -73.169
1 17 17 0.8433 -0.605 0 0 -12.442 69.860 -71.168
1 18 0 0.7831 -0.247 0 0 -10.218 71.654 -73.671
1 19 12 0.9096 0.6829 0 0 -12.645 70.730 -76.444
1 20 18 0.8915 0.3147 0 0 -15.704 71.921 -74.536
1 21 11 0.6566 -0.435 0 0 -14.052 75.121 -73.362
1 22 6 0.6204 -0.420 0 0 -12.833 75.917 -76.889
1 23 12 0.7048 0.5369 0 0 -16.406 75.516 -78.176
1 24 11 0.5301 0.3501 0 0 -18.103 77.491 -75.426
1 25 6 0.3132 0.0553 0 0 -15.473 80.046 -74.436
1 26 2 0.2771 -0.237 0 0 -13.178 80.310 -77.471
1 27 10 0.2108 -0.081 0 0 -9.835 79.777 -75.767
1 28 15 0.3373 0.1546 0 0 -7.444 76.865 -75.311
1 29 22 0.3313 0.3643 0 0 -6.778 75.524 -71.836
1 30 3 0.1204 -0.607 0 0 -3.063 74.656 -71.747
1 31 7 0.0843 -0.331 0 0 -2.949 73.308 -68.209
1 32 20 0.2228 0.4737 0 0 -4.251 69.954 -67.080
1 33 3 0.1867 -0.631 0 0 -6.752 70.140 -64.213
1 34 16 0.3554 -0.795 0 0 -8.620 66.823 -64.009
1 35 18 0.4879 0.8634 0 0 -12.389 67.216 -64.077
1 36 11 0.3795 -0.993 0 0 -14.984 65.807 -61.756
1 37 7 0.5060 0.2783 0 0 -18.246 66.799 -63.471
1 38 3 0.5421 -0.246 0 0 -18.792 70.217 -65.070
1 39 17 0.5722 -0.791 0 0 -21.652 71.636 -67.132
1 40 20 0.5481 0.3299 0 0 -21.785 74.385 -69.755
1 41 1 0.3975 -0.594 0 0 -24.677 76.014 -71.609
1 42 13 0.3253 0.1653 0 0 -24.723 78.078 -74.767
1 43 6 0.1024 -0.913 0 0 -27.324 79.296 -77.251
1 44 22 0.1506 0.9791 0 0 -26.198 78.764 -80.840
1 45 22 0.0542 -0.975 0 0 -27.789 78.639 -84.273
1 46 11 0.1686 0.9703 0 0 -27.229 75.308 -86.000
1 47 3 0.0361 0.6555 0 0 -28.527 74.907 -89.545
1 48 9 0.0060 0.0000 0 0 -30.937 77.798 -89.011
1 49 7 0.0120 0.4778 0 0 -32.348 76.478 -85.754
1 50 18 0.0180 -0.701 0 0 -31.783 78.338 -82.503
1 51 5 0.1265 0.5756 0 0 -30.391 75.623 -80.189
1 52 12 0.2409 -0.343 0 0 -29.622 75.504 -76.482
1 53 12 0.5602 0.4424 0 0 -26.614 73.248 -75.954
1 54 3 0.5903 -0.885 0 0 -26.238 71.766 -72.489
1 55 11 0.8253 0.4968 0 0 -22.816 70.174 -72.387
1 56 12 0.8313 -0.341 0 0 -21.659 67.813 -69.677
1 57 3 0.8855 -0.088 0 0 -17.901 67.552 -69.338
1 58 18 0.8373 0.4980 0 0 -17.165 64.299 -67.541
1 59 0 0.6927 -0.949 0 0 -14.251 62.766 -65.658
1 60 9 0.7289 0.0000 0 0 -11.891 60.460 -67.494
1 61 6 0.4216 -0.496 0 0 -9.802 59.769 -64.414
1 62 7 0.2168 -0.584 0 0 -11.002 56.656 -62.606
1 63 7 0.0481 -0.396 0 0 -10.267 58.495 -59.339
1 64 20 0.1987 -0.156 0 0 -12.694 61.266 -60.312
1 65 17 0.3493 0.1162 0 0 -15.205 58.967 -62.036
1 66 0 0.0903 -0.220 0 0 -17.574 58.968 -59.026
1 67 14 0.1325 -0.597 0 0 -21.188 59.010 -60.226
1 68 1 0.4698 0.6437 0 0 -20.466 59.576 -63.913
1 69 3 0.3855 -0.419 0 0 -23.239 57.065 -64.697
1 70 6 0.2349 -0.949 0 0 -25.791 59.334 -63.069
1 71 20 0.4759 -0.280 0 0 -24.673 62.290 -65.183
1 72 14 0.6686 0.4974 0 0 -24.460 60.275 -68.399
1 73 1 0.4156 -0.989 0 0 -28.048 59.047 -67.930
1 74 18 0.4277 0.0040 0 0 -29.505 62.386 -68.991
1 75 9 0.6987 0.0000 0 0 -27.488 62.748 -72.193
1 76 7 0.6385 -0.622 0 0 -29.131 62.786 -75.622
1 77 9 0.8614 0.0000 0 0 -25.877 62.432 -77.544
1 78 15 0.9638 -0.665 0 0 -22.285 61.576 -76.689
1 79 12 0.9939 0.5085 0 0 -18.875 62.582 -77.964
1 80 5 0.9819 -0.783 0 0 -16.566 59.614 -77.443
1 81 22 0.9759 0.5212 0 0 -13.113 61.181 -77.333
1 82 15 0.8795 -0.366 0 0 -9.682 59.597 -77.658
1 83 0 0.7530 -0.344 0 0 -6.342 61.280 -78.441
1 84 11 0.5180 -0.106 0 0 -4.511 60.388 -81.641
1 85 2 0.3012 0.1545 0 0 -1.248 60.197 -79.691
1 86 2 0.3674 0.3943 0 0 -2.655 57.848 -77.011
1 87 18 0.2590 -0.880 0 0 -3.224 54.346 -78.300
1 88 13 0.2951 -0.348 0 0 -4.667 53.196 -74.963
1 89 17 0.6024 0.4584 0 0 -7.322 55.968 -75.048
1 90 15 0.5963 -0.285 0 0 -8.444 54.580 -78.415
1 91 7 0.3734 -0.848 0 0 -8.444 50.999 -77.176
1 92 3 0.5240 -0.532 0 0 -10.601 52.098 -74.263
1 93 11 0.7771 0.6779 0 0 -13.327 53.741 -76.355
1 94 10 0.5361 -0.805 0 0 -15.339 50.507 -76.161
1 95 6 0.4939 -0.297 0 0 -15.599 50.860 -72.359
1 96 20 0.7891 0.3369 0 0 -17.205 54.263 -72.771
1 97 1 0.7409 -0.339 0 0 -19.639 53.114 -75.455
1 98 7 0.4397 -0.496 0 0 -20.659 50.203 -73.226
1 99 6 0.5 0.3607 0 0 -21.284 52.549 -70.301
1 100 11 0.6506 0.9063 0 0 -23.368 54.758 -72.565
1 101 13 0.4096 -0.124 0 0 -25.422 51.773 -73.728
1 102 1 0.1927 -0.065 0 0 -25.986 50.718 -70.117
1 103 22 0.3192 0.8252 0 0 -27.041 54.134 -68.817
1 104 13 0.3072 0.6687 0 0 -29.365 54.731 -71.775
1 105 3 0.0602 -0.580 0 0 -30.603 51.132 -71.856
1 106 17 0.0963 0.2857 0 0 -30.415 51.327 -75.610
1 107 3 0.1566 -0.909 0 0 -28.100 50.125 -78.370
1 108 3 0.2891 -0.406 0 0 -29.137 53.083 -80.518
1 109 22 0.5662 0.3283 0 0 -27.749 56.249 -78.930
1 110 16 0.7349 -0.505 0 0 -26.458 59.247 -80.913
1 111 14 0.8975 -0.205 0 0 -22.654 59.371 -80.784
1 112 22 0.9397 0.0868 0 0 -19.655 60.734 -82.641
1 113 12 0.9277 -0.658 0 0 -16.140 59.298 -82.410
1 114 22 0.9578 0.7494 0 0 -13.602 62.068 -81.896
1 115 9 0.8554 0.0000 0 0 -9.858 61.794 -82.412
1 116 2 0.8493 0.3171 0 0 -8.469 64.843 -80.582
1 117 13 0.6144 0.1070 0 0 -5.003 66.469 -80.418
1 118 5 0.4457 0.2991 0 0 -4.661 66.201 -84.216
1 119 3 0.2289 0.3510 0 0 -2.215 69.110 -84.109
1 120 12 0.1144 0.3851 0 0 0.345 66.781 -82.478
1 121 0 0.0240 -0.905 0 0 2.815 64.756 -84.543
1 122 0 0.0301 -0.043 0 0 3.351 61.686 -82.337
1 123 1 0.0722 0.4565 0 0 0.358 59.996 -83.964
1 124 18 0.0662 -0.014 0 0 -0.139 56.355 -83.016
1 125 22 0.2469 0.8641 0 0 -3.778 56.105 -84.111
1 126 7 0.1084 -0.881 0 0 -4.099 56.454 -87.881
1 127 17 0.2710 -0.035 0 0 -7.256 57.993 -89.343
1 128 1 0.0783 -0.803 0 0 -8.209 54.766 -91.139
1 129 6 0.1445 -0.210 0 0 -8.082 52.774 -87.879
1 130 0 0.4578 0.6412 0 0 -10.482 55.196 -86.226
1 131 6 0.3614 -0.474 0 0 -12.702 55.314 -89.323
1 132 3 0.1626 -0.844 0 0 -13.017 51.515 -89.125
1 133 12 0.4036 0.6099 0 0 -14.045 51.661 -85.466
1 134 0 0.5783 0.4256 0 0 -16.579 54.411 -86.179
1 135 1 0.2650 -0.730 0 0 -17.947 52.383 -89.120
1 136 17 0.1746 0.2431 0 0 -18.525 49.368 -86.873
1 137 20 0.4337 0.5369 0 0 -20.546 51.628 -84.558
1 138 9 0.3433 0.0000 0 0 -22.438 53.239 -87.447
1 139 11 0.6084 0.7407 0 0 -21.224 56.706 -86.457
1 140 16 0.6746 0.2200 0 0 -19.031 59.518 -87.895
1 141 20 0.7650 -0.061 0 0 -15.339 59.912 -87.063
1 142 11 0.8072 0.2179 0 0 -14.048 63.462 -86.808
1 143 7 0.7590 -0.709 0 0 -10.556 64.643 -85.901
1 144 18 0.8012 0.9783 0 0 -10.162 67.720 -83.727
1 145 17 0.6445 -0.967 0 0 -7.661 69.997 -82.085
1 146 0 0.7108 0.4718 0 0 -8.762 71.918 -79.019
1 147 13 0.3915 -0.754 0 0 -5.496 73.830 -79.452
1 148 18 0.2831 -0.117 0 0 -6.033 75.158 -82.992
1 149 1 0.4638 0.0297 0 0 -9.853 74.833 -82.919
1 150 6 0.4518 -0.355 0 0 -9.694 72.550 -85.960
1 151 9 0.6807 0.0000 0 0 -12.853 70.437 -86.191
1 152 22 0.8132 -0.052 0 0 -14.156 71.520 -82.789
1 153 7 0.7228 -0.890 0 0 -17.448 73.061 -83.945
1 154 3 0.7168 -0.774 0 0 -17.797 70.320 -86.547
1 155 0 0.9156 0.6855 0 0 -17.583 67.626 -83.854
1 156 15 0.9216 0.5533 0 0 -20.241 69.122 -81.605
1 157 20 0.7469 -0.512 0 0 -22.526 70.249 -84.460
1 158 18 0.7710 0.0666 0 0 -22.229 66.850 -86.116
1 159 12 0.8734 0.7661 0 0 -23.390 65.308 -82.825
1 160 22 0.6867 -0.369 0 0 -26.432 67.598 -82.895
1 161 1 0.4819 -0.109 0 0 -27.101 66.434 -86.474
1 162 7 0.5843 0.2712 0 0 -26.858 62.814 -85.262
1 163 11 0.5542 0.5358 0 0 -29.347 63.461 -82.473
1 164 1 0.2530 0.0874 0 0 -31.685 64.869 -85.162
1 165 6 0.1385 0.3059 0 0 -31.576 61.663 -87.183
1 166 10 0.1807 0.1735 0 0 -32.597 59.746 -84.062
