1 1 14 0.0 -0.188 0 0 -37.166 76.407 -77.021
1 2 18 0.0361 -0.029 0 0 -35.526 73.205 -78.290
1 3 7 0.1987 0.0635 0 0 -32.818 71.886 -75.984
1 4 20 0.5060 -0.254 0 0 -30.121 69.326 -76.750
1 5 13 0.6506 -0.826 0 0 -28.426 67.554 -73.855
1 6 12 0.9036 0.0759 0 0 -24.912 66.553 -74.917
1 7 22 0.9457 -0.653 0 0 -22.452 64.574 -72.834
1 8 22 0.9879 0.3816 0 0 -18.694 64.421 -73.364
1 9 22 0.9698 -0.286 0 0 -16.924 61.233 -72.240
1 10 9 0.9277 0.0000 0 0 -13.554 59.535 -72.635
1 11 0 0.7951 -0.546 0 0 -10.262 58.816 -70.877
1 12 9 0.6325 0.0000 0 0 -8.445 61.206 -68.580
1 13 9 0.6204 0.0000 0 0 -6.595 64.039 -70.263
1 14 22 0.8192 0.5813 0 0 -7.847 63.527 -73.816
1 15 9 0.8674 0.0000 0 0 -9.221 67.062 -73.936
1 16 13 0.9518 0.1026 0 0 -12.931 66.751 -73.058
1 17 17 0.8433 -0.610 0 0 -12.906 69.977 -71.056
1 18 0 0.7771 -0.323 0 0 -10.757 71.885 -73.526
1 19 12 0.9096 0.6771 0 0 -13.131 70.904 -76.319
1 20 18 0.8915 0.2865 0 0 -16.180 72.001 -74.338
1 21 11 0.6566 -0.437 0 0 -14.616 75.277 -73.224
1 22 6 0.6265 -0.431 0 0 -13.502 76.004 -76.793
1 23 12 0.7228 0.5373 0 0 -17.078 75.495 -78.021
1 24 11 0.5542 0.3335 0 0 -18.794 77.484 -75.264
1 25 6 0.3072 -0.029 0 0 -16.199 80.155 -74.372
1 26 2 0.2891 -0.207 0 0 -13.978 80.423 -77.454
1 27 10 0.2048 -0.072 0 0 -10.583 80.051 -75.778
1 28 15 0.3373 0.1554 0 0 -8.085 77.249 -75.160
1 29 22 0.3253 0.3945 0 0 -7.448 75.932 -71.655
1 30 3 0.1265 -0.598 0 0 -3.695 75.184 -71.535
1 31 7 0.0843 -0.323 0 0 -3.578 73.871 -67.979
1 32 20 0.2228 0.4657 0 0 -4.839 70.512 -66.755
1 33 3 0.1927 -0.623 0 0 -7.397 70.506 -63.942
1 34 16 0.3614 -0.833 0 0 -9.124 67.141 -63.761
1 35 18 0.4939 0.8789 0 0 -12.909 67.259 -63.988
1 36 11 0.3795 -0.993 0 0 -15.417 65.646 -61.680
1 37 7 0.5180 0.2737 0 0 -18.631 66.865 -63.328
1 38 3 0.5481 -0.362 0 0 -19.327 70.263 -64.903
1 39 17 0.5783 -0.752 0 0 -22.149 71.539 -67.057
1 40 20 0.5421 0.3243 0 0 -22.369 74.372 -69.557
1 41 1 0.3975 -0.660 0 0 -25.219 76.019 -71.395
1 42 13 0.3192 0.0851 0 0 -25.200 78.101 -74.574
1 43 6 0.1024 -0.969 0 0 -27.792 79.361 -77.038
1 44 22 0.1566 0.9900 0 0 -26.663 78.888 -80.618
1 45 22 0.0542 -0.956 0 0 -28.180 78.711 -84.086
1 46 11 0.1746 0.9657 0 0 -27.670 75.329 -85.787
1 47 3 0.0421 0.6698 0 0 -29.000 74.833 -89.313
1 48 9 0.0060 0.0000 0 0 -31.475 77.681 -88.905
1 49 7 0.0120 0.4735 0 0 -32.814 76.530 -85.548
1 50 18 0.0180 -0.684 0 0 -32.150 78.545 -82.410
1 51 5 0.0903 0.7286 0 0 -31.454 76.049 -79.669
1 52 12 0.2409 -0.391 0 0 -29.957 75.602 -76.261
1 53 12 0.5662 0.4598 0 0 -27.028 73.279 -75.820
1 54 3 0.5963 -0.896 0 0 -26.578 71.793 -72.373
1 55 11 0.8253 0.5058 0 0 -23.197 70.124 -72.284
1 56 12 0.8313 -0.377 0 0 -22.183 67.812 -69.485
1 57 3 0.8855 -0.052 0 0 -18.393 67.568 -69.179
1 58 18 0.8373 0.4853 0 0 -17.513 64.355 -67.347
1 59 0 0.6927 -0.946 0 0 -14.554 62.884 -65.487
1 60 9 0.7349 0.0000 0 0 -12.076 60.725 -67.351
1 61 6 0.4216 -0.263 0 0 -10.013 59.970 -64.244
1 62 7 0.2168 -0.584 0 0 -11.201 56.884 -62.346
1 63 7 0.0481 -0.438 0 0 -10.651 58.769 -59.073
1 64 20 0.1867 -0.217 0 0 -13.035 61.583 -60.034
1 65 17 0.3493 -0.082 0 0 -15.575 59.355 -61.785
1 66 0 0.0963 -0.758 0 0 -17.918 58.989 -58.810
1 67 14 0.1385 -0.457 0 0 -21.527 58.867 -60.012
1 68 1 0.4578 0.6397 0 0 -20.645 59.595 -63.637
1 69 3 0.4036 -0.699 0 0 -23.258 57.027 -64.659
1 70 6 0.2349 -0.742 0 0 -25.971 59.077 -62.937
1 71 20 0.4638 -0.327 0 0 -25.053 62.187 -64.936
1 72 14 0.6807 0.4736 0 0 -24.776 60.326 -68.248
1 73 1 0.4096 -0.986 0 0 -28.301 58.982 -67.740
1 74 18 0.4277 -0.210 0 0 -30.007 62.179 -68.936
1 75 9 0.6987 0.0000 0 0 -27.832 62.663 -72.013
1 76 7 0.6385 -0.612 0 0 -29.448 62.686 -75.445
1 77 9 0.8614 0.0000 0 0 -26.194 62.330 -77.373
1 78 15 0.9638 -0.667 0 0 -22.567 61.567 -76.516
1 79 12 0.9939 0.5250 0 0 -19.163 62.633 -77.790
1 80 5 0.9819 -0.787 0 0 -16.783 59.748 -77.254
1 81 22 0.9759 0.5249 0 0 -13.347 61.369 -77.183
1 82 15 0.8795 -0.353 0 0 -9.879 59.874 -77.448
1 83 0 0.7469 -0.337 0 0 -6.592 61.639 -78.239
1 84 11 0.5240 -0.187 0 0 -4.718 60.763 -81.442
1 85 2 0.3012 0.1513 0 0 -1.423 60.619 -79.486
1 86 2 0.3734 0.4076 0 0 -2.805 58.234 -76.847
1 87 18 0.2710 -0.897 0 0 -3.329 54.635 -77.994
1 88 13 0.2951 -0.242 0 0 -4.768 53.530 -74.658
1 89 17 0.6024 0.4569 0 0 -7.480 56.207 -74.890
1 90 15 0.5903 -0.271 0 0 -8.547 54.775 -78.227
1 91 7 0.3674 -0.854 0 0 -8.466 51.201 -76.942
1 92 3 0.5120 -0.512 0 0 -10.686 52.268 -74.071
1 93 11 0.7650 0.6711 0 0 -13.410 53.841 -76.224
1 94 10 0.5301 -0.821 0 0 -15.359 50.576 -76.200
1 95 6 0.4879 -0.402 0 0 -15.718 50.876 -72.391
1 96 20 0.7861 0.3258 0 0 -17.316 54.294 -72.638
1 97 1 0.7861 0.0000 0 0 -17.316 54.294 -72.638
1 98 7 0.4397 -0.482 0 0 -20.672 50.189 -73.238
1 99 6 0.5 0.3099 0 0 -21.264 52.500 -70.279
1 100 11 0.6626 0.9218 0 0 -23.422 54.733 -72.455
1 101 13 0.4156 -0.131 0 0 -25.515 51.792 -73.622
1 102 1 0.2108 -0.003 0 0 -25.929 50.735 -70.003
1 103 22 0.3313 0.8182 0 0 -27.043 54.106 -68.640
1 104 13 0.3132 0.6489 0 0 -29.429 54.651 -71.568
1 105 3 0.0662 -0.540 0 0 -30.678 51.047 -71.714
1 106 17 0.1084 0.2318 0 0 -30.440 51.182 -75.474
1 107 3 0.1807 -0.914 0 0 -28.019 50.099 -78.166
1 108 3 0.2771 -0.464 0 0 -29.281 52.965 -80.307
1 109 22 0.5602 0.3425 0 0 -27.916 56.154 -78.750
1 110 16 0.7289 -0.496 0 0 -26.700 59.152 -80.777
1 111 14 0.8975 -0.180 0 0 -22.887 59.330 -80.627
1 112 22 0.9397 0.0923 0 0 -19.908 60.773 -82.464
1 113 12 0.9337 -0.665 0 0 -16.349 59.428 -82.166
1 114 22 0.9578 0.7358 0 0 -13.864 62.276 -81.738
1 115 9 0.8554 0.0000 0 0 -10.109 62.041 -82.225
1 116 2 0.8493 0.3226 0 0 -8.771 65.090 -80.414
1 117 13 0.6084 0.1046 0 0 -5.387 66.830 -80.293
1 118 5 0.4518 0.2675 0 0 -5.032 66.636 -84.081
1 119 3 0.2289 0.3572 0 0 -2.614 69.600 -83.908
1 120 12 0.1204 0.4139 0 0 -0.006 67.230 -82.383
1 121 0 0.0240 -0.926 0 0 2.526 65.440 -84.568
1 122 0 0.0301 -0.113 0 0 3.092 62.374 -82.354
1 123 1 0.0722 0.4464 0 0 0.123 60.449 -83.788
1 124 18 0.0602 -0.021 0 0 -0.282 56.843 -82.727
1 125 22 0.2469 0.8731 0 0 -3.916 56.342 -83.750
1 126 7 0.1144 -0.896 0 0 -4.312 56.506 -87.520
1 127 17 0.2590 -0.067 0 0 -7.414 57.975 -89.109
1 128 1 0.0783 -0.431 0 0 -8.309 54.654 -90.746
1 129 6 0.1626 -0.193 0 0 -8.338 52.767 -87.402
1 130 0 0.4698 0.6264 0 0 -10.765 55.288 -85.977
1 131 6 0.3554 -0.493 0 0 -12.877 55.324 -89.139
1 132 3 0.1506 -0.827 0 0 -13.147 51.516 -88.878
1 133 12 0.3855 0.6075 0 0 -14.237 51.710 -85.255
1 134 0 0.5722 0.3790 0 0 -16.772 54.424 -86.053
1 135 1 0.2650 -0.822 0 0 -18.104 52.434 -89.021
1 136 17 0.1686 0.2225 0 0 -18.651 49.349 -86.861
1 137 20 0.4337 0.5124 0 0 -20.558 51.545 -84.403
1 138 9 0.3433 0.0000 0 0 -22.628 53.249 -87.133
1 139 11 0.6144 0.7396 0 0 -21.438 56.737 -86.140
1 140 16 0.6746 0.3372 0 0 -19.265 59.460 -87.675
1 141 20 0.7590 -0.052 0 0 -15.604 59.962 -86.851
1 142 11 0.8072 0.2537 0 0 -14.379 63.548 -86.640
1 143 7 0.7530 -0.700 0 0 -10.903 64.859 -85.752
1 144 18 0.8012 0.9782 0 0 -10.554 67.966 -83.625
1 145 17 0.6445 -0.965 0 0 -8.056 70.261 -82.019
1 146 0 0.7048 0.5172 0 0 -9.195 72.123 -78.919
1 147 13 0.3915 -0.753 0 0 -5.985 74.143 -79.257
1 148 18 0.2831 -0.123 0 0 -6.646 75.486 -82.775
1 149 1 0.4759 0.0360 0 0 -10.448 75.074 -82.667
1 150 6 0.4457 -0.721 0 0 -10.333 73.019 -85.860
1 151 9 0.6686 0.0000 0 0 -13.298 70.627 -86.047
1 152 22 0.8132 -0.025 0 0 -14.719 71.681 -82.672
1 153 7 0.7168 -0.899 0 0 -17.993 73.178 -83.889
1 154 3 0.7108 -0.392 0 0 -18.282 70.385 -86.450
1 155 0 0.9156 0.6760 0 0 -17.978 67.707 -83.766
1 156 15 0.9216 0.5598 0 0 -20.668 69.138 -81.485
1 157 20 0.7409 -0.464 0 0 -23.025 70.216 -84.290
1 158 18 0.7710 0.0493 0 0 -22.684 66.821 -85.938
1 159 12 0.8734 0.7654 0 0 -23.779 65.263 -82.642
1 160 22 0.6867 -0.341 0 0 -26.861 67.535 -82.714
1 161 1 0.4819 -0.090 0 0 -27.547 66.437 -86.293
1 162 7 0.5843 0.3051 0 0 -27.309 62.813 -85.102
1 163 11 0.5361 0.5480 0 0 -29.785 63.401 -82.291
1 164 1 0.2530 0.0826 0 0 -32.122 64.947 -84.911
1 165 6 0.1325 0.3090 0 0 -32.092 61.736 -86.945
1 166 10 0.1445 0.4938 0 0 -33.316 59.820 -83.918
