1 1 14 0.0 0.2316 0 0 -36.275 75.671 -76.821
1 2 18 0.0361 0.0910 0 0 -34.644 72.546 -78.263
1 3 7 0.2048 0.2690 0 0 -32.197 71.174 -75.709
1 4 20 0.5120 -0.245 0 0 -29.525 68.527 -76.452
1 5 13 0.6807 -0.821 0 0 -27.914 66.654 -73.558
1 6 12 0.9036 0.1073 0 0 -24.381 65.672 -74.557
1 7 22 0.9457 -0.648 0 0 -21.969 63.578 -72.487
1 8 22 0.9879 0.3766 0 0 -18.196 63.433 -73.098
1 9 22 0.9698 -0.287 0 0 -16.479 60.181 -72.053
1 10 9 0.9277 0.0000 0 0 -13.079 58.536 -72.466
1 11 0 0.7951 -0.542 0 0 -9.793 57.759 -70.690
1 12 9 0.6325 0.0000 0 0 -7.995 60.139 -68.350
1 13 9 0.6204 0.0000 0 0 -5.975 62.811 -70.125
1 14 22 0.8192 0.6005 0 0 -7.344 62.423 -73.668
1 15 9 0.8674 0.0000 0 0 -8.664 66.004 -73.701
1 16 13 0.9518 0.1155 0 0 -12.370 65.761 -72.822
1 17 17 0.8433 -0.597 0 0 -12.256 68.960 -70.773
1 18 0 0.7891 -0.325 0 0 -10.019 70.837 -73.220
1 19 12 0.9096 0.6704 0 0 -12.403 69.984 -76.082
1 20 18 0.8915 0.3463 0 0 -15.469 71.123 -74.145
1 21 11 0.6566 -0.409 0 0 -13.793 74.311 -72.924
1 22 6 0.6084 -0.437 0 0 -12.570 75.177 -76.445
1 23 12 0.7048 0.5531 0 0 -16.141 74.747 -77.754
1 24 11 0.5240 0.3480 0 0 -17.819 76.724 -74.988
1 25 6 0.2951 0.0642 0 0 -15.165 79.268 -73.940
1 26 2 0.2530 -0.258 0 0 -12.934 79.610 -77.009
1 27 10 0.1987 -0.080 0 0 -9.556 79.006 -75.375
1 28 15 0.3313 0.1518 0 0 -7.169 76.085 -74.890
1 29 22 0.3253 0.6063 0 0 -6.507 74.626 -71.432
1 30 3 0.1325 -0.607 0 0 -2.762 73.802 -71.372
1 31 7 0.0783 -0.319 0 0 -2.627 72.381 -67.846
1 32 20 0.2289 0.4633 0 0 -3.956 69.034 -66.634
1 33 3 0.1927 -0.620 0 0 -6.510 69.123 -63.790
1 34 16 0.3554 -0.807 0 0 -8.392 65.830 -63.550
1 35 18 0.4879 0.8658 0 0 -12.166 66.217 -63.691
1 36 11 0.3674 -0.992 0 0 -14.723 64.823 -61.308
1 37 7 0.5060 0.2419 0 0 -18.003 65.790 -63.031
1 38 3 0.5361 -0.215 0 0 -18.569 69.204 -64.623
1 39 17 0.5783 -0.702 0 0 -21.362 70.645 -66.741
1 40 20 0.5481 0.3582 0 0 -21.608 73.453 -69.286
1 41 1 0.3975 -0.614 0 0 -24.597 75.066 -70.995
1 42 13 0.3012 -0.061 0 0 -24.639 77.326 -74.026
1 43 6 0.1084 -0.959 0 0 -27.132 78.548 -76.610
1 44 22 0.1506 0.9840 0 0 -26.035 78.014 -80.200
1 45 22 0.0542 -0.962 0 0 -27.528 77.864 -83.683
1 46 11 0.1867 0.9599 0 0 -26.878 74.482 -85.313
1 47 3 0.0421 0.6852 0 0 -28.155 74.034 -88.874
1 48 9 0.0060 0.0000 0 0 -30.620 76.885 -88.459
1 49 7 0.0120 0.4540 0 0 -32.062 75.612 -85.183
1 50 18 0.0180 -0.744 0 0 -31.612 77.702 -82.057
1 51 5 0.0963 0.7780 0 0 -30.873 75.275 -79.292
1 52 12 0.2409 -0.436 0 0 -29.376 74.747 -75.887
1 53 12 0.5662 0.4901 0 0 -26.386 72.445 -75.432
1 54 3 0.5843 -0.915 0 0 -26.089 70.908 -71.966
1 55 11 0.8253 0.5129 0 0 -22.715 69.151 -71.832
1 56 12 0.8313 -0.380 0 0 -21.548 66.758 -69.116
1 57 3 0.8795 -0.058 0 0 -17.759 66.507 -68.917
1 58 18 0.8373 0.4846 0 0 -16.977 63.264 -67.086
1 59 0 0.6867 -0.948 0 0 -14.027 61.840 -65.183
1 60 9 0.7349 0.0000 0 0 -11.583 59.667 -67.082
1 61 6 0.4277 -0.274 0 0 -9.536 58.778 -63.999
1 62 7 0.2349 0.1926 0 0 -11.008 55.764 -62.206
1 63 7 0.0481 -0.165 0 0 -10.249 57.337 -58.823
1 64 20 0.1686 -0.253 0 0 -12.518 60.280 -59.645
1 65 17 0.3493 0.0269 0 0 -15.303 58.361 -61.402
1 66 0 0.0903 -0.804 0 0 -17.634 57.738 -58.456
1 67 14 0.1265 -0.744 0 0 -21.263 57.848 -59.605
1 68 1 0.4578 0.6652 0 0 -20.313 58.709 -63.189
1 69 3 0.4036 -0.847 0 0 -22.840 56.182 -64.473
1 70 6 0.2168 -0.954 0 0 -25.609 58.016 -62.598
1 71 20 0.4397 -0.318 0 0 -24.661 61.353 -64.144
1 72 14 0.6385 0.5552 0 0 -24.558 59.738 -67.610
1 73 1 0.3855 -0.953 0 0 -28.066 58.209 -67.503
1 74 18 0.4156 -0.117 0 0 -29.735 61.367 -68.795
1 75 9 0.6927 0.0000 0 0 -27.423 61.814 -71.784
1 76 7 0.6445 -0.622 0 0 -29.004 61.867 -75.240
1 77 9 0.8614 0.0000 0 0 -25.744 61.521 -77.162
1 78 15 0.9638 -0.689 0 0 -22.158 60.616 -76.273
1 79 12 0.9939 0.6025 0 0 -18.803 61.863 -77.529
1 80 5 0.9819 -0.779 0 0 -16.442 58.890 -77.158
1 81 22 0.9759 0.5150 0 0 -12.996 60.465 -77.035
1 82 15 0.8855 -0.357 0 0 -9.535 58.935 -77.316
1 83 0 0.7590 -0.384 0 0 -6.202 60.585 -78.136
1 84 11 0.5180 -0.186 0 0 -4.357 59.746 -81.357
1 85 2 0.3132 0.1359 0 0 -1.103 59.470 -79.378
1 86 2 0.3795 0.3841 0 0 -2.593 57.121 -76.735
1 87 18 0.2891 -0.882 0 0 -3.217 53.617 -78.042
1 88 13 0.3072 -0.274 0 0 -4.563 52.447 -74.687
1 89 17 0.6265 0.4696 0 0 -7.246 55.172 -74.763
1 90 15 0.6144 -0.281 0 0 -8.367 53.909 -78.170
1 91 7 0.3915 -0.839 0 0 -8.496 50.302 -76.919
1 92 3 0.5542 -0.146 0 0 -10.575 51.509 -73.941
1 93 11 0.7710 0.6933 0 0 -13.278 52.942 -76.236
1 94 10 0.5301 -0.809 0 0 -15.097 49.621 -76.480
1 95 6 0.4819 -0.948 0 0 -15.478 49.560 -72.689
1 96 20 0.7771 0.3551 0 0 -16.813 53.128 -72.609
1 97 1 0.7409 -0.262 0 0 -19.318 52.213 -75.302
1 98 7 0.4457 -0.713 0 0 -20.418 49.151 -73.320
1 99 6 0.4939 0.3112 0 0 -20.890 51.372 -70.268
1 100 11 0.6686 0.9271 0 0 -23.018 53.753 -72.327
1 101 13 0.4216 0.0037 0 0 -25.208 50.893 -73.530
1 102 1 0.2108 -0.016 0 0 -25.559 49.749 -69.916
1 103 22 0.3373 0.7990 0 0 -26.605 53.154 -68.595
1 104 13 0.3192 0.6464 0 0 -29.066 53.760 -71.436
1 105 3 0.0602 -0.507 0 0 -30.292 50.142 -71.534
1 106 17 0.1024 0.2412 0 0 -30.198 50.261 -75.297
1 107 3 0.1385 -0.838 0 0 -27.902 49.158 -78.103
1 108 3 0.2710 -0.384 0 0 -29.034 52.151 -80.170
1 109 22 0.5421 0.3559 0 0 -27.574 55.273 -78.576
1 110 16 0.7289 -0.498 0 0 -26.378 58.336 -80.545
1 111 14 0.8975 -0.231 0 0 -22.578 58.621 -80.406
1 112 22 0.9397 0.0775 0 0 -19.546 59.948 -82.294
1 113 12 0.9337 -0.654 0 0 -15.979 58.610 -82.102
1 114 22 0.9578 0.7247 0 0 -13.449 61.412 -81.583
1 115 9 0.8554 0.0000 0 0 -9.689 61.172 -82.054
1 116 2 0.8493 0.3041 0 0 -8.251 64.172 -80.222
1 117 13 0.5903 0.1123 0 0 -4.782 65.818 -80.150
1 118 5 0.4638 0.2957 0 0 -4.474 65.696 -83.940
1 119 3 0.2228 0.3501 0 0 -2.016 68.614 -83.738
1 120 12 0.1144 0.3603 0 0 0.546 66.141 -82.341
1 121 0 0.0240 -0.911 0 0 2.738 63.979 -84.569
1 122 0 0.0301 0.0074 0 0 3.358 61.136 -82.096
1 123 1 0.0722 0.4494 0 0 0.484 59.274 -83.707
1 124 18 0.0662 0.0042 0 0 -0.050 55.646 -82.767
1 125 22 0.2650 0.8688 0 0 -3.702 55.400 -83.869
1 126 7 0.1204 -0.893 0 0 -4.002 55.761 -87.638
1 127 17 0.2771 -0.065 0 0 -7.138 57.303 -89.084
1 128 1 0.0843 -0.658 0 0 -8.116 54.094 -90.868
1 129 6 0.1445 -0.352 0 0 -8.070 52.071 -87.634
1 130 0 0.4759 0.6549 0 0 -10.462 54.511 -85.977
1 131 6 0.3614 -0.511 0 0 -12.616 54.694 -89.118
1 132 3 0.1566 -0.850 0 0 -12.998 50.903 -88.944
1 133 12 0.4096 0.6256 0 0 -13.960 50.965 -85.272
1 134 0 0.5722 0.4738 0 0 -16.545 53.665 -85.943
1 135 1 0.2590 -0.986 0 0 -17.889 51.706 -88.942
1 136 17 0.1626 0.2723 0 0 -18.454 48.653 -86.717
1 137 20 0.4337 0.5448 0 0 -20.504 50.888 -84.413
1 138 9 0.3433 0.0000 0 0 -22.455 52.584 -87.217
1 139 11 0.6024 0.7696 0 0 -21.172 56.046 -86.246
1 140 16 0.6746 0.2589 0 0 -18.872 58.759 -87.647
1 141 20 0.7530 -0.042 0 0 -15.194 59.211 -86.763
1 142 11 0.8072 0.3602 0 0 -13.889 62.771 -86.449
1 143 7 0.7650 -0.697 0 0 -10.429 64.065 -85.498
1 144 18 0.8012 0.9785 0 0 -9.971 67.125 -83.344
1 145 17 0.6506 -0.971 0 0 -7.418 69.381 -81.729
1 146 0 0.6987 0.4825 0 0 -8.518 71.244 -78.622
1 147 13 0.3734 -0.761 0 0 -5.279 73.225 -79.061
1 148 18 0.2469 -0.123 0 0 -5.838 74.598 -82.596
1 149 1 0.4698 -0.170 0 0 -9.659 74.269 -82.656
1 150 6 0.4518 -0.352 0 0 -9.478 71.971 -85.692
1 151 9 0.6626 0.0000 0 0 -12.627 69.848 -85.805
1 152 22 0.8132 -0.040 0 0 -13.965 70.938 -82.406
1 153 7 0.7168 -0.903 0 0 -17.255 72.509 -83.498
1 154 3 0.7228 -0.787 0 0 -17.612 69.769 -86.094
1 155 0 0.9156 0.6641 0 0 -17.347 67.011 -83.462
1 156 15 0.9216 0.5571 0 0 -20.007 68.437 -81.188
1 157 20 0.7469 -0.513 0 0 -22.342 69.509 -83.996
1 158 18 0.7831 0.0649 0 0 -21.989 66.070 -85.589
1 159 12 0.8734 0.7606 0 0 -23.137 64.550 -82.286
1 160 22 0.7108 -0.367 0 0 -26.216 66.801 -82.340
1 161 1 0.5 -0.076 0 0 -26.831 65.584 -85.929
1 162 7 0.5963 0.2562 0 0 -26.599 61.963 -84.694
1 163 11 0.5602 0.5189 0 0 -29.096 62.616 -81.907
1 164 1 0.2831 0.1050 0 0 -31.477 64.055 -84.542
1 165 6 0.1746 0.3359 0 0 -31.274 60.748 -86.428
1 166 10 0.1807 0.0700 0 0 -32.441 58.735 -83.424
