1 1 14 0.0 0.3566 0 0 -36.959 75.770 -76.315
1 2 18 0.0361 -0.103 0 0 -34.909 72.849 -77.704
1 3 7 0.2108 0.0396 0 0 -32.208 71.580 -75.376
1 4 20 0.5060 -0.247 0 0 -29.546 68.989 -76.178
1 5 13 0.6746 -0.499 0 0 -27.808 67.285 -73.277
1 6 12 0.9036 0.0745 0 0 -24.296 66.283 -74.377
1 7 22 0.9457 -0.665 0 0 -21.956 64.157 -72.296
1 8 22 0.9879 0.3934 0 0 -18.213 63.998 -72.924
1 9 22 0.9698 -0.281 0 0 -16.549 60.737 -71.840
1 10 9 0.9277 0.0000 0 0 -13.153 59.123 -72.207
1 11 0 0.7951 -0.552 0 0 -9.901 58.312 -70.426
1 12 9 0.6325 0.0000 0 0 -8.097 60.691 -68.099
1 13 9 0.6265 0.0000 0 0 -6.054 63.330 -69.875
1 14 22 0.8192 0.6163 0 0 -7.468 62.890 -73.386
1 15 9 0.8674 0.0000 0 0 -8.711 66.522 -73.515
1 16 13 0.9518 0.1184 0 0 -12.415 66.305 -72.600
1 17 17 0.8433 -0.595 0 0 -12.332 69.540 -70.593
1 18 0 0.7831 -0.310 0 0 -10.084 71.359 -73.035
1 19 12 0.9096 0.6818 0 0 -12.483 70.537 -75.891
1 20 18 0.8915 0.3228 0 0 -15.572 71.630 -73.985
1 21 11 0.6566 -0.412 0 0 -13.910 74.813 -72.750
1 22 6 0.6144 -0.427 0 0 -12.668 75.611 -76.269
1 23 12 0.7108 0.5442 0 0 -16.236 75.188 -77.559
1 24 11 0.5301 0.3289 0 0 -17.957 77.234 -74.846
1 25 6 0.3012 0.0406 0 0 -15.304 79.792 -73.872
1 26 2 0.2590 -0.212 0 0 -12.974 80.043 -76.881
1 27 10 0.1987 -0.083 0 0 -9.599 79.497 -75.236
1 28 15 0.3373 0.1645 0 0 -7.223 76.573 -74.757
1 29 22 0.3253 0.3445 0 0 -6.603 75.234 -71.261
1 30 3 0.1265 -0.601 0 0 -2.863 74.322 -71.219
1 31 7 0.0843 -0.324 0 0 -2.714 72.969 -67.667
1 32 20 0.2168 0.4759 0 0 -4.029 69.596 -66.496
1 33 3 0.1927 -0.618 0 0 -6.552 69.749 -63.629
1 34 16 0.3554 -0.796 0 0 -8.392 66.419 -63.393
1 35 18 0.4879 0.8463 0 0 -12.190 66.834 -63.490
1 36 11 0.3795 -0.990 0 0 -14.838 65.360 -61.247
1 37 7 0.5120 0.2525 0 0 -18.101 66.356 -62.933
1 38 3 0.5421 -0.238 0 0 -18.559 69.779 -64.507
1 39 17 0.5783 -0.736 0 0 -21.375 71.199 -66.609
1 40 20 0.5361 0.3289 0 0 -21.582 74.007 -69.138
1 41 1 0.3915 -0.618 0 0 -24.525 75.613 -70.857
1 42 13 0.3313 0.1698 0 0 -24.532 77.690 -74.040
1 43 6 0.1084 -0.958 0 0 -27.212 78.996 -76.365
1 44 22 0.1506 0.9862 0 0 -26.178 78.496 -79.985
1 45 22 0.0542 -0.966 0 0 -27.684 78.398 -83.459
1 46 11 0.1746 0.9632 0 0 -27.088 75.069 -85.188
1 47 3 0.0421 0.6873 0 0 -28.487 74.640 -88.693
1 48 9 0.0060 0.0000 0 0 -30.934 77.495 -88.222
1 49 7 0.0120 0.4804 0 0 -32.254 76.225 -84.910
1 50 18 0.0180 -0.688 0 0 -31.691 78.185 -81.732
1 51 5 0.0963 0.7103 0 0 -30.921 75.681 -79.023
1 52 12 0.2349 -0.363 0 0 -29.477 75.169 -75.591
1 53 12 0.5662 0.4447 0 0 -26.457 72.932 -75.181
1 54 3 0.5843 -0.900 0 0 -26.003 71.457 -71.731
1 55 11 0.8253 0.4944 0 0 -22.602 69.796 -71.740
1 56 12 0.8313 -0.324 0 0 -21.479 67.477 -68.985
1 57 3 0.8855 -0.057 0 0 -17.743 67.120 -68.720
1 58 18 0.8373 0.5133 0 0 -17.024 63.861 -66.902
1 59 0 0.6867 -0.953 0 0 -14.071 62.356 -65.050
1 60 9 0.7409 0.0000 0 0 -11.688 60.153 -66.999
1 61 6 0.4216 -0.309 0 0 -9.562 59.372 -63.947
1 62 7 0.2289 -0.588 0 0 -10.701 56.209 -62.183
1 63 7 0.0481 -0.443 0 0 -10.038 57.923 -58.822
1 64 20 0.1867 -0.183 0 0 -12.408 60.783 -59.703
1 65 17 0.3493 0.0389 0 0 -15.108 58.737 -61.493
1 66 0 0.0903 -0.526 0 0 -17.207 58.115 -58.346
1 67 14 0.1385 -0.690 0 0 -20.763 58.739 -59.586
1 68 1 0.4759 0.6172 0 0 -20.136 59.187 -63.319
1 69 3 0.3975 -0.918 0 0 -22.794 56.628 -64.261
1 70 6 0.2409 -0.942 0 0 -25.464 58.732 -62.520
1 71 20 0.4698 -0.285 0 0 -24.488 61.809 -64.543
1 72 14 0.6686 0.4756 0 0 -24.319 59.889 -67.828
1 73 1 0.4096 -0.989 0 0 -27.875 58.605 -67.323
1 74 18 0.4337 -0.063 0 0 -29.387 61.924 -68.403
1 75 9 0.7048 0.0000 0 0 -27.356 62.462 -71.579
1 76 7 0.6385 -0.622 0 0 -29.015 62.529 -74.982
1 77 9 0.8614 0.0000 0 0 -25.743 62.132 -76.871
1 78 15 0.9638 -0.697 0 0 -22.172 61.175 -76.059
1 79 12 0.9939 0.5629 0 0 -18.803 62.381 -77.320
1 80 5 0.9819 -0.786 0 0 -16.472 59.392 -76.852
1 81 22 0.9759 0.5160 0 0 -13.014 60.939 -76.795
1 82 15 0.8795 -0.357 0 0 -9.583 59.346 -77.076
1 83 0 0.7530 -0.359 0 0 -6.239 61.029 -77.854
1 84 11 0.5240 -0.162 0 0 -4.426 60.109 -81.098
1 85 2 0.3132 0.1402 0 0 -1.140 59.864 -79.174
1 86 2 0.3674 0.3836 0 0 -2.611 57.583 -76.491
1 87 18 0.2891 -0.889 0 0 -3.215 54.069 -77.728
1 88 13 0.2951 -0.424 0 0 -4.606 52.899 -74.409
1 89 17 0.6204 0.4564 0 0 -7.269 55.682 -74.472
1 90 15 0.6084 -0.293 0 0 -8.369 54.367 -77.873
1 91 7 0.3855 -0.840 0 0 -8.509 50.786 -76.619
1 92 3 0.5602 -0.156 0 0 -10.580 52.099 -73.642
1 93 11 0.7771 0.6737 0 0 -13.314 53.448 -75.922
1 94 10 0.5180 -0.974 0 0 -15.028 50.051 -75.947
1 95 6 0.4819 -0.852 0 0 -15.482 50.280 -72.159
1 96 20 0.7891 0.3633 0 0 -16.962 53.767 -72.305
1 97 1 0.7349 -0.392 0 0 -19.486 52.801 -74.968
1 98 7 0.4397 -0.606 0 0 -20.500 49.757 -72.916
1 99 6 0.4939 0.2982 0 0 -20.966 51.941 -69.845
1 100 11 0.6506 0.9214 0 0 -23.097 54.336 -71.884
1 101 13 0.4156 -0.087 0 0 -25.267 51.510 -73.187
1 102 1 0.2048 -0.032 0 0 -25.566 50.203 -69.636
1 103 22 0.3072 0.7868 0 0 -26.726 53.529 -68.198
1 104 13 0.3192 0.6683 0 0 -29.086 54.269 -71.108
1 105 3 0.0602 -0.331 0 0 -30.368 50.671 -71.198
1 106 17 0.1024 0.2508 0 0 -30.231 50.858 -74.975
1 107 3 0.1445 -0.889 0 0 -28.026 49.758 -77.861
1 108 3 0.2710 -0.418 0 0 -29.113 52.768 -79.911
1 109 22 0.5542 0.3339 0 0 -27.599 55.874 -78.317
1 110 16 0.7289 -0.499 0 0 -26.375 58.901 -80.293
1 111 14 0.8975 -0.044 0 0 -22.565 59.036 -80.182
1 112 22 0.9397 0.0682 0 0 -19.587 60.440 -82.030
1 113 12 0.9337 -0.646 0 0 -16.044 59.061 -81.834
1 114 22 0.9578 0.7211 0 0 -13.485 61.853 -81.341
1 115 9 0.8554 0.0000 0 0 -9.745 61.614 -81.827
1 116 2 0.8493 0.3040 0 0 -8.291 64.621 -79.974
1 117 13 0.5963 0.1090 0 0 -4.832 66.242 -79.891
1 118 5 0.4457 0.2810 0 0 -4.490 65.980 -83.669
1 119 3 0.2228 0.3401 0 0 -2.061 68.918 -83.516
1 120 12 0.1204 0.3535 0 0 0.433 66.553 -81.858
1 121 0 0.0240 -0.916 0 0 2.878 64.508 -83.951
1 122 0 0.0301 -0.093 0 0 3.414 61.394 -81.787
1 123 1 0.0783 0.4485 0 0 0.442 59.679 -83.385
1 124 18 0.0662 0.0170 0 0 -0.040 56.048 -82.473
1 125 22 0.2469 0.8927 0 0 -3.672 55.800 -83.593
1 126 7 0.1144 -0.873 0 0 -4.029 56.082 -87.359
1 127 17 0.2530 -0.043 0 0 -7.143 57.681 -88.861
1 128 1 0.0722 -0.942 0 0 -8.086 54.430 -90.629
1 129 6 0.1325 -0.364 0 0 -8.079 52.471 -87.361
1 130 0 0.4638 0.6203 0 0 -10.425 54.968 -85.694
1 131 6 0.3614 -0.512 0 0 -12.604 55.182 -88.809
1 132 3 0.1626 -0.846 0 0 -12.991 51.407 -88.651
1 133 12 0.4036 0.6298 0 0 -13.960 51.458 -84.987
1 134 0 0.5722 0.4495 0 0 -16.546 54.157 -85.614
1 135 1 0.2831 -0.968 0 0 -17.872 52.238 -88.624
1 136 17 0.1686 0.2778 0 0 -18.357 49.154 -86.454
1 137 20 0.4277 0.5228 0 0 -20.422 51.316 -84.103
1 138 9 0.3433 0.0000 0 0 -22.275 52.996 -86.966
1 139 11 0.6024 0.7654 0 0 -21.146 56.479 -85.895
1 140 16 0.6807 0.2097 0 0 -18.947 59.301 -87.332
1 141 20 0.7650 -0.068 0 0 -15.250 59.682 -86.472
1 142 11 0.8072 0.2409 0 0 -13.932 63.231 -86.203
1 143 7 0.7590 -0.699 0 0 -10.470 64.435 -85.290
1 144 18 0.8012 0.9761 0 0 -9.993 67.493 -83.118
1 145 17 0.6445 -0.970 0 0 -7.468 69.778 -81.484
1 146 0 0.6927 0.4736 0 0 -8.601 71.718 -78.446
1 147 13 0.3734 -0.779 0 0 -5.331 73.604 -78.896
1 148 18 0.2771 -0.116 0 0 -5.895 74.910 -82.466
1 149 1 0.4578 0.0231 0 0 -9.718 74.619 -82.280
1 150 6 0.4518 -0.312 0 0 -9.632 72.433 -85.417
1 151 9 0.6626 0.0000 0 0 -12.749 70.242 -85.607
1 152 22 0.8132 -0.068 0 0 -14.042 71.330 -82.203
1 153 7 0.7168 -0.907 0 0 -17.302 72.925 -83.305
1 154 3 0.7228 -0.787 0 0 -17.704 70.162 -85.863
1 155 0 0.9156 0.6904 0 0 -17.492 67.383 -83.248
1 156 15 0.9216 0.5557 0 0 -20.105 68.901 -80.960
1 157 20 0.7469 -0.497 0 0 -22.445 70.007 -83.773
1 158 18 0.7710 0.0733 0 0 -22.057 66.582 -85.393
1 159 12 0.8734 0.7604 0 0 -23.267 65.028 -82.118
1 160 22 0.6987 -0.372 0 0 -26.287 67.350 -82.146
1 161 1 0.5 -0.102 0 0 -26.968 66.175 -85.711
1 162 7 0.5903 0.2727 0 0 -26.696 62.547 -84.564
1 163 11 0.5481 0.5407 0 0 -29.148 63.177 -81.748
1 164 1 0.2650 0.0887 0 0 -31.615 64.642 -84.316
1 165 6 0.1566 0.3022 0 0 -31.395 61.407 -86.286
1 166 10 0.1807 0.1101 0 0 -32.481 59.487 -83.176
