1 1 14 0.0 0.4941 0 0 -36.420 76.482 -78.000
1 2 18 0.0361 0.0312 0 0 -34.724 73.147 -78.662
1 3 7 0.2108 0.3640 0 0 -32.281 71.555 -76.252
1 4 20 0.5120 -0.239 0 0 -29.587 68.975 -76.956
1 5 13 0.6686 -0.529 0 0 -27.852 67.295 -74.020
1 6 12 0.9036 0.0850 0 0 -24.364 66.263 -75.118
1 7 22 0.9457 -0.667 0 0 -22.007 64.153 -73.013
1 8 22 0.9879 0.3794 0 0 -18.254 63.998 -73.631
1 9 22 0.9698 -0.295 0 0 -16.548 60.772 -72.585
1 10 9 0.9277 0.0000 0 0 -13.189 59.116 -72.960
1 11 0 0.7951 -0.525 0 0 -9.921 58.325 -71.218
1 12 9 0.6325 0.0000 0 0 -8.122 60.688 -68.880
1 13 9 0.6265 0.0000 0 0 -6.091 63.375 -70.601
1 14 22 0.8192 0.6014 0 0 -7.445 62.959 -74.123
1 15 9 0.8674 0.0000 0 0 -8.755 66.530 -74.237
1 16 13 0.9518 0.1254 0 0 -12.457 66.326 -73.327
1 17 17 0.8433 -0.595 0 0 -12.325 69.512 -71.289
1 18 0 0.7891 -0.294 0 0 -10.091 71.371 -73.727
1 19 12 0.9096 0.6727 0 0 -12.505 70.544 -76.545
1 20 18 0.8855 0.3146 0 0 -15.557 71.636 -74.585
1 21 11 0.6566 -0.428 0 0 -13.908 74.843 -73.414
1 22 6 0.6084 -0.424 0 0 -12.737 75.668 -76.949
1 23 12 0.7108 0.5499 0 0 -16.329 75.270 -78.179
1 24 11 0.5240 0.3411 0 0 -17.968 77.233 -75.379
1 25 6 0.3012 0.0449 0 0 -15.309 79.801 -74.430
1 26 2 0.2650 -0.227 0 0 -13.033 80.079 -77.492
1 27 10 0.2048 -0.099 0 0 -9.700 79.546 -75.807
1 28 15 0.3313 0.1654 0 0 -7.276 76.651 -75.351
1 29 22 0.3253 0.3478 0 0 -6.636 75.261 -71.873
1 30 3 0.1265 -0.598 0 0 -2.915 74.352 -71.809
1 31 7 0.0783 -0.339 0 0 -2.759 72.951 -68.280
1 32 20 0.2228 0.4868 0 0 -4.098 69.582 -67.165
1 33 3 0.1987 -0.635 0 0 -6.619 69.702 -64.318
1 34 16 0.3554 -0.788 0 0 -8.517 66.402 -64.126
1 35 18 0.4939 0.8661 0 0 -12.288 66.787 -64.210
1 36 11 0.3734 -0.985 0 0 -14.871 65.333 -61.896
1 37 7 0.5060 0.2608 0 0 -18.121 66.370 -63.576
1 38 3 0.5421 -0.222 0 0 -18.658 69.792 -65.163
1 39 17 0.5722 -0.825 0 0 -21.543 71.244 -67.156
1 40 20 0.5361 0.3516 0 0 -21.693 74.025 -69.760
1 41 1 0.3915 -0.628 0 0 -24.558 75.702 -71.606
1 42 13 0.3373 0.1556 0 0 -24.541 77.705 -74.829
1 43 6 0.1144 -0.959 0 0 -27.216 78.963 -77.209
1 44 22 0.1506 0.9731 0 0 -26.132 78.518 -80.822
1 45 22 0.0542 -0.960 0 0 -27.660 78.366 -84.282
1 46 11 0.1807 0.9672 0 0 -27.060 75.026 -85.979
1 47 3 0.0421 0.6828 0 0 -28.430 74.634 -89.507
1 48 9 0.0060 0.0000 0 0 -30.920 77.456 -89.082
1 49 7 0.0120 0.4679 0 0 -32.250 76.179 -85.775
1 50 18 0.0180 -0.703 0 0 -31.668 78.111 -82.570
1 51 5 0.1024 0.7612 0 0 -30.865 75.599 -79.915
1 52 12 0.2349 -0.425 0 0 -29.492 75.199 -76.464
1 53 12 0.5602 0.4591 0 0 -26.503 72.942 -75.953
1 54 3 0.5843 -0.897 0 0 -26.060 71.444 -72.506
1 55 11 0.8253 0.4798 0 0 -22.644 69.805 -72.467
1 56 12 0.8313 -0.625 0 0 -21.547 67.430 -69.720
1 57 3 0.8795 -0.078 0 0 -17.786 67.108 -69.459
1 58 18 0.8373 0.4829 0 0 -17.050 63.858 -67.629
1 59 0 0.6867 -0.948 0 0 -14.127 62.361 -65.735
1 60 9 0.7349 0.0000 0 0 -11.676 60.184 -67.638
1 61 6 0.4156 -0.314 0 0 -9.525 59.398 -64.609
1 62 7 0.2289 -0.575 0 0 -10.764 56.271 -62.851
1 63 7 0.0481 -0.477 0 0 -10.092 57.835 -59.450
1 64 20 0.1867 -0.171 0 0 -12.425 60.721 -60.340
1 65 17 0.3493 -0.091 0 0 -15.021 58.601 -62.141
1 66 0 0.0903 -0.824 0 0 -17.431 58.060 -59.237
1 67 14 0.1325 -0.651 0 0 -21.048 58.478 -60.330
1 68 1 0.4638 0.6018 0 0 -20.137 59.198 -63.957
1 69 3 0.3975 -0.936 0 0 -22.752 56.637 -64.990
1 70 6 0.2409 -0.942 0 0 -25.404 58.769 -63.268
1 71 20 0.4819 -0.289 0 0 -24.431 61.787 -65.391
1 72 14 0.6807 0.4396 0 0 -24.195 59.739 -68.599
1 73 1 0.4216 -0.949 0 0 -27.806 58.550 -68.151
1 74 18 0.4337 -0.056 0 0 -29.367 61.889 -69.138
1 75 9 0.7048 0.0000 0 0 -27.342 62.297 -72.312
1 76 7 0.6385 -0.639 0 0 -29.033 62.528 -75.716
1 77 9 0.8614 0.0000 0 0 -25.803 62.084 -77.656
1 78 15 0.9638 -0.684 0 0 -22.206 61.225 -76.832
1 79 12 0.9939 0.5472 0 0 -18.835 62.394 -78.084
1 80 5 0.9819 -0.789 0 0 -16.498 59.434 -77.606
1 81 22 0.9759 0.5004 0 0 -13.032 60.982 -77.532
1 82 15 0.8915 -0.366 0 0 -9.582 59.417 -77.818
1 83 0 0.7530 -0.370 0 0 -6.240 61.077 -78.604
1 84 11 0.5180 -0.177 0 0 -4.404 60.148 -81.812
1 85 2 0.3192 0.1469 0 0 -1.138 59.913 -79.848
1 86 2 0.3674 0.3936 0 0 -2.610 57.587 -77.197
1 87 18 0.2891 -0.890 0 0 -3.238 54.081 -78.461
1 88 13 0.3072 -0.343 0 0 -4.642 52.927 -75.130
1 89 17 0.6204 0.4624 0 0 -7.306 55.682 -75.237
1 90 15 0.6144 -0.285 0 0 -8.407 54.364 -78.625
1 91 7 0.3855 -0.848 0 0 -8.550 50.789 -77.344
1 92 3 0.5662 -0.156 0 0 -10.637 52.114 -74.403
1 93 11 0.7831 0.6814 0 0 -13.378 53.463 -76.692
1 94 10 0.5301 -0.960 0 0 -15.131 50.086 -76.805
1 95 6 0.4759 -0.901 0 0 -15.515 50.181 -73.023
1 96 20 0.7771 0.3599 0 0 -16.943 53.702 -73.005
1 97 1 0.7409 -0.372 0 0 -19.454 52.835 -75.703
1 98 7 0.4397 -0.626 0 0 -20.476 49.761 -73.720
1 99 6 0.5 0.2579 0 0 -20.992 51.950 -70.652
1 100 11 0.6506 0.9268 0 0 -23.135 54.317 -72.688
1 101 13 0.4036 -0.065 0 0 -25.279 51.448 -73.942
1 102 1 0.1927 -0.004 0 0 -25.625 50.115 -70.393
1 103 22 0.2951 0.7649 0 0 -26.778 53.406 -68.906
1 104 13 0.3132 0.6715 0 0 -29.093 54.238 -71.824
1 105 3 0.0602 -0.577 0 0 -30.352 50.625 -71.957
1 106 17 0.0963 0.2527 0 0 -30.272 50.837 -75.707
1 107 3 0.1385 -0.769 0 0 -28.099 49.738 -78.608
1 108 3 0.2710 -0.402 0 0 -29.175 52.795 -80.590
1 109 22 0.5542 0.3300 0 0 -27.640 55.892 -79.061
1 110 16 0.7289 -0.482 0 0 -26.401 58.903 -81.078
1 111 14 0.8975 -0.014 0 0 -22.595 59.069 -80.973
1 112 22 0.9397 0.0715 0 0 -19.580 60.502 -82.810
1 113 12 0.9337 -0.658 0 0 -16.030 59.105 -82.566
1 114 22 0.9578 0.7249 0 0 -13.502 61.912 -82.090
1 115 9 0.8554 0.0000 0 0 -9.748 61.641 -82.529
1 116 2 0.8493 0.2949 0 0 -8.304 64.650 -80.720
1 117 13 0.5963 0.1117 0 0 -4.828 66.228 -80.596
1 118 5 0.4457 0.2874 0 0 -4.460 66.033 -84.382
1 119 3 0.2168 0.3534 0 0 -1.978 68.946 -84.193
1 120 12 0.1204 0.3645 0 0 0.547 66.522 -82.656
1 121 0 0.0240 -0.913 0 0 2.866 64.391 -84.792
1 122 0 0.0301 -0.119 0 0 3.456 61.325 -82.595
1 123 1 0.0722 0.4526 0 0 0.434 59.692 -84.144
1 124 18 0.0662 0.0125 0 0 -0.063 56.069 -83.180
1 125 22 0.2469 0.8767 0 0 -3.695 55.763 -84.329
1 126 7 0.1084 -0.878 0 0 -3.996 56.156 -88.089
1 127 17 0.2530 -0.039 0 0 -7.116 57.734 -89.548
1 128 1 0.0843 -0.337 0 0 -8.158 54.540 -91.341
1 129 6 0.1445 -0.223 0 0 -8.057 52.548 -88.080
1 130 0 0.4698 0.6427 0 0 -10.456 54.995 -86.480
1 131 6 0.3614 -0.502 0 0 -12.669 55.198 -89.562
1 132 3 0.1626 -0.848 0 0 -12.998 51.405 -89.391
1 133 12 0.4096 0.6187 0 0 -13.966 51.480 -85.717
1 134 0 0.5783 0.4514 0 0 -16.539 54.196 -86.418
1 135 1 0.2831 -0.988 0 0 -17.884 52.249 -89.403
1 136 17 0.1686 0.2753 0 0 -18.397 49.193 -87.194
1 137 20 0.4277 0.5321 0 0 -20.507 51.379 -84.879
1 138 9 0.3433 0.0000 0 0 -22.373 53.080 -87.732
1 139 11 0.6024 0.7601 0 0 -21.171 56.552 -86.724
1 140 16 0.6746 0.2269 0 0 -18.935 59.331 -88.118
1 141 20 0.7650 -0.051 0 0 -15.269 59.765 -87.241
1 142 11 0.8072 0.2349 0 0 -13.921 63.289 -86.939
1 143 7 0.7590 -0.703 0 0 -10.447 64.502 -86.014
1 144 18 0.8012 0.9764 0 0 -10.004 67.559 -83.863
1 145 17 0.6445 -0.969 0 0 -7.425 69.756 -82.216
1 146 0 0.6987 0.4630 0 0 -8.530 71.672 -79.133
1 147 13 0.3795 -0.755 0 0 -5.271 73.617 -79.496
1 148 18 0.2590 -0.099 0 0 -5.797 74.942 -83.039
1 149 1 0.4578 0.0261 0 0 -9.612 74.662 -82.941
1 150 6 0.4518 -0.318 0 0 -9.531 72.453 -86.076
1 151 9 0.6626 0.0000 0 0 -12.670 70.328 -86.230
1 152 22 0.8132 -0.050 0 0 -13.998 71.392 -82.816
1 153 7 0.7168 -0.918 0 0 -17.261 72.979 -83.963
1 154 3 0.7228 -0.788 0 0 -17.593 70.224 -86.553
1 155 0 0.9156 0.6986 0 0 -17.440 67.465 -83.927
1 156 15 0.9216 0.5521 0 0 -20.121 68.937 -81.692
1 157 20 0.7469 -0.508 0 0 -22.378 70.023 -84.569
1 158 18 0.7710 0.0710 0 0 -22.024 66.588 -86.183
1 159 12 0.8734 0.7489 0 0 -23.228 65.089 -82.902
1 160 22 0.6927 -0.364 0 0 -26.301 67.358 -82.974
1 161 1 0.4879 -0.096 0 0 -26.941 66.190 -86.544
1 162 7 0.5903 0.2638 0 0 -26.703 62.579 -85.364
1 163 11 0.5481 0.5299 0 0 -29.180 63.207 -82.549
1 164 1 0.2771 0.0855 0 0 -31.553 64.639 -85.204
1 165 6 0.1566 0.3209 0 0 -31.417 61.345 -87.124
1 166 10 0.1746 0.0977 0 0 -32.488 59.376 -84.047
