1 1 14 0.0 0.2595 0 0 -36.875 76.461 -77.012
1 2 18 0.0365 -0.068 0 0 -35.143 73.340 -78.386
1 3 7 0.2256 -0.016 0 0 -32.472 71.939 -76.102
1 4 20 0.5121 -0.225 0 0 -29.820 69.326 -76.893
1 5 13 0.6646 -0.827 0 0 -28.111 67.581 -73.972
1 6 12 0.9024 0.1244 0 0 -24.602 66.553 -75.024
1 7 22 0.9451 -0.660 0 0 -22.183 64.497 -72.946
1 8 22 0.9878 0.4038 0 0 -18.411 64.308 -73.566
1 9 22 0.9695 -0.265 0 0 -16.707 61.052 -72.504
1 10 9 0.9268 0.0000 0 0 -13.303 59.427 -72.886
1 11 0 0.7865 -0.517 0 0 -10.028 58.625 -71.129
1 12 9 0.6280 0.0000 0 0 -8.230 61.022 -68.810
1 13 9 0.6097 0.0000 0 0 -6.211 63.714 -70.547
1 14 22 0.8109 0.5964 0 0 -7.556 63.253 -74.080
1 15 9 0.8536 0.0000 0 0 -8.850 66.850 -74.155
1 16 13 0.9512 0.0919 0 0 -12.570 66.635 -73.252
1 17 17 0.8414 -0.612 0 0 -12.459 69.871 -71.245
1 18 0 0.7804 -0.295 0 0 -10.213 71.723 -73.703
1 19 12 0.9085 0.6912 0 0 -12.655 70.861 -76.529
1 20 18 0.8902 0.3062 0 0 -15.697 72.011 -74.592
1 21 11 0.6585 -0.438 0 0 -14.009 75.218 -73.421
1 22 6 0.6219 -0.411 0 0 -12.859 76.012 -76.982
1 23 12 0.7134 0.5554 0 0 -16.448 75.579 -78.226
1 24 11 0.5304 0.3422 0 0 -18.079 77.650 -75.476
1 25 6 0.3048 0.0410 0 0 -15.443 80.250 -74.534
1 26 2 0.2560 -0.252 0 0 -13.154 80.478 -77.586
1 27 10 0.2073 -0.120 0 0 -9.796 79.893 -75.891
1 28 15 0.3292 0.1651 0 0 -7.357 77.011 -75.356
1 29 22 0.3231 0.3631 0 0 -6.744 75.622 -71.872
1 30 3 0.1280 -0.593 0 0 -3.017 74.751 -71.775
1 31 7 0.0792 -0.341 0 0 -2.839 73.329 -68.247
1 32 20 0.2195 0.4615 0 0 -4.148 69.968 -67.092
1 33 3 0.1768 -0.621 0 0 -6.667 70.075 -64.215
1 34 16 0.3475 -0.794 0 0 -8.566 66.767 -63.962
1 35 18 0.4695 0.8748 0 0 -12.359 67.122 -64.056
1 36 11 0.3597 -0.989 0 0 -14.954 65.694 -61.733
1 37 7 0.4939 0.2478 0 0 -18.192 66.734 -63.456
1 38 3 0.5365 -0.216 0 0 -18.752 70.156 -65.066
1 39 17 0.5487 -0.462 0 0 -21.685 71.622 -67.001
1 40 20 0.5426 0.3427 0 0 -21.815 74.337 -69.674
1 41 1 0.4146 -0.627 0 0 -24.692 75.989 -71.536
1 42 13 0.3353 0.1386 0 0 -24.781 78.102 -74.701
1 43 6 0.1036 -0.966 0 0 -27.399 79.390 -77.120
1 44 22 0.1463 0.9867 0 0 -26.355 78.884 -80.742
1 45 22 0.0609 -0.949 0 0 -27.844 78.744 -84.230
1 46 11 0.2012 0.9598 0 0 -27.287 75.342 -85.875
1 47 3 0.0426 0.6743 0 0 -28.627 74.939 -89.428
1 48 9 0.0060 0.0000 0 0 -31.155 77.768 -89.053
1 49 7 0.0121 0.4622 0 0 -32.443 76.608 -85.683
1 50 18 0.0182 -0.724 0 0 -31.919 78.587 -82.511
1 51 5 0.0975 0.7343 0 0 -31.151 76.091 -79.815
1 52 12 0.2378 -0.354 0 0 -29.679 75.630 -76.398
1 53 12 0.5609 0.5043 0 0 -26.728 73.307 -75.901
1 54 3 0.5792 -0.912 0 0 -26.276 71.776 -72.466
1 55 11 0.8231 0.5230 0 0 -22.856 70.106 -72.348
1 56 12 0.8353 -0.385 0 0 -21.729 67.731 -69.598
1 57 3 0.8719 -0.062 0 0 -17.948 67.450 -69.368
1 58 18 0.8292 0.4777 0 0 -17.232 64.158 -67.541
1 59 0 0.6707 -0.956 0 0 -14.251 62.696 -65.669
1 60 9 0.7012 0.0000 0 0 -11.803 60.452 -67.511
1 61 6 0.3963 -0.342 0 0 -9.721 59.642 -64.439
1 62 7 0.2134 -0.587 0 0 -11.055 56.527 -62.711
1 63 7 0.0487 -0.514 0 0 -10.458 58.196 -59.334
1 64 20 0.1524 -0.172 0 0 -12.513 61.289 -60.215
0 65 17 0 0 0 0 -12.513 61.289 -60.215
0 66 0 0 0 0 0 -12.513 61.289 -60.215
1 67 14 0.1097 -0.499 0 0 -21.096 58.896 -59.961
1 68 1 0.4451 0.6513 0 0 -20.604 59.516 -63.683
1 69 3 0.3536 -0.389 0 0 -23.319 57.014 -64.672
1 70 6 0.1951 -0.963 0 0 -25.960 59.123 -62.947
1 71 20 0.4390 -0.306 0 0 -24.885 62.261 -64.802
1 72 14 0.6341 0.5132 0 0 -24.726 60.494 -68.175
1 73 1 0.3841 -0.965 0 0 -28.302 59.150 -67.869
1 74 18 0.4085 -0.080 0 0 -29.881 62.364 -69.116
1 75 9 0.6890 0.0000 0 0 -27.658 62.665 -72.185
1 76 7 0.6402 -0.625 0 0 -29.262 62.739 -75.637
1 77 9 0.8597 0.0000 0 0 -25.988 62.442 -77.572
1 78 15 0.9634 -0.714 0 0 -22.390 61.485 -76.709
1 79 12 0.9939 0.6198 0 0 -18.995 62.665 -78.021
1 80 5 0.9817 -0.782 0 0 -16.626 59.711 -77.544
1 81 22 0.9756 0.4922 0 0 -13.143 61.263 -77.480
1 82 15 0.8841 -0.353 0 0 -9.707 59.699 -77.793
1 83 0 0.7439 -0.372 0 0 -6.336 61.349 -78.574
1 84 11 0.5243 -0.153 0 0 -4.489 60.468 -81.809
1 85 2 0.3170 0.1434 0 0 -1.194 60.217 -79.875
1 86 2 0.3719 0.3831 0 0 -2.637 57.881 -77.208
1 87 18 0.2621 -0.869 0 0 -3.284 54.344 -78.440
1 88 13 0.2926 -0.364 0 0 -4.671 53.205 -75.079
1 89 17 0.5975 0.4682 0 0 -7.347 55.963 -75.198
1 90 15 0.5914 -0.270 0 0 -8.463 54.597 -78.579
1 91 7 0.3780 -0.842 0 0 -8.558 50.991 -77.349
1 92 3 0.5182 -0.460 0 0 -10.703 52.118 -74.435
1 93 11 0.7560 0.7027 0 0 -13.427 53.680 -76.624
1 94 10 0.5060 -0.669 0 0 -15.247 50.317 -76.736
1 95 6 0.4634 -0.878 0 0 -15.616 50.471 -72.935
1 96 20 0.7621 0.3365 0 0 -17.079 53.990 -72.937
1 97 1 0.7195 -0.360 0 0 -19.593 53.047 -75.617
1 98 7 0.4329 -0.594 0 0 -20.656 49.984 -73.621
1 99 6 0.4878 0.3556 0 0 -21.170 52.239 -70.577
1 100 11 0.6463 0.9342 0 0 -23.319 54.606 -72.604
1 101 13 0.4024 -0.068 0 0 -25.450 51.697 -73.830
1 102 1 0.1890 -0.032 0 0 -25.910 50.544 -70.228
1 103 22 0.3109 0.8098 0 0 -26.945 53.948 -68.866
1 104 13 0.2987 0.6586 0 0 -29.345 54.560 -71.765
1 105 3 0.0548 -0.559 0 0 -30.576 50.941 -71.915
1 106 17 0.0914 0.2557 0 0 -30.471 51.080 -75.689
1 107 3 0.1341 -0.704 0 0 -28.257 49.967 -78.568
1 108 3 0.25 -0.388 0 0 -29.305 52.996 -80.611
1 109 22 0.5548 0.3398 0 0 -27.823 56.117 -79.023
1 110 16 0.7317 -0.500 0 0 -26.602 59.177 -80.978
1 111 14 0.8963 -0.037 0 0 -22.799 59.293 -80.913
1 112 22 0.9390 0.1238 0 0 -19.782 60.739 -82.754
1 113 12 0.9329 -0.673 0 0 -16.189 59.375 -82.531
1 114 22 0.9573 0.7334 0 0 -13.627 62.166 -82.071
1 115 9 0.8658 0.0000 0 0 -9.858 61.926 -82.527
1 116 2 0.8475 0.2976 0 0 -8.413 64.946 -80.710
1 117 13 0.6036 0.0855 0 0 -4.932 66.550 -80.581
1 118 5 0.4512 0.2848 0 0 -4.560 66.389 -84.387
1 119 3 0.2317 0.3333 0 0 -2.105 69.297 -84.204
1 120 12 0.1219 0.3651 0 0 0.443 66.898 -82.661
1 121 0 0.0243 -0.911 0 0 2.823 64.821 -84.779
1 122 0 0.0304 -0.079 0 0 3.398 61.761 -82.564
1 123 1 0.0731 0.4712 0 0 0.434 60.011 -84.152
1 124 18 0.0670 -0.022 0 0 -0.143 56.390 -83.192
1 125 22 0.2439 0.8675 0 0 -3.772 56.105 -84.332
1 126 7 0.1158 -0.890 0 0 -4.095 56.481 -88.109
1 127 17 0.2682 -0.041 0 0 -7.269 57.997 -89.584
1 128 1 0.0853 -0.441 0 0 -8.188 54.725 -91.317
1 129 6 0.1402 -0.209 0 0 -8.197 52.731 -88.044
1 130 0 0.4817 0.6504 0 0 -10.599 55.216 -86.443
1 131 6 0.3658 -0.494 0 0 -12.757 55.393 -89.594
1 132 3 0.1585 -0.846 0 0 -13.128 51.586 -89.362
1 133 12 0.4207 0.6031 0 0 -14.127 51.673 -85.694
1 134 0 0.5731 0.4434 0 0 -16.718 54.386 -86.371
1 135 1 0.2743 -0.792 0 0 -18.049 52.429 -89.362
1 136 17 0.1707 0.2351 0 0 -18.592 49.371 -87.136
1 137 20 0.4268 0.5181 0 0 -20.679 51.584 -84.820
1 138 9 0.3414 0.0000 0 0 -22.549 53.273 -87.672
1 139 11 0.6158 0.7498 0 0 -21.358 56.756 -86.683
1 140 16 0.6829 0.2480 0 0 -19.106 59.524 -88.091
1 141 20 0.7682 -0.054 0 0 -15.407 59.972 -87.246
1 142 11 0.8048 0.2686 0 0 -14.078 63.543 -86.969
1 143 7 0.7743 -0.717 0 0 -10.591 64.772 -86.009
1 144 18 0.7987 0.9775 0 0 -10.151 67.886 -83.877
1 145 17 0.6524 -0.969 0 0 -7.574 70.136 -82.259
1 146 0 0.6951 0.4602 0 0 -8.663 72.027 -79.147
1 147 13 0.3902 -0.822 0 0 -5.396 73.954 -79.538
1 148 18 0.2804 -0.110 0 0 -6.002 75.365 -83.050
1 149 1 0.4756 0.0321 0 0 -9.821 75.060 -82.904
1 150 6 0.4573 -0.759 0 0 -9.802 72.969 -86.091
1 151 9 0.6768 0.0000 0 0 -12.828 70.673 -86.287
1 152 22 0.8170 -0.024 0 0 -14.204 71.679 -82.888
1 153 7 0.7256 -0.895 0 0 -17.461 73.290 -83.983
1 154 3 0.7378 -0.786 0 0 -17.842 70.543 -86.588
1 155 0 0.9146 0.6804 0 0 -17.584 67.781 -83.973
1 156 15 0.9207 0.5450 0 0 -20.245 69.210 -81.675
1 157 20 0.75 -0.516 0 0 -22.582 70.308 -84.496
1 158 18 0.7926 0.0812 0 0 -22.231 66.883 -86.143
1 159 12 0.8780 0.7485 0 0 -23.417 65.361 -82.850
1 160 22 0.7073 -0.356 0 0 -26.495 67.626 -82.911
1 161 1 0.5 -0.086 0 0 -27.137 66.450 -86.497
1 162 7 0.5853 0.2674 0 0 -26.929 62.825 -85.277
1 163 11 0.5670 0.5182 0 0 -29.412 63.469 -82.459
1 164 1 0.2865 0.0943 0 0 -31.772 64.871 -85.142
1 165 6 0.1646 0.3303 0 0 -31.629 61.574 -87.061
1 166 10 0.1829 0.0490 0 0 -32.682 59.541 -84.015
