1 1 14 0.0 0.3977 0 0 -36.595 76.394 -76.948
1 2 18 0.0361 0.2960 0 0 -35.077 73.228 -78.384
1 3 7 0.2108 0.0106 0 0 -32.435 71.878 -76.018
1 4 20 0.5120 -0.238 0 0 -29.833 69.230 -76.841
1 5 13 0.6686 -0.846 0 0 -28.204 67.352 -73.953
1 6 12 0.9036 0.1097 0 0 -24.665 66.328 -74.957
1 7 22 0.9457 -0.644 0 0 -22.204 64.260 -72.940
1 8 22 0.9879 0.3741 0 0 -18.433 64.108 -73.528
1 9 22 0.9698 -0.311 0 0 -16.722 60.843 -72.499
1 10 9 0.9337 0.0000 0 0 -13.313 59.218 -72.865
1 11 0 0.7951 -0.547 0 0 -10.051 58.416 -71.076
1 12 9 0.6385 0.0000 0 0 -8.218 60.762 -68.755
1 13 9 0.6265 0.0000 0 0 -6.229 63.471 -70.468
1 14 22 0.8192 0.5915 0 0 -7.596 63.105 -74.020
1 15 9 0.8674 0.0000 0 0 -8.872 66.691 -74.088
1 16 13 0.9518 0.1086 0 0 -12.565 66.432 -73.177
1 17 17 0.8433 -0.593 0 0 -12.497 69.644 -71.153
1 18 0 0.7831 -0.298 0 0 -10.261 71.535 -73.567
1 19 12 0.9096 0.6657 0 0 -12.649 70.670 -76.435
1 20 18 0.8975 0.3414 0 0 -15.748 71.763 -74.538
1 21 11 0.6746 -0.415 0 0 -14.087 74.955 -73.297
1 22 6 0.6144 -0.433 0 0 -12.896 75.829 -76.827
1 23 12 0.7228 0.5425 0 0 -16.498 75.395 -78.077
1 24 11 0.5240 0.3562 0 0 -18.091 77.433 -75.295
1 25 6 0.2951 0.0166 0 0 -15.418 80.004 -74.328
1 26 2 0.2771 -0.259 0 0 -13.259 80.292 -77.469
1 27 10 0.2048 -0.107 0 0 -9.867 79.748 -75.843
1 28 15 0.3313 0.1664 0 0 -7.451 76.845 -75.298
1 29 22 0.3253 0.3731 0 0 -6.813 75.433 -71.816
1 30 3 0.1325 -0.610 0 0 -3.087 74.557 -71.709
1 31 7 0.0843 -0.334 0 0 -2.942 73.119 -68.188
1 32 20 0.2349 0.4619 0 0 -4.203 69.721 -67.060
1 33 3 0.1987 -0.645 0 0 -6.737 69.842 -64.190
1 34 16 0.3674 -0.793 0 0 -8.567 66.513 -63.969
1 35 18 0.4879 0.8664 0 0 -12.362 66.884 -63.997
1 36 11 0.3734 -0.990 0 0 -14.919 65.497 -61.598
1 37 7 0.5060 0.2571 0 0 -18.148 66.447 -63.383
1 38 3 0.5361 -0.232 0 0 -18.843 69.853 -64.950
1 39 17 0.5783 -0.655 0 0 -21.594 71.294 -67.084
1 40 20 0.5542 0.3682 0 0 -21.908 74.099 -69.628
1 41 1 0.4156 -0.627 0 0 -24.858 75.725 -71.379
1 42 13 0.3132 -0.030 0 0 -24.878 77.967 -74.453
1 43 6 0.1144 -0.963 0 0 -27.392 79.229 -77.010
1 44 22 0.1686 0.9915 0 0 -26.271 78.664 -80.600
1 45 22 0.0542 -0.954 0 0 -27.770 78.565 -84.080
1 46 11 0.1927 0.9677 0 0 -27.184 75.186 -85.768
1 47 3 0.0421 0.6808 0 0 -28.491 74.716 -89.326
1 48 9 0.0060 0.0000 0 0 -30.947 77.570 -88.923
1 49 7 0.0120 0.4560 0 0 -32.325 76.346 -85.604
1 50 18 0.0180 -0.734 0 0 -31.843 78.409 -82.471
1 51 5 0.0963 0.7290 0 0 -31.103 75.959 -79.715
1 52 12 0.2409 -0.644 0 0 -29.587 75.423 -76.312
1 53 12 0.5722 0.4832 0 0 -26.671 73.059 -75.837
1 54 3 0.5843 -0.924 0 0 -26.382 71.538 -72.361
1 55 11 0.8253 0.5107 0 0 -23.008 69.807 -72.203
1 56 12 0.8313 -0.404 0 0 -21.822 67.398 -69.514
1 57 3 0.8795 -0.042 0 0 -18.031 67.163 -69.238
1 58 18 0.8373 0.4730 0 0 -17.230 63.863 -67.469
1 59 0 0.6927 -0.963 0 0 -14.217 62.461 -65.621
1 60 9 0.7289 0.0000 0 0 -11.792 60.215 -67.454
1 61 6 0.4216 -0.464 0 0 -9.985 59.317 -64.241
1 62 7 0.2168 -0.601 0 0 -11.317 56.270 -62.409
1 63 7 0.0481 -0.543 0 0 -10.700 58.005 -59.069
1 64 20 0.1867 -0.209 0 0 -12.825 61.027 -60.038
1 65 17 0.3554 0.0233 0 0 -15.609 59.155 -61.847
1 66 0 0.0903 -0.636 0 0 -17.805 58.934 -58.750
1 67 14 0.1265 -0.651 0 0 -21.424 58.439 -59.869
1 68 1 0.4518 0.7627 0 0 -20.953 59.494 -63.513
1 69 3 0.3493 -0.388 0 0 -23.727 56.980 -64.247
1 70 6 0.1807 -0.960 0 0 -26.663 58.974 -62.877
1 71 20 0.4337 -0.355 0 0 -25.524 62.199 -64.544
1 72 14 0.6325 0.5821 0 0 -25.031 60.497 -67.916
1 73 1 0.3975 -0.936 0 0 -28.506 58.893 -67.924
1 74 18 0.4036 -0.354 0 0 -30.194 62.027 -69.273
1 75 9 0.6867 0.0000 0 0 -27.739 62.505 -72.135
1 76 7 0.6445 -0.629 0 0 -29.258 62.523 -75.627
1 77 9 0.8614 0.0000 0 0 -26.012 62.211 -77.621
1 78 15 0.9638 -0.689 0 0 -22.433 61.271 -76.695
1 79 12 0.9939 0.5886 0 0 -19.045 62.446 -77.986
1 80 5 0.9819 -0.787 0 0 -16.645 59.513 -77.561
1 81 22 0.9759 0.5108 0 0 -13.185 61.095 -77.449
1 82 15 0.8855 -0.372 0 0 -9.728 59.566 -77.741
1 83 0 0.7590 -0.367 0 0 -6.384 61.260 -78.513
1 84 11 0.5180 -0.165 0 0 -4.513 60.418 -81.735
1 85 2 0.3012 0.1433 0 0 -1.243 60.155 -79.780
1 86 2 0.3795 0.3929 0 0 -2.640 57.784 -77.120
1 87 18 0.2831 -0.883 0 0 -3.283 54.237 -78.310
1 88 13 0.3072 -0.313 0 0 -4.682 53.169 -74.939
1 89 17 0.6204 0.4556 0 0 -7.395 55.866 -75.135
1 90 15 0.6084 -0.283 0 0 -8.439 54.469 -78.519
1 91 7 0.3855 -0.858 0 0 -8.505 50.899 -77.185
1 92 3 0.5421 -0.153 0 0 -10.706 52.137 -74.273
1 93 11 0.7710 0.6834 0 0 -13.405 53.534 -76.623
1 94 10 0.5301 -0.809 0 0 -15.339 50.254 -76.852
1 95 6 0.4819 -0.920 0 0 -15.689 50.235 -73.039
1 96 20 0.7891 0.3401 0 0 -17.019 53.814 -72.987
1 97 1 0.7409 -0.282 0 0 -19.556 52.925 -75.658
1 98 7 0.4457 -0.740 0 0 -20.652 49.891 -73.640
1 99 6 0.5 0.4341 0 0 -21.092 52.145 -70.591
1 100 11 0.6807 0.9316 0 0 -23.271 54.492 -72.623
1 101 13 0.4277 0.0117 0 0 -25.440 51.605 -73.815
1 102 1 0.2228 -0.011 0 0 -25.792 50.462 -70.202
1 103 22 0.3373 0.7763 0 0 -26.903 53.883 -68.898
1 104 13 0.3192 0.6374 0 0 -29.320 54.420 -71.792
1 105 3 0.0662 -0.506 0 0 -30.531 50.795 -71.903
1 106 17 0.1024 0.2126 0 0 -30.404 50.882 -75.657
1 107 3 0.1626 -0.903 0 0 -28.139 49.925 -78.533
1 108 3 0.2530 -0.451 0 0 -29.479 52.836 -80.581
1 109 22 0.5481 0.3695 0 0 -27.845 55.919 -79.065
1 110 16 0.7349 -0.466 0 0 -26.616 58.981 -80.999
1 111 14 0.8915 -0.179 0 0 -22.805 59.113 -80.878
1 112 22 0.9397 0.0882 0 0 -19.802 60.548 -82.726
1 113 12 0.9277 -0.651 0 0 -16.213 59.230 -82.521
1 114 22 0.9578 0.7173 0 0 -13.644 62.026 -82.021
1 115 9 0.8554 0.0000 0 0 -9.873 61.803 -82.472
1 116 2 0.8493 0.2998 0 0 -8.484 64.822 -80.631
1 117 13 0.6024 0.1077 0 0 -4.999 66.438 -80.562
1 118 5 0.4638 0.2938 0 0 -4.635 66.267 -84.362
1 119 3 0.2289 0.3437 0 0 -2.149 69.177 -84.140
1 120 12 0.1204 0.3844 0 0 0.362 66.733 -82.617
1 121 0 0.0240 -0.909 0 0 2.764 64.759 -84.794
1 122 0 0.0301 -0.083 0 0 3.396 61.784 -82.488
1 123 1 0.0722 0.4650 0 0 0.429 59.961 -84.013
1 124 18 0.0602 -0.000 0 0 -0.146 56.318 -83.063
1 125 22 0.2650 0.8778 0 0 -3.780 56.048 -84.236
1 126 7 0.1084 -0.902 0 0 -4.110 56.304 -88.016
1 127 17 0.2469 -0.071 0 0 -7.226 57.870 -89.533
1 128 1 0.0783 -0.673 0 0 -8.200 54.611 -91.243
1 129 6 0.1385 -0.164 0 0 -8.148 52.644 -87.941
1 130 0 0.4759 0.6503 0 0 -10.580 55.085 -86.389
1 131 6 0.3614 -0.515 0 0 -12.721 55.250 -89.548
1 132 3 0.1445 -0.846 0 0 -13.003 51.440 -89.348
1 133 12 0.4096 0.6149 0 0 -14.118 51.526 -85.694
1 134 0 0.5662 0.4248 0 0 -16.695 54.254 -86.411
1 135 1 0.2590 -0.979 0 0 -17.999 52.250 -89.390
1 136 17 0.1566 0.2494 0 0 -18.554 49.198 -87.187
1 137 20 0.4397 0.5559 0 0 -20.670 51.417 -84.886
1 138 9 0.3433 0.0000 0 0 -22.593 53.136 -87.699
1 139 11 0.5963 0.7566 0 0 -21.360 56.595 -86.678
1 140 16 0.6626 0.2703 0 0 -19.092 59.336 -88.057
1 141 20 0.7530 -0.046 0 0 -15.421 59.835 -87.191
1 142 11 0.8072 0.2461 0 0 -14.087 63.391 -86.943
1 143 7 0.7650 -0.700 0 0 -10.633 64.665 -85.964
1 144 18 0.8012 0.9778 0 0 -10.190 67.760 -83.804
1 145 17 0.6506 -0.966 0 0 -7.636 70.002 -82.143
1 146 0 0.6987 0.4719 0 0 -8.731 71.930 -79.061
1 147 13 0.3915 -0.759 0 0 -5.472 73.852 -79.477
1 148 18 0.2710 -0.121 0 0 -5.993 75.171 -83.036
1 149 1 0.4698 0.0315 0 0 -9.811 74.901 -82.963
1 150 6 0.4578 -0.178 0 0 -9.707 72.668 -86.092
1 151 9 0.6566 0.0000 0 0 -12.880 70.574 -86.232
1 152 22 0.8132 -0.034 0 0 -14.226 71.639 -82.832
1 153 7 0.7108 -0.891 0 0 -17.498 73.169 -83.979
1 154 3 0.7168 -0.426 0 0 -17.771 70.395 -86.585
1 155 0 0.9156 0.6814 0 0 -17.587 67.678 -83.895
1 156 15 0.9216 0.5555 0 0 -20.251 69.099 -81.600
1 157 20 0.7469 -0.497 0 0 -22.582 70.167 -84.444
1 158 18 0.7771 0.0435 0 0 -22.220 66.729 -86.068
1 159 12 0.8734 0.7592 0 0 -23.402 65.221 -82.753
1 160 22 0.7048 -0.359 0 0 -26.480 67.498 -82.782
1 161 1 0.4939 -0.086 0 0 -27.122 66.350 -86.370
1 162 7 0.5903 0.2405 0 0 -26.875 62.709 -85.191
1 163 11 0.5602 0.5152 0 0 -29.385 63.289 -82.368
1 164 1 0.2891 0.0963 0 0 -31.743 64.689 -85.054
1 165 6 0.1746 0.3606 0 0 -31.574 61.397 -86.996
1 166 10 0.1506 0.7161 0 0 -32.797 59.237 -84.144
