1 1 14 0.0 0.3567 0 0 -36.840 77.056 -77.531
1 2 18 0.0368 0.0571 0 0 -35.081 73.913 -78.782
1 3 7 0.2147 -0.013 0 0 -32.604 72.460 -76.287
1 4 20 0.5153 -0.211 0 0 -29.947 69.812 -76.984
1 5 13 0.6503 -0.816 0 0 -28.269 68.047 -74.049
1 6 12 0.8957 0.1245 0 0 -24.737 67.087 -75.119
1 7 22 0.9447 -0.665 0 0 -22.303 65.046 -73.058
1 8 22 0.9877 0.3938 0 0 -18.512 64.841 -73.625
1 9 22 0.9693 -0.274 0 0 -16.821 61.601 -72.479
1 10 9 0.9202 0.0000 0 0 -13.455 59.872 -72.871
1 11 0 0.7730 -0.516 0 0 -10.167 59.111 -71.103
1 12 9 0.6073 0.0000 0 0 -8.361 61.481 -68.768
1 13 9 0.6012 0.0000 0 0 -6.352 64.160 -70.539
1 14 22 0.8098 0.5778 0 0 -7.700 63.681 -74.074
1 15 9 0.8527 0.0000 0 0 -8.985 67.276 -74.185
1 16 13 0.9509 0.0743 0 0 -12.693 67.112 -73.252
1 17 17 0.8404 -0.635 0 0 -12.571 70.357 -71.263
1 18 0 0.7791 -0.296 0 0 -10.376 72.191 -73.759
1 19 12 0.9079 0.6912 0 0 -12.804 71.265 -76.556
1 20 18 0.8895 0.2783 0 0 -15.849 72.416 -74.621
1 21 11 0.6625 -0.462 0 0 -14.202 75.645 -73.483
1 22 6 0.6196 -0.413 0 0 -13.019 76.462 -77.018
1 23 12 0.7177 0.5623 0 0 -16.596 76.014 -78.298
1 24 11 0.5398 0.3396 0 0 -18.280 78.041 -75.564
1 25 6 0.3251 0.0336 0 0 -15.639 80.598 -74.554
1 26 2 0.2760 -0.219 0 0 -13.362 80.849 -77.607
1 27 10 0.2208 -0.110 0 0 -9.988 80.314 -75.951
1 28 15 0.3312 0.1616 0 0 -7.555 77.417 -75.439
1 29 22 0.3190 0.3546 0 0 -6.874 76.103 -71.931
1 30 3 0.1226 -0.595 0 0 -3.171 75.181 -71.865
1 31 7 0.0736 -0.336 0 0 -3.019 73.885 -68.303
1 32 20 0.2085 0.4402 0 0 -4.327 70.528 -67.119
1 33 3 0.1717 -0.608 0 0 -6.850 70.697 -64.245
1 34 16 0.3374 -0.801 0 0 -8.706 67.369 -63.975
1 35 18 0.4478 0.8651 0 0 -12.507 67.747 -64.108
1 36 11 0.3435 -0.995 0 0 -15.051 66.338 -61.699
1 37 7 0.4662 0.2546 0 0 -18.292 67.317 -63.477
1 38 3 0.5092 -0.231 0 0 -18.928 70.743 -65.072
1 39 17 0.5521 -0.700 0 0 -21.737 72.131 -67.197
1 40 20 0.5337 0.3351 0 0 -21.964 74.893 -69.823
1 41 1 0.4049 -0.552 0 0 -24.898 76.529 -71.624
1 42 13 0.3128 0.0613 0 0 -25.048 78.641 -74.762
1 43 6 0.1042 -0.959 0 0 -27.614 79.833 -77.282
1 44 22 0.1411 0.9764 0 0 -26.519 79.404 -80.907
1 45 22 0.0613 -0.954 0 0 -28.056 79.241 -84.373
1 46 11 0.2024 0.9689 0 0 -27.470 75.861 -86.049
1 47 3 0.0429 0.6648 0 0 -28.777 75.407 -89.606
1 48 9 0.0061 0.0000 0 0 -31.220 78.284 -89.169
1 49 7 0.0122 0.4721 0 0 -32.587 76.992 -85.876
1 50 18 0.0184 -0.725 0 0 -32.120 79.028 -82.721
1 51 5 0.0920 0.7606 0 0 -31.263 76.570 -79.994
1 52 12 0.2269 -0.216 0 0 -29.812 76.092 -76.547
1 53 12 0.5644 0.4775 0 0 -26.840 73.779 -76.050
1 54 3 0.5766 -0.913 0 0 -26.444 72.266 -72.592
1 55 11 0.8220 0.5211 0 0 -23.030 70.633 -72.450
1 56 12 0.8282 -0.413 0 0 -21.873 68.282 -69.690
1 57 3 0.8711 -0.071 0 0 -18.073 68.048 -69.361
1 58 18 0.8159 0.4964 0 0 -17.347 64.757 -67.565
1 59 0 0.6687 -0.962 0 0 -14.366 63.264 -65.727
1 60 9 0.6932 0.0000 0 0 -12.002 60.937 -67.550
1 61 6 0.3987 -0.226 0 0 -9.951 60.075 -64.476
1 62 7 0.1963 -0.593 0 0 -11.222 57.038 -62.566
1 63 7 0.0490 -0.376 0 0 -10.545 58.985 -59.347
1 64 20 0.1595 -0.140 0 0 -12.744 61.934 -60.334
0 65 17 0 0 0 0 -12.744 61.934 -60.334
0 66 0 0 0 0 0 -12.744 61.934 -60.334
0 67 14 0 0 0 0 -12.744 61.934 -60.334
1 68 1 0.4417 0.6687 0 0 -20.736 60.006 -63.744
1 69 3 0.3496 -0.329 0 0 -23.551 57.587 -64.644
1 70 6 0.1901 -0.714 0 0 -26.146 59.810 -62.986
1 71 20 0.4355 -0.279 0 0 -25.140 62.923 -64.923
1 72 14 0.6319 0.3757 0 0 -24.981 61.126 -68.274
1 73 1 0.3742 -0.959 0 0 -28.528 59.789 -67.919
1 74 18 0.3865 -0.384 0 0 -30.280 62.864 -69.374
1 75 9 0.6748 0.0000 0 0 -27.804 63.228 -72.249
1 76 7 0.6380 -0.629 0 0 -29.345 63.215 -75.726
1 77 9 0.8588 0.0000 0 0 -26.067 62.938 -77.650
1 78 15 0.9631 -0.717 0 0 -22.472 62.022 -76.743
1 79 12 0.9938 0.6001 0 0 -19.043 63.041 -78.052
1 80 5 0.9815 -0.790 0 0 -16.703 60.074 -77.541
1 81 22 0.9754 0.5212 0 0 -13.233 61.647 -77.452
1 82 15 0.8834 -0.341 0 0 -9.776 60.087 -77.755
1 83 0 0.7484 -0.357 0 0 -6.434 61.750 -78.552
1 84 11 0.5214 -0.096 0 0 -4.549 60.865 -81.744
1 85 2 0.3067 0.1481 0 0 -1.267 60.664 -79.812
1 86 2 0.3619 0.3570 0 0 -2.657 58.316 -77.126
1 87 18 0.2453 -0.876 0 0 -3.293 54.777 -78.392
1 88 13 0.2822 -0.295 0 0 -4.708 53.656 -75.045
1 89 17 0.5889 0.4686 0 0 -7.415 56.383 -75.144
1 90 15 0.5828 -0.264 0 0 -8.528 54.995 -78.506
1 91 7 0.3680 -0.851 0 0 -8.530 51.393 -77.272
1 92 3 0.4969 -0.532 0 0 -10.728 52.425 -74.348
1 93 11 0.7423 0.7065 0 0 -13.437 54.124 -76.440
1 94 10 0.5276 -0.815 0 0 -15.515 50.908 -76.272
1 95 6 0.4723 -0.387 0 0 -15.751 51.284 -72.477
1 96 20 0.7607 0.3138 0 0 -17.346 54.702 -72.855
1 97 1 0.7116 -0.426 0 0 -19.777 53.509 -75.524
1 98 7 0.4233 -0.503 0 0 -20.783 50.597 -73.284
1 99 6 0.4846 0.4027 0 0 -21.415 53.017 -70.398
1 100 11 0.6441 0.9214 0 0 -23.565 55.200 -72.641
1 101 13 0.3926 -0.094 0 0 -25.668 52.210 -73.734
1 102 1 0.1779 -0.025 0 0 -26.191 51.242 -70.094
1 103 22 0.3006 0.8146 0 0 -27.222 54.679 -68.821
1 104 13 0.2944 0.6628 0 0 -29.575 55.186 -71.788
1 105 3 0.0552 -0.551 0 0 -30.815 51.583 -71.942
1 106 17 0.0981 0.3133 0 0 -30.634 51.749 -75.710
1 107 3 0.1288 -0.823 0 0 -28.404 50.451 -78.488
1 108 3 0.2576 -0.364 0 0 -29.271 53.460 -80.659
1 109 22 0.5582 0.3089 0 0 -27.914 56.628 -79.047
1 110 16 0.7239 -0.521 0 0 -26.661 59.650 -81.031
1 111 14 0.9018 -0.239 0 0 -22.838 59.769 -80.888
1 112 22 0.9386 0.1077 0 0 -19.822 61.147 -82.746
1 113 12 0.9325 -0.681 0 0 -16.258 59.759 -82.505
1 114 22 0.9570 0.7527 0 0 -13.708 62.549 -82.045
1 115 9 0.8650 0.0000 0 0 -9.958 62.281 -82.518
1 116 2 0.8466 0.3057 0 0 -8.542 65.310 -80.692
1 117 13 0.6134 0.0658 0 0 -5.087 66.958 -80.554
1 118 5 0.4539 0.3031 0 0 -4.750 66.705 -84.354
1 119 3 0.2331 0.3333 0 0 -2.241 69.581 -84.215
1 120 12 0.1165 0.3531 0 0 0.311 67.268 -82.570
1 121 0 0.0306 -0.902 0 0 2.825 65.343 -84.670
1 122 0 0.0245 -0.120 0 0 3.365 62.198 -82.566
1 123 1 0.0797 0.4780 0 0 0.356 60.450 -84.102
1 124 18 0.0674 -0.024 0 0 -0.162 56.826 -83.118
1 125 22 0.2392 0.8577 0 0 -3.805 56.556 -84.248
1 126 7 0.1104 -0.889 0 0 -4.194 56.877 -88.014
1 127 17 0.2699 -0.040 0 0 -7.359 58.423 -89.513
1 128 1 0.0858 -0.817 0 0 -8.247 55.146 -91.296
1 129 6 0.1349 -0.318 0 0 -8.195 53.190 -88.019
1 130 0 0.4601 0.6604 0 0 -10.608 55.630 -86.369
1 131 6 0.3803 -0.469 0 0 -12.832 55.737 -89.480
1 132 3 0.1533 -0.841 0 0 -13.100 51.926 -89.277
1 133 12 0.4171 0.5930 0 0 -14.137 52.036 -85.618
1 134 0 0.5705 0.4304 0 0 -16.714 54.756 -86.319
1 135 1 0.2638 -0.741 0 0 -18.103 52.805 -89.279
1 136 17 0.1656 0.2024 0 0 -18.676 49.756 -87.080
1 137 20 0.4294 0.5180 0 0 -20.669 51.942 -84.675
1 138 9 0.3558 0.0000 0 0 -22.564 53.619 -87.531
1 139 11 0.6257 0.7279 0 0 -21.413 57.120 -86.575
1 140 16 0.6809 0.2124 0 0 -19.219 59.950 -88.015
1 141 20 0.7668 -0.055 0 0 -15.499 60.324 -87.241
1 142 11 0.8036 0.2569 0 0 -14.171 63.896 -86.949
1 143 7 0.7852 -0.728 0 0 -10.688 65.124 -86.035
1 144 18 0.7975 0.9794 0 0 -10.255 68.218 -83.866
1 145 17 0.6564 -0.971 0 0 -7.696 70.493 -82.260
1 146 0 0.7055 0.4425 0 0 -8.805 72.395 -79.161
1 147 13 0.4110 -0.768 0 0 -5.558 74.348 -79.602
1 148 18 0.2883 -0.125 0 0 -6.145 75.696 -83.123
1 149 1 0.4907 0.0224 0 0 -9.976 75.373 -83.042
1 150 6 0.4785 -0.341 0 0 -9.823 73.100 -86.122
1 151 9 0.6871 0.0000 0 0 -12.957 70.934 -86.299
1 152 22 0.8343 -0.053 0 0 -14.305 72.040 -82.925
1 153 7 0.7300 -0.922 0 0 -17.558 73.589 -84.102
1 154 3 0.7361 -0.785 0 0 -17.951 70.791 -86.677
1 155 0 0.9141 0.6867 0 0 -17.729 68.093 -83.987
1 156 15 0.9263 0.5407 0 0 -20.393 69.610 -81.746
1 157 20 0.7546 -0.502 0 0 -22.703 70.703 -84.591
1 158 18 0.7914 0.0690 0 0 -22.417 67.292 -86.241
1 159 12 0.8773 0.7410 0 0 -23.568 65.806 -82.922
1 160 22 0.6993 -0.367 0 0 -26.636 68.067 -82.984
1 161 1 0.5030 -0.097 0 0 -27.347 66.907 -86.566
1 162 7 0.5950 0.2633 0 0 -27.045 63.274 -85.384
1 163 11 0.5460 0.5081 0 0 -29.573 63.902 -82.597
1 164 1 0.2515 0.0936 0 0 -31.948 65.361 -85.238
1 165 6 0.1472 0.3214 0 0 -31.828 62.120 -87.245
1 166 10 0.1840 0.1511 0 0 -32.844 60.156 -84.146
