1 1 14 0.0 0.0440 0 0 -36.599 76.357 -75.419
1 2 18 0.0384 -0.087 0 0 -35.128 73.268 -77.078
1 3 7 0.1987 0.1988 0 0 -32.166 72.126 -75.017
1 4 20 0.4871 -0.216 0 0 -29.639 69.382 -75.669
1 5 13 0.6602 -0.460 0 0 -27.803 67.671 -72.840
1 6 12 0.8846 0.1618 0 0 -24.340 66.684 -74.060
1 7 22 0.9166 -0.704 0 0 -22.102 64.523 -71.876
1 8 22 0.9871 0.4316 0 0 -18.348 64.466 -72.494
1 9 22 0.9551 -0.266 0 0 -16.616 61.243 -71.402
1 10 9 0.9102 0.0000 0 0 -13.199 59.680 -71.772
1 11 0 0.7051 -0.486 0 0 -9.995 58.857 -69.938
1 12 9 0.5512 0.0000 0 0 -8.184 61.237 -67.610
1 13 9 0.5641 0.0000 0 0 -6.322 64.052 -69.302
1 14 22 0.7884 0.5708 0 0 -7.568 63.554 -72.858
1 15 9 0.8269 0.0000 0 0 -8.872 67.122 -72.991
1 16 13 0.9294 -0.003 0 0 -12.601 66.877 -72.130
1 17 17 0.8141 -0.652 0 0 -12.567 70.119 -70.145
1 18 0 0.7435 -0.292 0 0 -10.329 71.974 -72.556
1 19 12 0.9038 0.7267 0 0 -12.683 71.024 -75.414
1 20 18 0.8782 0.1796 0 0 -15.718 72.155 -73.463
1 21 11 0.6474 -0.637 0 0 -14.128 75.458 -72.446
1 22 6 0.6282 -0.375 0 0 -12.958 76.104 -76.015
1 23 12 0.7243 0.5737 0 0 -16.524 75.559 -77.261
1 24 11 0.5128 0.2813 0 0 -18.172 77.795 -74.674
1 25 6 0.2884 -0.079 0 0 -15.554 80.493 -74.057
1 26 2 0.2756 -0.195 0 0 -13.162 80.443 -77.039
1 27 10 0.2051 -0.169 0 0 -9.914 80.096 -75.146
1 28 15 0.3333 0.1589 0 0 -7.544 77.218 -74.402
1 29 22 0.3205 0.4074 0 0 -7.014 75.818 -70.925
1 30 3 0.1025 -0.573 0 0 -3.242 75.080 -70.721
1 31 7 0.0641 -0.302 0 0 -3.115 73.758 -67.155
1 32 20 0.1474 0.4417 0 0 -4.338 70.389 -65.929
1 33 3 0.1346 -0.621 0 0 -6.846 70.412 -63.083
1 34 16 0.2692 -0.798 0 0 -8.690 67.078 -62.889
1 35 18 0.4358 0.8881 0 0 -12.467 67.406 -63.085
1 36 11 0.3269 -0.932 0 0 -15.057 65.848 -60.884
1 37 7 0.4423 0.1994 0 0 -18.363 66.842 -62.490
1 38 3 0.4487 -0.280 0 0 -18.909 70.277 -63.995
1 39 17 0.5 -0.625 0 0 -21.756 71.474 -66.174
1 40 20 0.4615 0.3277 0 0 -22.048 74.446 -68.472
1 41 1 0.3846 -0.618 0 0 -24.879 76.044 -70.425
1 42 13 0.3397 0.1652 0 0 -24.593 78.040 -73.643
1 43 6 0.1153 -0.972 0 0 -27.215 79.432 -75.999
1 44 22 0.1602 0.9838 0 0 -26.313 79.000 -79.661
1 45 22 0.0576 -0.941 0 0 -27.950 78.906 -83.074
1 46 11 0.2115 0.9557 0 0 -27.474 75.507 -84.670
1 47 3 0.0512 0.7147 0 0 -28.988 75.049 -88.132
1 48 9 0.0064 0.0000 0 0 -31.590 77.786 -87.783
1 49 7 0.0128 0.4502 0 0 -32.714 76.834 -84.300
1 50 18 0.0192 -0.687 0 0 -31.881 78.697 -81.134
1 51 5 0.0961 0.6944 0 0 -31.029 76.160 -78.488
1 52 12 0.2307 -0.801 0 0 -29.488 75.615 -75.098
1 53 12 0.5448 0.5235 0 0 -26.540 73.297 -74.807
1 54 3 0.5576 -0.923 0 0 -26.097 71.818 -71.369
1 55 11 0.8076 0.5148 0 0 -22.658 70.271 -71.372
1 56 12 0.7820 -0.470 0 0 -21.751 67.838 -68.623
1 57 3 0.8397 -0.008 0 0 -18.011 67.567 -68.278
1 58 18 0.7564 0.4652 0 0 -17.097 64.377 -66.402
1 59 0 0.6025 -0.960 0 0 -14.103 62.960 -64.559
1 60 9 0.6538 0.0000 0 0 -11.744 60.742 -66.501
1 61 6 0.3461 -0.329 0 0 -9.693 59.998 -63.392
0 62 7 0 0 0 0 -9.693 59.998 -63.392
0 63 7 0 0 0 0 -9.693 59.998 -63.392
0 64 20 0 0 0 0 -9.693 59.998 -63.392
0 65 17 0 0 0 0 -9.693 59.998 -63.392
0 66 0 0 0 0 0 -9.693 59.998 -63.392
0 67 14 0 0 0 0 -9.693 59.998 -63.392
0 68 1 0 0 0 0 -9.693 59.998 -63.392
0 69 3 0 0 0 0 -9.693 59.998 -63.392
0 70 6 0 0 0 0 -9.693 59.998 -63.392
0 71 20 0 0 0 0 -9.693 59.998 -63.392
1 72 14 0.5705 0.3214 0 0 -24.729 60.043 -67.623
1 73 1 0.3141 -0.885 0 0 -28.332 59.165 -66.770
1 74 18 0.3589 -0.076 0 0 -29.613 62.531 -67.961
1 75 9 0.6346 0.0000 0 0 -27.488 62.801 -71.107
1 76 7 0.6153 -0.589 0 0 -29.108 62.879 -74.551
1 77 9 0.8461 0.0000 0 0 -25.844 62.484 -76.472
1 78 15 0.9615 -0.782 0 0 -22.259 61.558 -75.629
1 79 12 0.9935 0.7840 0 0 -18.876 62.747 -76.902
1 80 5 0.9807 -0.791 0 0 -16.522 59.833 -76.360
1 81 22 0.9743 0.5133 0 0 -13.100 61.461 -76.261
1 82 15 0.8717 -0.264 0 0 -9.627 59.947 -76.541
1 83 0 0.7371 -0.396 0 0 -6.314 61.641 -77.334
1 84 11 0.5320 -0.123 0 0 -4.404 60.729 -80.483
1 85 2 0.3012 0.1303 0 0 -1.123 60.496 -78.564
1 86 2 0.3782 0.3891 0 0 -2.616 58.222 -75.920
1 87 18 0.2371 -0.867 0 0 -3.195 54.647 -77.041
1 88 13 0.25 -0.467 0 0 -4.622 53.617 -73.647
1 89 17 0.5769 0.4876 0 0 -7.316 56.311 -73.911
1 90 15 0.5961 -0.205 0 0 -8.378 54.888 -77.278
1 91 7 0.3717 -0.854 0 0 -8.490 51.320 -75.994
1 92 3 0.4743 -0.198 0 0 -10.591 52.636 -73.088
1 93 11 0.6987 0.7371 0 0 -13.300 53.871 -75.466
1 94 10 0.4551 -0.959 0 0 -14.885 50.396 -75.502
1 95 6 0.4230 -0.883 0 0 -15.379 50.540 -71.740
1 96 20 0.6794 0.3440 0 0 -16.781 54.079 -71.819
1 97 1 0.6666 -0.238 0 0 -19.331 53.184 -74.485
1 98 7 0.3910 -0.505 0 0 -20.349 50.093 -72.530
1 99 6 0.4102 0.2463 0 0 -20.785 52.133 -69.362
1 100 11 0.5833 0.9588 0 0 -22.953 54.572 -71.292
1 101 13 0.3525 0.0339 0 0 -25.133 51.789 -72.668
1 102 1 0.1089 -0.241 0 0 -25.346 50.177 -69.229
1 103 22 0.1858 0.7285 0 0 -26.644 53.401 -67.672
1 104 13 0.2179 0.7035 0 0 -28.965 54.234 -70.599
1 105 3 0.0448 -0.609 0 0 -30.199 50.641 -70.917
1 106 17 0.0769 0.1573 0 0 -30.134 50.911 -74.673
1 107 3 0.1538 -0.777 0 0 -27.727 50.629 -77.578
1 108 3 0.2243 -0.494 0 0 -29.545 53.408 -79.411
1 109 22 0.5192 0.2762 0 0 -27.604 56.294 -77.873
1 110 16 0.6858 -0.461 0 0 -26.390 59.264 -79.979
1 111 14 0.8974 -0.072 0 0 -22.596 59.437 -79.836
1 112 22 0.9487 0.1850 0 0 -19.621 60.938 -81.630
1 113 12 0.9423 -0.712 0 0 -16.064 59.556 -81.293
1 114 22 0.9679 0.7892 0 0 -13.508 62.368 -80.834
1 115 9 0.8653 0.0000 0 0 -9.765 62.102 -81.243
1 116 2 0.8589 0.2687 0 0 -8.357 65.119 -79.435
1 117 13 0.6217 0.0438 0 0 -4.931 66.767 -79.375
1 118 5 0.4679 0.3277 0 0 -4.519 66.584 -83.164
1 119 3 0.2435 0.3196 0 0 -2.091 69.522 -82.925
1 120 12 0.1282 0.3274 0 0 0.456 67.118 -81.354
1 121 0 0.0320 -0.907 0 0 2.844 65.002 -83.410
1 122 0 0.0256 -0.068 0 0 3.367 61.990 -81.154
1 123 1 0.0833 0.4912 0 0 0.415 60.224 -82.793
1 124 18 0.0705 -0.055 0 0 -0.062 56.597 -81.792
1 125 22 0.2564 0.8537 0 0 -3.692 56.239 -82.835
1 126 7 0.1217 -0.856 0 0 -3.931 56.399 -86.631
1 127 17 0.2948 -0.050 0 0 -6.993 58.062 -88.193
1 128 1 0.0897 -0.529 0 0 -8.003 54.865 -89.961
1 129 6 0.1666 -0.426 0 0 -8.050 52.892 -86.697
1 130 0 0.4807 0.6445 0 0 -10.397 55.436 -85.126
1 131 6 0.3974 -0.467 0 0 -12.565 55.594 -88.259
1 132 3 0.1923 -0.847 0 0 -12.935 51.811 -88.124
1 133 12 0.4166 0.5680 0 0 -13.942 51.936 -84.460
1 134 0 0.5897 0.4805 0 0 -16.554 54.635 -85.188
1 135 1 0.2820 -0.778 0 0 -17.808 52.690 -88.202
1 136 17 0.1730 0.2039 0 0 -18.326 49.593 -86.053
1 137 20 0.4294 0.4875 0 0 -20.424 51.705 -83.653
1 138 9 0.3653 0.0000 0 0 -22.364 53.417 -86.459
1 139 11 0.6410 0.6820 0 0 -21.145 56.872 -85.419
1 140 16 0.7115 0.2599 0 0 -18.985 59.706 -86.848
1 141 20 0.7756 -0.064 0 0 -15.304 60.144 -85.988
1 142 11 0.8333 0.3181 0 0 -14.054 63.703 -85.648
1 143 7 0.8012 -0.737 0 0 -10.541 64.867 -84.782
1 144 18 0.8205 0.9808 0 0 -10.093 67.983 -82.700
1 145 17 0.6730 -0.982 0 0 -7.575 70.281 -81.106
1 146 0 0.6923 0.3950 0 0 -8.760 72.223 -78.053
1 147 13 0.4038 -0.761 0 0 -5.549 74.219 -78.465
1 148 18 0.3076 -0.074 0 0 -6.162 75.492 -82.030
1 149 1 0.5064 0.0498 0 0 -9.978 75.142 -81.895
1 150 6 0.4935 -0.735 0 0 -9.888 72.987 -85.038
1 151 9 0.7307 0.0000 0 0 -12.821 70.552 -85.126
1 152 22 0.8525 -0.087 0 0 -14.296 71.721 -81.814
1 153 7 0.75 -0.774 0 0 -17.495 73.083 -83.310
1 154 3 0.7692 -0.666 0 0 -17.670 70.062 -85.653
1 155 0 0.9358 0.7022 0 0 -17.548 67.698 -82.681
1 156 15 0.9230 0.5147 0 0 -20.221 69.319 -80.513
1 157 20 0.7628 -0.538 0 0 -22.539 70.376 -83.365
1 158 18 0.7948 0.0460 0 0 -22.339 66.956 -85.029
1 159 12 0.8910 0.6945 0 0 -23.446 65.444 -81.698
1 160 22 0.7179 -0.341 0 0 -26.457 67.802 -81.646
1 161 1 0.5256 -0.054 0 0 -27.221 66.758 -85.215
1 162 7 0.6089 0.2769 0 0 -27.019 63.083 -84.167
1 163 11 0.5384 0.5314 0 0 -29.395 63.643 -81.279
1 164 1 0.2628 0.1002 0 0 -31.871 65.163 -83.764
1 165 6 0.1794 0.4023 0 0 -31.758 61.908 -85.741
1 166 10 0.1410 0.7290 0 0 -32.901 59.814 -82.776
