1 1 14 0.0 0.4968 0 0 -36.790 76.125 -76.254
1 2 18 0.0361 0.0385 0 0 -34.908 73.292 -77.962
1 3 7 0.2048 -0.011 0 0 -32.390 71.797 -75.545
1 4 20 0.5060 -0.241 0 0 -29.721 69.193 -76.348
1 5 13 0.6686 -0.829 0 0 -28.014 67.388 -73.468
1 6 12 0.9036 0.0982 0 0 -24.505 66.333 -74.494
1 7 22 0.9457 -0.657 0 0 -22.065 64.294 -72.428
1 8 22 0.9879 0.3828 0 0 -18.301 64.129 -73.020
1 9 22 0.9698 -0.275 0 0 -16.585 60.899 -71.929
1 10 9 0.9277 0.0000 0 0 -13.219 59.197 -72.320
1 11 0 0.7951 -0.545 0 0 -9.955 58.429 -70.537
1 12 9 0.6325 0.0000 0 0 -8.173 60.818 -68.204
1 13 9 0.6265 0.0000 0 0 -6.158 63.474 -69.992
1 14 22 0.8192 0.6072 0 0 -7.544 63.016 -73.499
1 15 9 0.8674 0.0000 0 0 -8.809 66.603 -73.600
1 16 13 0.9518 0.1150 0 0 -12.512 66.411 -72.690
1 17 17 0.8433 -0.598 0 0 -12.394 69.648 -70.705
1 18 0 0.7831 -0.304 0 0 -10.171 71.503 -73.172
1 19 12 0.9096 0.6721 0 0 -12.581 70.582 -75.987
1 20 18 0.8915 0.3278 0 0 -15.635 71.692 -74.035
1 21 11 0.6626 -0.437 0 0 -13.999 74.913 -72.874
1 22 6 0.6204 -0.431 0 0 -12.840 75.732 -76.427
1 23 12 0.7168 0.5485 0 0 -16.400 75.287 -77.687
1 24 11 0.5301 0.3480 0 0 -18.058 77.286 -74.927
1 25 6 0.3072 0.0530 0 0 -15.444 79.878 -73.973
1 26 2 0.2831 -0.246 0 0 -13.169 80.138 -77.026
1 27 10 0.2108 -0.095 0 0 -9.817 79.605 -75.357
1 28 15 0.3373 0.1514 0 0 -7.401 76.732 -74.859
1 29 22 0.3313 0.3925 0 0 -6.761 75.309 -71.396
1 30 3 0.1265 -0.604 0 0 -3.014 74.507 -71.264
1 31 7 0.0843 -0.327 0 0 -2.867 73.117 -67.736
1 32 20 0.2289 0.4586 0 0 -4.182 69.764 -66.563
1 33 3 0.1927 -0.627 0 0 -6.697 69.899 -63.704
1 34 16 0.3554 -0.806 0 0 -8.560 66.586 -63.487
1 35 18 0.4879 0.8542 0 0 -12.321 66.970 -63.579
1 36 11 0.3734 -0.992 0 0 -14.887 65.546 -61.224
1 37 7 0.5120 0.2673 0 0 -18.135 66.568 -62.937
1 38 3 0.5361 -0.229 0 0 -18.703 69.995 -64.547
1 39 17 0.5783 -0.768 0 0 -21.568 71.367 -66.626
1 40 20 0.5481 0.3396 0 0 -21.740 74.121 -69.222
1 41 1 0.4096 -0.638 0 0 -24.669 75.736 -70.988
1 42 13 0.3192 0.1323 0 0 -24.732 77.871 -74.129
1 43 6 0.1024 -0.964 0 0 -27.360 79.172 -76.529
1 44 22 0.1385 0.9777 0 0 -26.313 78.688 -80.154
1 45 22 0.0481 -0.963 0 0 -27.866 78.496 -83.612
1 46 11 0.1807 0.9586 0 0 -27.240 75.125 -85.238
1 47 3 0.0421 0.6899 0 0 -28.543 74.692 -88.788
1 48 9 0.0060 0.0000 0 0 -31.058 77.507 -88.409
1 49 7 0.0120 0.4539 0 0 -32.352 76.270 -85.080
1 50 18 0.0180 -0.732 0 0 -31.896 78.283 -81.909
1 51 5 0.0903 0.7579 0 0 -31.110 75.838 -79.154
1 52 12 0.2349 -0.250 0 0 -29.589 75.404 -75.751
1 53 12 0.5602 0.4706 0 0 -26.606 73.087 -75.356
1 54 3 0.5903 -0.910 0 0 -26.169 71.538 -71.927
1 55 11 0.8253 0.5007 0 0 -22.768 69.877 -71.836
1 56 12 0.8313 -0.377 0 0 -21.640 67.528 -69.093
1 57 3 0.8855 -0.069 0 0 -17.860 67.292 -68.814
1 58 18 0.8373 0.5015 0 0 -17.122 64.038 -66.989
1 59 0 0.6867 -0.961 0 0 -14.152 62.578 -65.136
1 60 9 0.7349 0.0000 0 0 -11.756 60.320 -67.001
1 61 6 0.4277 -0.317 0 0 -9.628 59.531 -63.962
1 62 7 0.2409 -0.582 0 0 -11.020 56.456 -62.207
1 63 7 0.0542 -0.437 0 0 -10.347 58.157 -58.867
1 64 20 0.1867 -0.163 0 0 -12.538 61.158 -59.709
1 65 17 0.3493 0.0617 0 0 -15.283 59.166 -61.446
1 66 0 0.0963 -0.799 0 0 -17.587 58.573 -58.470
1 67 14 0.1325 -0.704 0 0 -21.228 58.480 -59.618
1 68 1 0.4638 0.6430 0 0 -20.358 59.316 -63.229
1 69 3 0.3975 -0.697 0 0 -23.028 56.827 -64.310
1 70 6 0.2168 -0.712 0 0 -25.610 58.833 -62.372
1 71 20 0.4457 -0.282 0 0 -24.694 62.052 -64.166
1 72 14 0.6506 0.5506 0 0 -24.642 60.364 -67.571
1 73 1 0.3915 -0.951 0 0 -28.222 59.018 -67.324
1 74 18 0.4156 -0.107 0 0 -29.865 62.179 -68.657
1 75 9 0.6927 0.0000 0 0 -27.522 62.521 -71.622
1 76 7 0.6445 -0.621 0 0 -29.080 62.563 -75.085
1 77 9 0.8614 0.0000 0 0 -25.854 62.160 -77.072
1 78 15 0.9638 -0.669 0 0 -22.270 61.269 -76.151
1 79 12 0.9939 0.5715 0 0 -18.878 62.421 -77.430
1 80 5 0.9819 -0.798 0 0 -16.548 59.477 -76.941
1 81 22 0.9759 0.5057 0 0 -13.082 61.037 -76.879
1 82 15 0.8795 -0.358 0 0 -9.644 59.467 -77.155
1 83 0 0.7530 -0.346 0 0 -6.306 61.139 -77.972
1 84 11 0.5240 -0.171 0 0 -4.476 60.260 -81.199
1 85 2 0.3012 0.1565 0 0 -1.188 60.059 -79.277
1 86 2 0.3674 0.3999 0 0 -2.614 57.730 -76.616
1 87 18 0.2891 -0.878 0 0 -3.227 54.193 -77.811
1 88 13 0.2951 -0.416 0 0 -4.639 53.079 -74.457
1 89 17 0.6144 0.4647 0 0 -7.339 55.791 -74.591
1 90 15 0.6024 -0.293 0 0 -8.453 54.428 -77.970
1 91 7 0.3795 -0.850 0 0 -8.521 50.868 -76.659
1 92 3 0.5542 -0.134 0 0 -10.591 52.214 -73.732
1 93 11 0.7710 0.6905 0 0 -13.402 53.493 -75.999
1 94 10 0.5180 -0.931 0 0 -15.197 50.125 -76.061
1 95 6 0.4819 -0.553 0 0 -15.548 50.338 -72.275
1 96 20 0.7891 0.3460 0 0 -16.974 53.871 -72.349
1 97 1 0.7409 -0.310 0 0 -19.480 52.919 -75.027
1 98 7 0.4397 -0.742 0 0 -20.576 49.883 -73.010
1 99 6 0.5 0.3302 0 0 -21.038 52.081 -69.927
1 100 11 0.6566 0.9305 0 0 -23.176 54.463 -71.971
1 101 13 0.4216 -0.108 0 0 -25.325 51.602 -73.253
1 102 1 0.1987 -0.016 0 0 -25.733 50.338 -69.687
1 103 22 0.3253 0.6615 0 0 -26.674 53.758 -68.286
1 104 13 0.3132 0.6636 0 0 -29.134 54.388 -71.150
1 105 3 0.0602 -0.576 0 0 -30.408 50.783 -71.300
1 106 17 0.1084 0.2587 0 0 -30.274 50.973 -75.061
1 107 3 0.1566 -0.803 0 0 -28.067 49.870 -77.925
1 108 3 0.2590 -0.433 0 0 -29.276 52.868 -79.934
1 109 22 0.5662 0.3594 0 0 -27.662 55.953 -78.417
1 110 16 0.7289 -0.488 0 0 -26.452 58.962 -80.421
1 111 14 0.8975 -0.012 0 0 -22.651 59.082 -80.329
1 112 22 0.9397 0.0827 0 0 -19.656 60.542 -82.143
1 113 12 0.9337 -0.645 0 0 -16.116 59.134 -81.926
1 114 22 0.9578 0.7374 0 0 -13.563 61.917 -81.414
1 115 9 0.8554 0.0000 0 0 -9.800 61.653 -81.925
1 116 2 0.8493 0.3183 0 0 -8.361 64.672 -80.112
1 117 13 0.5963 0.1087 0 0 -4.911 66.330 -79.993
1 118 5 0.4518 0.2948 0 0 -4.568 66.144 -83.783
1 119 3 0.2228 0.3542 0 0 -2.109 69.070 -83.631
1 120 12 0.1204 0.3636 0 0 0.458 66.662 -82.110
1 121 0 0.0240 -0.903 0 0 2.776 64.481 -84.207
1 122 0 0.0301 -0.047 0 0 3.370 61.482 -81.922
1 123 1 0.0783 0.4488 0 0 0.379 59.789 -83.508
1 124 18 0.0662 0.0114 0 0 -0.114 56.160 -82.518
1 125 22 0.2469 0.8626 0 0 -3.747 55.887 -83.673
1 126 7 0.1144 -0.884 0 0 -4.058 56.266 -87.442
1 127 17 0.2530 -0.059 0 0 -7.200 57.805 -88.943
1 128 1 0.0722 -0.659 0 0 -8.132 54.563 -90.714
1 129 6 0.1445 -0.319 0 0 -8.118 52.592 -87.441
1 130 0 0.4759 0.6369 0 0 -10.499 55.034 -85.790
1 131 6 0.3614 -0.492 0 0 -12.679 55.209 -88.905
1 132 3 0.1686 -0.845 0 0 -13.005 51.416 -88.712
1 133 12 0.4036 0.6098 0 0 -14.013 51.493 -85.050
1 134 0 0.5722 0.4301 0 0 -16.592 54.227 -85.707
1 135 1 0.2650 -0.722 0 0 -17.930 52.232 -88.674
1 136 17 0.1746 0.2528 0 0 -18.418 49.184 -86.439
1 137 20 0.4337 0.5112 0 0 -20.473 51.367 -84.078
1 138 9 0.3433 0.0000 0 0 -22.422 53.023 -86.900
1 139 11 0.6084 0.7529 0 0 -21.192 56.493 -85.944
1 140 16 0.6807 0.2340 0 0 -19.013 59.280 -87.389
1 141 20 0.7590 -0.051 0 0 -15.337 59.738 -86.580
1 142 11 0.8072 0.2440 0 0 -14.019 63.269 -86.297
1 143 7 0.7650 -0.696 0 0 -10.551 64.516 -85.394
1 144 18 0.8012 0.9778 0 0 -10.117 67.607 -83.245
1 145 17 0.6385 -0.969 0 0 -7.548 69.867 -81.662
1 146 0 0.7048 0.4823 0 0 -8.674 71.787 -78.588
1 147 13 0.3855 -0.765 0 0 -5.429 73.737 -79.019
1 148 18 0.2710 -0.126 0 0 -6.007 75.056 -82.565
1 149 1 0.4698 0.0226 0 0 -9.814 74.729 -82.490
1 150 6 0.4578 -0.212 0 0 -9.647 72.443 -85.567
1 151 9 0.6746 0.0000 0 0 -12.776 70.272 -85.690
1 152 22 0.8132 -0.036 0 0 -14.181 71.399 -82.336
1 153 7 0.7108 -0.892 0 0 -17.418 72.983 -83.527
1 154 3 0.7228 -0.483 0 0 -17.773 70.183 -86.086
1 155 0 0.9156 0.6714 0 0 -17.520 67.502 -83.384
1 156 15 0.9216 0.5618 0 0 -20.162 68.996 -81.078
1 157 20 0.7469 -0.516 0 0 -22.513 70.065 -83.882
1 158 18 0.7771 0.0593 0 0 -22.212 66.649 -85.524
1 159 12 0.8734 0.7601 0 0 -23.329 65.133 -82.223
1 160 22 0.6987 -0.362 0 0 -26.425 67.385 -82.266
1 161 1 0.4939 -0.085 0 0 -27.080 66.256 -85.852
1 162 7 0.5843 0.2650 0 0 -26.849 62.628 -84.686
1 163 11 0.5421 0.5293 0 0 -29.317 63.234 -81.844
1 164 1 0.2771 0.0921 0 0 -31.679 64.654 -84.486
1 165 6 0.1506 0.3170 0 0 -31.579 61.410 -86.477
1 166 10 0.1626 0.7517 0 0 -32.717 59.276 -83.554
