1 1 14 0.0060 0.1634 0 0 -5.866 31.825 -6.726
1 2 18 0.0421 0.2703 0 0 -4.808 28.699 -4.864
1 3 7 0.2228 -0.511 0 0 -4.657 29.310 -1.127
1 4 20 0.5481 -0.225 0 0 -2.546 27.333 1.323
1 5 13 0.6686 -0.818 0 0 -3.675 27.274 4.924
1 6 12 0.8975 0.1060 0 0 -0.527 26.773 6.975
1 7 22 0.9457 -0.581 0 0 -0.466 26.382 10.743
1 8 22 0.9879 0.2353 0 0 2.606 26.951 12.908
1 9 22 0.9698 -0.190 0 0 2.628 24.941 16.129
1 10 9 0.9277 0.3974 0 0 5.064 24.141 18.920
1 11 0 0.7951 -0.271 0 0 5.943 24.818 22.552
1 12 9 0.6445 -0.219 0 0 6.196 28.357 23.895
1 13 9 0.6325 -0.023 0 0 9.238 30.399 22.949
1 14 22 0.8132 0.5591 0 0 10.624 28.121 20.228
1 15 9 0.8554 -0.617 0 0 10.405 30.914 17.642
1 16 13 0.9518 0.0917 0 0 7.128 30.292 15.824
1 17 17 0.8433 -0.680 0 0 6.384 34.012 15.470
1 18 0 0.7831 -0.220 0 0 10.007 34.873 14.684
1 19 12 0.9036 0.7222 0 0 9.988 32.405 11.782
1 20 18 0.8855 -0.011 0 0 6.647 33.691 10.487
1 21 11 0.6506 -0.447 0 0 7.646 37.358 10.742
1 22 6 0.6024 -0.213 0 0 10.971 36.682 9.047
1 23 12 0.6807 0.5280 0 0 9.154 35.152 6.073
1 24 11 0.5120 0.3721 0 0 6.580 37.931 5.759
1 25 6 0.3012 0.1467 0 0 8.284 41.093 7.066
1 26 2 0.2469 -0.520 0 0 11.978 40.307 6.518
1 27 10 0.2048 -0.144 0 0 13.233 41.070 10.028
1 28 15 0.3493 0.0383 0 0 14.202 39.130 13.148
1 29 22 0.3253 0.4722 0 0 12.336 39.750 16.396
1 30 3 0.1506 -0.889 0 0 14.190 39.532 19.707
1 31 7 0.0722 -0.226 0 0 11.440 40.903 21.916
1 32 20 0.0903 -0.179 0 0 9.341 39.036 24.464
1 33 3 0.1927 0.4151 0 0 5.814 39.091 23.050
1 34 16 0.3554 -0.841 0 0 3.744 35.883 23.576
1 35 18 0.5060 0.8576 0 0 1.166 35.033 20.918
1 36 11 0.3734 -0.984 0 0 -2.529 34.372 21.446
1 37 7 0.5180 -0.082 0 0 -3.538 33.701 17.848
1 38 3 0.5301 0.1481 0 0 -2.604 35.723 14.752
1 39 17 0.5542 -0.925 0 0 -3.135 35.419 10.994
1 40 20 0.5361 0.3586 0 0 -0.869 36.530 8.154
1 41 1 0.3795 -0.588 0 0 -1.885 36.616 4.493
1 42 13 0.3072 0.0874 0 0 0.604 37.261 1.700
1 43 6 0.0963 -0.881 0 0 0.721 36.737 -2.055
1 44 22 0.1686 0.9980 0 0 3.783 34.784 -3.162
1 45 22 0.0481 -0.981 0 0 5.101 33.122 -6.296
1 46 11 0.1746 0.9566 0 0 6.301 29.605 -5.535
1 47 3 0.0361 0.6575 0 0 7.663 27.453 -8.359
1 48 9 0.0 0.3262 0 0 5.858 29.696 -10.829
1 49 7 0.0240 0.5971 0 0 2.497 29.211 -9.135
1 50 18 0.0301 -0.840 0 0 0.612 32.235 -7.857
1 51 5 0.1024 0.7647 0 0 -0.947 31.420 -4.496
1 52 12 0.2530 -0.255 0 0 -1.999 32.822 -1.140
1 53 12 0.5722 0.4515 0 0 -0.062 31.769 1.943
1 54 3 0.5903 -0.340 0 0 -2.515 32.038 4.819
1 55 11 0.8313 0.3791 0 0 -0.453 31.342 7.921
1 56 12 0.8253 -0.368 0 0 -2.027 31.020 11.359
1 57 3 0.8795 -0.303 0 0 0.473 31.572 14.156
1 58 18 0.8373 0.5326 0 0 -0.528 29.694 17.310
1 59 0 0.6867 -0.909 0 0 0.156 30.141 21.020
1 60 9 0.7168 0.4869 0 0 2.550 27.780 22.756
1 61 6 0.4156 -0.271 0 0 0.557 28.411 25.930
1 62 7 0.2891 -0.492 0 0 -1.507 25.381 26.957
1 63 7 0.0662 -0.103 0 0 -4.215 27.677 28.347
1 64 20 0.2168 -0.013 0 0 -5.479 27.559 24.759
1 65 17 0.2409 -0.359 0 0 -6.314 23.957 23.833
1 66 0 0.0783 -0.733 0 0 -9.960 24.421 22.868
1 67 14 0.2289 0.1398 0 0 -9.062 26.911 20.157
1 68 1 0.4759 0.4618 0 0 -6.342 24.453 19.142
1 69 3 0.3373 -0.830 0 0 -8.826 21.844 17.920
1 70 6 0.2771 -0.607 0 0 -10.470 24.573 15.848
1 71 20 0.5602 0.6834 0 0 -7.432 25.821 13.910
1 72 14 0.6265 0.4776 0 0 -6.233 22.231 13.522
1 73 1 0.3855 -0.782 0 0 -9.197 20.991 11.482
1 74 18 0.4216 -0.154 0 0 -8.985 23.808 8.932
1 75 9 0.6987 -0.006 0 0 -5.207 23.690 8.521
1 76 7 0.6626 -0.587 0 0 -3.935 21.993 5.367
1 77 9 0.8674 -0.664 0 0 -0.311 21.721 6.472
1 78 15 0.9638 -0.696 0 0 1.612 22.136 9.707
1 79 12 0.9939 0.4849 0 0 5.015 23.461 10.692
1 80 5 0.9819 -0.890 0 0 5.674 21.606 13.940
1 81 22 0.9759 0.3997 0 0 8.548 23.501 15.527
1 82 15 0.8915 -0.319 0 0 10.950 22.979 18.424
1 83 0 0.7530 -0.681 0 0 14.192 24.693 19.470
1 84 11 0.5240 -0.236 0 0 17.613 23.035 19.270
1 85 2 0.3192 -0.126 0 0 18.477 24.399 22.724
1 86 2 0.3674 0.3277 0 0 15.349 23.145 24.490
1 87 18 0.2951 -0.886 0 0 15.003 19.380 24.860
1 88 13 0.3313 -0.446 0 0 11.520 19.640 26.373
1 89 17 0.6084 0.5536 0 0 10.208 21.409 23.265
1 90 15 0.6144 -0.299 0 0 11.534 18.521 21.172
1 91 7 0.4277 -0.885 0 0 9.832 16.003 23.437
1 92 3 0.5662 0.0889 0 0 6.574 17.967 23.227
1 93 11 0.7891 0.6848 0 0 6.524 17.391 19.471
1 94 10 0.5421 -0.987 0 0 4.865 13.998 19.898
1 95 6 0.5 -0.409 0 0 1.935 15.595 21.702
1 96 20 0.7650 0.4600 0 0 1.342 18.182 18.973
1 97 1 0.7469 -0.268 0 0 1.493 15.779 16.026
1 98 7 0.4397 -0.879 0 0 -0.673 13.300 17.942
1 99 6 0.4518 0.1103 0 0 -3.357 15.953 18.433
1 100 11 0.6204 0.9563 0 0 -3.248 16.971 14.765
1 101 13 0.4096 -0.074 0 0 -3.777 13.374 13.629
1 102 1 0.1626 -0.223 0 0 -6.823 13.104 15.889
1 103 22 0.2650 0.6339 0 0 -8.325 16.464 14.863
1 104 13 0.3132 0.7130 0 0 -7.711 15.646 11.183
1 105 3 0.0542 -0.809 0 0 -8.845 12.017 11.414
1 106 17 0.1325 0.8245 0 0 -5.849 10.960 9.360
1 107 3 0.1385 -0.554 0 0 -2.621 9.034 9.856
1 108 3 0.3433 -0.275 0 0 -0.914 11.189 7.242
1 109 22 0.5843 0.4567 0 0 -1.063 14.986 7.226
1 110 16 0.7409 -0.575 0 0 1.198 17.399 5.338
1 111 14 0.9096 -0.111 0 0 3.763 18.545 7.894
1 112 22 0.9397 0.2993 0 0 7.439 19.287 8.423
1 113 12 0.9337 -0.698 0 0 9.541 19.051 11.576
1 114 22 0.9578 0.7142 0 0 11.462 22.268 12.175
1 115 9 0.8614 0.0809 0 0 14.466 22.564 14.478
1 116 2 0.8493 0.2837 0 0 14.825 26.306 15.028
1 117 13 0.5963 0.1295 0 0 17.709 28.310 16.522
1 118 5 0.4457 0.2586 0 0 20.472 26.449 14.672
1 119 3 0.2108 0.2361 0 0 22.603 29.516 15.420
1 120 12 0.1265 0.4125 0 0 22.810 28.742 19.138
1 121 0 0.0120 -0.961 0 0 26.064 27.045 20.133
1 122 0 0.0180 0.3170 0 0 24.578 25.359 23.208
1 123 1 0.0843 0.4836 0 0 22.681 22.717 21.237
1 124 18 0.0602 0.0208 0 0 21.019 20.051 23.382
1 125 22 0.2349 0.8562 0 0 19.076 18.250 20.653
1 126 7 0.1144 -0.973 0 0 21.280 16.451 18.141
1 127 17 0.1144 0.0000 0 0 21.280 16.451 18.141
1 128 1 0.1144 0.0000 0 0 21.280 16.451 18.141
1 129 6 0.1566 -0.223 0 0 17.870 12.449 16.867
1 130 0 0.4698 0.4579 0 0 15.480 14.887 15.200
1 131 6 0.3915 -0.336 0 0 16.217 13.361 11.799
1 132 3 0.1807 -0.806 0 0 15.340 9.912 13.147
1 133 12 0.4036 0.5198 0 0 12.085 11.179 14.643
1 134 0 0.5783 0.4806 0 0 11.100 12.801 11.352
1 135 1 0.2831 -0.672 0 0 11.959 9.609 9.465
1 136 17 0.1867 0.0768 0 0 9.591 7.642 11.721
1 137 20 0.4337 0.5476 0 0 6.820 10.173 11.051
1 138 9 0.3614 -0.448 0 0 7.536 10.041 7.327
1 139 11 0.6385 0.6938 0 0 8.079 13.796 7.128
1 140 16 0.7108 0.3611 0 0 10.962 16.167 6.255
1 141 20 0.7710 -0.123 0 0 13.242 17.506 8.971
1 142 11 0.8192 0.2521 0 0 14.350 21.084 8.352
1 143 7 0.7771 -0.824 0 0 16.663 23.180 10.521
1 144 18 0.8012 0.9609 0 0 16.159 26.924 10.637
1 145 17 0.6566 -0.973 0 0 17.280 30.166 12.238
1 146 0 0.6927 0.6247 0 0 14.852 33.089 12.327
1 147 13 0.3975 -0.775 0 0 17.769 35.293 13.382
1 148 18 0.2710 -0.210 0 0 19.881 34.724 10.256
1 149 1 0.4638 -0.040 0 0 17.082 33.482 7.969
1 150 6 0.4578 -0.247 0 0 18.741 30.106 7.334
1 151 9 0.6746 -0.994 0 0 16.192 27.580 6.090
1 152 22 0.8072 -0.016 0 0 13.155 29.817 6.638
1 153 7 0.7228 -0.952 0 0 11.788 30.014 3.086
1 154 3 0.7289 -0.342 0 0 12.853 26.376 2.731
1 155 0 0.9216 0.4912 0 0 10.690 25.254 5.670
1 156 15 0.9156 0.5282 0 0 7.567 26.946 4.296
1 157 20 0.7349 -0.477 0 0 8.280 25.985 0.677
1 158 18 0.7590 0.2059 0 0 8.758 22.341 1.613
1 159 12 0.8734 0.8015 0 0 5.419 22.444 3.426
1 160 22 0.7048 -0.400 0 0 3.567 23.940 0.455
1 161 1 0.4879 -0.105 0 0 5.073 21.279 -1.807
1 162 7 0.4879 0.0000 0 0 5.073 21.279 -1.807
1 163 11 0.4879 0.0000 0 0 5.073 21.279 -1.807
1 164 1 0.2590 0.1006 0 0 0.683 19.828 -3.420
1 165 6 0.1445 0.2898 0 0 1.589 16.135 -3.392
1 166 10 0.1987 0.3811 0 0 -0.979 15.008 -0.832
