1 1 14 0.0060 0.3802 0 0 -5.772 32.065 -6.857
1 2 18 0.0421 0.0504 0 0 -4.653 29.123 -4.882
1 3 7 0.2349 -0.410 0 0 -4.359 29.856 -1.202
1 4 20 0.5240 -0.227 0 0 -2.564 27.661 1.265
1 5 13 0.6566 -0.091 0 0 -3.802 27.666 4.813
1 6 12 0.8975 0.1470 0 0 -0.662 27.010 7.009
1 7 22 0.9457 -0.530 0 0 -0.336 27.006 10.817
1 8 22 0.9879 0.2258 0 0 2.826 27.458 12.851
1 9 22 0.9698 -0.352 0 0 2.700 25.448 16.060
1 10 9 0.9277 0.0000 0 0 5.074 24.377 18.821
1 11 0 0.8012 -0.485 0 0 6.109 25.246 22.352
1 12 1 0.6506 -0.435 0 0 6.576 28.743 23.855
1 13 9 0.6024 0.0000 0 0 9.683 30.735 23.231
1 14 22 0.8132 0.5361 0 0 10.872 28.506 20.297
1 15 9 0.8554 0.0000 0 0 10.560 31.349 17.692
1 16 13 0.9518 0.0656 0 0 7.340 30.578 15.909
1 17 17 0.8433 -0.660 0 0 6.762 34.395 15.523
1 18 0 0.7771 -0.213 0 0 10.338 35.203 14.669
1 19 12 0.9036 0.7296 0 0 10.255 32.742 11.687
1 20 18 0.8734 0.3430 0 0 6.899 34.229 10.452
1 21 11 0.6265 -0.374 0 0 7.915 37.970 10.666
1 22 6 0.5903 -0.363 0 0 11.344 37.161 9.081
1 23 12 0.6746 0.5885 0 0 9.306 35.709 6.119
1 24 11 0.4879 0.4206 0 0 6.525 38.340 5.875
1 25 6 0.2650 -0.016 0 0 8.403 41.520 6.880
1 26 2 0.2469 -0.619 0 0 12.065 40.506 6.473
1 27 10 0.2168 -0.228 0 0 13.577 41.310 9.868
1 28 15 0.3253 0.1855 0 0 14.560 39.825 13.183
1 29 22 0.3012 0.2721 0 0 12.362 40.412 16.221
1 30 3 0.1325 -0.628 0 0 14.561 40.045 19.197
1 31 7 0.0783 -0.568 0 0 11.713 41.049 21.549
1 32 20 0.0963 -0.199 0 0 9.729 39.382 24.319
1 33 3 0.2108 0.0282 0 0 6.186 39.244 23.083
1 34 16 0.3554 -0.804 0 0 3.922 36.151 23.644
1 35 18 0.4759 0.8481 0 0 1.295 35.448 21.071
1 36 11 0.3614 -0.996 0 0 -2.389 34.836 21.598
1 37 7 0.5060 0.0614 0 0 -3.032 34.615 17.852
1 38 3 0.5301 -0.095 0 0 -1.657 36.500 14.916
1 39 17 0.5481 -0.397 0 0 -2.740 35.790 11.279
1 40 20 0.5180 0.3256 0 0 -0.751 36.934 8.146
1 41 1 0.3734 -0.502 0 0 -1.665 37.050 4.422
1 42 13 0.3373 -0.105 0 0 0.982 37.555 1.867
1 43 6 0.1024 -0.874 0 0 0.552 37.251 -1.870
1 44 22 0.1506 0.9696 0 0 3.620 35.415 -3.175
1 45 22 0.0602 -0.953 0 0 4.942 33.407 -6.226
1 46 11 0.1746 0.9765 0 0 6.267 29.858 -5.561
1 47 3 0.0361 0.6868 0 0 7.796 27.648 -8.378
1 48 9 0.0 0.0000 0 0 6.138 29.975 -10.921
1 49 7 0.0301 0.4996 0 0 2.689 29.691 -9.191
1 50 18 0.0240 -0.827 0 0 0.815 32.736 -7.942
1 51 5 0.1144 0.6917 0 0 -0.536 31.941 -4.459
1 52 12 0.2530 -0.243 0 0 -1.576 33.475 -1.098
1 53 12 0.5542 0.5145 0 0 0.121 32.597 2.085
1 54 3 0.5843 -0.413 0 0 -2.470 32.656 4.853
1 55 11 0.8253 0.4497 0 0 -0.352 31.924 7.923
1 56 12 0.8313 -0.463 0 0 -1.618 31.511 11.465
1 57 3 0.8855 -0.059 0 0 0.889 32.129 14.218
1 58 18 0.8373 0.5674 0 0 -0.181 30.450 17.478
1 59 0 0.6927 -0.935 0 0 0.436 30.464 21.216
1 60 9 0.7409 0.0000 0 0 3.064 27.978 22.531
1 61 6 0.4698 -0.750 0 0 1.042 26.566 25.368
1 62 7 0.1927 0.1131 0 0 -1.871 27.984 27.681
1 63 7 0.0542 -0.614 0 0 -5.683 27.607 27.851
1 64 20 0.2831 0.3702 0 0 -5.368 26.698 24.231
1 65 17 0.1445 -0.949 0 0 -6.392 23.100 25.078
1 66 0 0.0903 -0.920 0 0 -8.959 21.238 22.961
1 67 14 0.1385 -0.389 0 0 -9.246 25.016 21.976
1 68 1 0.4578 0.3976 0 0 -6.452 24.227 19.420
1 69 3 0.3433 -0.706 0 0 -8.825 21.787 17.633
1 70 6 0.2710 -0.527 0 0 -10.391 24.703 15.822
1 71 20 0.5662 0.6043 0 0 -7.237 25.848 13.877
1 72 14 0.6445 0.3286 0 0 -5.925 22.428 13.487
1 73 1 0.3915 -0.864 0 0 -9.203 21.503 11.699
1 74 18 0.4337 -0.369 0 0 -8.733 24.268 9.110
1 75 9 0.7228 0.0000 0 0 -4.958 24.614 8.516
1 76 7 0.6686 -0.618 0 0 -3.973 22.554 5.469
1 77 9 0.8795 0.0000 0 0 -0.214 22.328 6.378
1 78 15 0.9638 -0.657 0 0 1.718 22.578 9.731
1 79 12 0.9939 0.5534 0 0 5.195 23.791 10.793
1 80 5 0.9819 -0.754 0 0 6.136 21.948 13.967
1 81 22 0.9759 0.4753 0 0 8.778 23.998 15.631
1 82 15 0.8915 -0.286 0 0 11.071 23.215 18.550
1 83 0 0.7469 -0.413 0 0 14.300 25.054 19.436
1 84 11 0.5120 -0.169 0 0 17.709 23.271 19.189
1 85 2 0.3192 0.0706 0 0 18.852 24.306 22.701
1 86 2 0.3795 0.3835 0 0 15.556 23.286 24.393
1 87 18 0.2771 -0.848 0 0 14.994 19.525 25.020
1 88 13 0.3313 -0.577 0 0 11.527 19.929 26.513
1 89 17 0.6204 0.3957 0 0 10.107 21.674 23.388
1 90 15 0.6325 -0.288 0 0 11.548 18.804 21.208
1 91 7 0.4156 -0.872 0 0 9.908 16.235 23.471
1 92 3 0.5602 -0.168 0 0 6.639 18.256 23.306
1 93 11 0.7891 0.6460 0 0 6.563 17.829 19.444
1 94 10 0.5421 -0.948 0 0 4.970 14.389 19.917
1 95 6 0.4819 -0.595 0 0 2.005 15.892 21.696
1 96 20 0.7650 0.4547 0 0 1.142 18.285 18.801
1 97 1 0.7349 -0.174 0 0 1.587 15.753 15.946
1 98 7 0.4277 -0.683 0 0 -0.912 13.427 17.858
1 99 6 0.4397 0.0799 0 0 -3.548 16.107 18.438
1 100 11 0.6144 0.9905 0 0 -3.244 17.135 14.816
1 101 13 0.4036 -0.072 0 0 -3.754 13.560 13.642
1 102 1 0.1566 -0.086 0 0 -6.632 13.226 16.147
1 103 22 0.2289 0.5995 0 0 -8.561 16.247 14.736
1 104 13 0.2891 0.7751 0 0 -7.759 15.798 11.017
1 105 3 0.0481 -0.699 0 0 -8.820 12.114 11.243
1 106 17 0.1204 0.5756 0 0 -5.678 11.005 9.423
1 107 3 0.1686 -0.845 0 0 -2.233 9.599 9.612
1 108 3 0.3493 -0.031 0 0 -0.699 11.653 6.786
1 109 22 0.5783 0.5053 0 0 -1.236 15.446 7.183
1 110 16 0.7710 -0.567 0 0 1.252 17.885 5.397
1 111 14 0.9096 -0.011 0 0 3.937 18.674 8.023
1 112 22 0.9397 0.3502 0 0 7.675 19.586 8.429
1 113 12 0.9337 -0.645 0 0 9.745 19.438 11.537
1 114 22 0.9578 0.7310 0 0 11.656 22.733 12.103
1 115 9 0.8614 0.0000 0 0 14.689 22.866 14.393
1 116 2 0.8493 0.2739 0 0 14.932 26.546 15.061
1 117 13 0.6084 0.1521 0 0 17.767 28.656 16.619
1 118 5 0.4457 0.3094 0 0 20.542 26.811 14.758
1 119 3 0.2228 0.4301 0 0 22.804 29.928 15.036
1 120 12 0.1084 0.4807 0 0 23.288 29.241 18.806
1 121 0 0.0180 -0.938 0 0 26.316 27.352 19.932
1 122 0 0.0120 0.0000 0 0 25.261 25.159 22.823
1 123 1 0.0843 0.4809 0 0 22.522 22.976 21.412
1 124 18 0.0662 0.0012 0 0 20.959 20.191 23.551
1 125 22 0.2590 0.8813 0 0 19.023 18.592 20.691
1 126 7 0.1265 -0.950 0 0 21.334 16.942 18.087
1 127 17 0.3072 0.1806 0 0 20.179 16.647 14.485
1 128 1 0.0722 -0.748 0 0 20.527 12.840 14.311
1 129 6 0.1867 -0.063 0 0 17.754 12.830 16.803
1 130 0 0.4939 0.4952 0 0 15.592 15.291 15.038
1 131 6 0.3975 -0.140 0 0 16.290 13.587 11.650
1 132 3 0.1807 -0.806 0 0 15.327 10.078 12.848
1 133 12 0.4096 0.5437 0 0 12.206 11.536 14.473
1 134 0 0.5722 0.3760 0 0 11.315 13.236 11.188
1 135 1 0.3132 -0.894 0 0 12.084 9.917 9.452
1 136 17 0.2048 -0.355 0 0 9.610 7.995 11.724
1 137 20 0.4216 0.6017 0 0 6.738 10.324 10.874
1 138 9 0.3674 0.0000 0 0 7.227 10.325 6.961
1 139 11 0.6626 0.5970 0 0 7.949 14.079 7.464
1 140 16 0.7168 0.1521 0 0 10.887 16.466 6.299
1 141 20 0.7831 -0.086 0 0 13.371 17.842 8.769
1 142 11 0.8072 0.3363 0 0 14.757 21.324 8.272
1 143 7 0.7590 -0.715 0 0 16.938 23.567 10.439
1 144 18 0.7951 0.9633 0 0 16.385 27.319 10.740
1 145 17 0.6385 -0.978 0 0 17.449 30.610 12.258
1 146 0 0.6807 0.5014 0 0 15.080 33.577 12.297
1 147 13 0.3855 -0.665 0 0 18.085 35.635 13.369
1 148 18 0.2409 -0.299 0 0 20.293 34.817 10.304
1 149 1 0.4638 0.0014 0 0 17.235 33.962 8.169
1 150 6 0.4518 -0.273 0 0 19.062 30.659 7.513
1 151 9 0.6867 0.0000 0 0 16.509 28.133 6.309
1 152 22 0.8192 -0.312 0 0 13.310 30.208 6.712
1 153 7 0.6987 -0.887 0 0 12.077 30.348 3.041
1 154 3 0.7108 -0.448 0 0 13.086 26.744 2.621
1 155 0 0.9156 0.7140 0 0 10.937 25.533 5.592
1 156 15 0.9216 0.5051 0 0 7.800 27.453 4.411
1 157 20 0.7289 -0.471 0 0 8.177 26.576 0.670
1 158 18 0.7530 0.1479 0 0 8.870 22.889 1.416
1 159 12 0.8674 0.7919 0 0 5.588 22.707 3.357
1 160 22 0.7048 -0.390 0 0 3.659 24.348 0.488
1 161 1 0.5 -0.110 0 0 5.112 21.635 -1.814
1 162 7 0.5963 0.2893 0 0 3.866 19.066 0.717
1 163 11 0.5361 0.5367 0 0 0.295 20.395 0.530
1 164 1 0.2951 0.0039 0 0 0.651 20.447 -3.267
1 165 6 0.1626 -0.285 0 0 1.574 16.690 -3.250
1 166 10 0.1987 0.2721 0 0 -1.126 15.395 -0.918
