1 1 14 0.0 0.4215 0 0 -36.477 75.091 -76.980
1 2 18 0.0361 0.2495 0 0 -34.785 71.741 -77.514
1 3 7 0.2108 0.1376 0 0 -32.167 70.703 -75.003
1 4 20 0.5120 -0.254 0 0 -29.505 68.162 -75.984
1 5 13 0.6686 -0.808 0 0 -27.918 66.344 -73.047
1 6 12 0.9036 0.1158 0 0 -24.391 65.379 -74.091
1 7 22 0.9457 -0.671 0 0 -21.987 63.311 -71.991
1 8 22 0.9879 0.3711 0 0 -18.226 63.238 -72.627
1 9 22 0.9698 -0.297 0 0 -16.490 59.999 -71.565
1 10 9 0.9277 0.0000 0 0 -13.083 58.379 -72.033
1 11 0 0.7951 -0.541 0 0 -9.827 57.590 -70.224
1 12 9 0.6325 0.0000 0 0 -7.999 59.991 -67.945
1 13 9 0.6204 0.0000 0 0 -6.012 62.670 -69.716
1 14 22 0.8192 0.6103 0 0 -7.403 62.277 -73.241
1 15 9 0.8674 0.0000 0 0 -8.737 65.855 -73.324
1 16 13 0.9518 0.1298 0 0 -12.423 65.602 -72.422
1 17 17 0.8433 -0.594 0 0 -12.326 68.804 -70.384
1 18 0 0.7771 -0.332 0 0 -10.107 70.662 -72.817
1 19 12 0.9096 0.6676 0 0 -12.498 69.801 -75.675
1 20 18 0.8855 0.3491 0 0 -15.581 70.905 -73.735
1 21 11 0.6506 -0.397 0 0 -13.930 74.123 -72.520
1 22 6 0.6024 -0.442 0 0 -12.668 74.959 -76.018
1 23 12 0.7048 0.5533 0 0 -16.197 74.512 -77.376
1 24 11 0.5240 0.3638 0 0 -17.942 76.465 -74.633
1 25 6 0.3012 0.0670 0 0 -15.350 79.035 -73.534
1 26 2 0.2530 -0.233 0 0 -13.065 79.380 -76.585
1 27 10 0.1867 -0.075 0 0 -9.702 78.801 -74.929
1 28 15 0.3313 0.1549 0 0 -7.302 75.878 -74.481
1 29 22 0.3192 0.3731 0 0 -6.614 74.462 -71.032
1 30 3 0.1265 -0.606 0 0 -2.896 73.578 -71.011
1 31 7 0.0783 -0.319 0 0 -2.712 72.204 -67.470
1 32 20 0.2349 0.4795 0 0 -4.062 68.836 -66.323
1 33 3 0.1927 -0.637 0 0 -6.565 68.967 -63.440
1 34 16 0.3554 -0.792 0 0 -8.477 65.685 -63.204
1 35 18 0.4879 0.8664 0 0 -12.256 66.083 -63.291
1 36 11 0.3674 -0.987 0 0 -14.823 64.685 -60.911
1 37 7 0.5060 0.2523 0 0 -18.109 65.626 -62.608
1 38 3 0.5361 -0.229 0 0 -18.696 69.053 -64.192
1 39 17 0.5722 -0.794 0 0 -21.543 70.477 -66.265
1 40 20 0.5421 0.3603 0 0 -21.653 73.226 -68.909
1 41 1 0.3915 -0.597 0 0 -24.725 74.768 -70.476
1 42 13 0.2951 -0.033 0 0 -24.889 77.065 -73.473
1 43 6 0.1024 -0.960 0 0 -27.492 78.229 -75.968
1 44 22 0.1445 0.9892 0 0 -26.287 77.757 -79.524
1 45 22 0.0542 -0.967 0 0 -27.670 77.538 -83.039
1 46 11 0.1987 0.9578 0 0 -26.959 74.185 -84.677
1 47 3 0.0421 0.6850 0 0 -28.130 73.738 -88.263
1 48 9 0.0060 0.0000 0 0 -30.554 76.603 -87.829
1 49 7 0.0180 0.4529 0 0 -32.094 75.234 -84.632
1 50 18 0.0120 -0.752 0 0 -31.727 77.361 -81.517
1 51 5 0.0963 0.7729 0 0 -31.116 74.892 -78.745
1 52 12 0.2409 -0.328 0 0 -29.522 74.368 -75.380
1 53 12 0.5542 0.5045 0 0 -26.469 72.155 -74.972
1 54 3 0.5843 -0.632 0 0 -26.149 70.588 -71.546
1 55 11 0.8253 0.4994 0 0 -22.753 68.906 -71.440
1 56 12 0.8313 -0.393 0 0 -21.584 66.568 -68.692
1 57 3 0.8795 -0.067 0 0 -17.788 66.362 -68.469
1 58 18 0.8373 0.4903 0 0 -17.013 63.123 -66.613
1 59 0 0.6867 -0.946 0 0 -14.039 61.661 -64.759
1 60 9 0.7409 0.0000 0 0 -11.636 59.448 -66.659
1 61 6 0.4096 -0.314 0 0 -9.431 58.731 -63.643
1 62 7 0.2228 -0.589 0 0 -10.691 55.628 -61.846
1 63 7 0.0481 -0.460 0 0 -10.082 57.315 -58.482
1 64 20 0.1686 -0.248 0 0 -12.508 60.146 -59.283
1 65 17 0.3493 -0.011 0 0 -15.102 58.067 -61.121
1 66 0 0.0903 -0.825 0 0 -17.403 57.305 -58.191
1 67 14 0.1325 -0.596 0 0 -21.026 57.530 -59.321
1 68 1 0.4638 0.6402 0 0 -20.132 58.311 -62.941
1 69 3 0.3855 -0.771 0 0 -22.797 55.774 -63.950
1 70 7 0.2289 -0.966 0 0 -25.498 57.842 -62.270
1 71 20 0.4698 -0.294 0 0 -24.417 60.920 -64.215
1 72 14 0.6807 0.4655 0 0 -24.137 59.016 -67.511
1 73 1 0.4277 -0.983 0 0 -27.673 57.540 -67.352
1 74 18 0.4216 0.0153 0 0 -29.313 60.908 -68.116
1 75 9 0.6927 0.0000 0 0 -27.336 61.424 -71.319
1 76 7 0.6385 -0.635 0 0 -28.987 61.586 -74.731
1 77 9 0.8614 0.0000 0 0 -25.714 61.247 -76.660
1 78 15 0.9638 -0.687 0 0 -22.129 60.354 -75.774
1 79 12 0.9939 0.5972 0 0 -18.825 61.688 -77.030
1 80 5 0.9819 -0.764 0 0 -16.432 58.758 -76.674
1 81 22 0.9759 0.5074 0 0 -12.996 60.306 -76.554
1 82 15 0.8915 -0.361 0 0 -9.543 58.771 -76.867
1 83 0 0.7590 -0.370 0 0 -6.199 60.439 -77.692
1 84 11 0.5180 -0.187 0 0 -4.401 59.526 -80.922
1 85 2 0.3132 0.1453 0 0 -1.110 59.326 -78.965
1 86 2 0.3734 0.3698 0 0 -2.562 56.989 -76.322
1 87 18 0.2831 -0.877 0 0 -3.181 53.469 -77.593
1 88 13 0.3072 -0.264 0 0 -4.515 52.281 -74.238
1 89 17 0.6144 0.4698 0 0 -7.186 55.038 -74.280
1 90 15 0.6265 -0.279 0 0 -8.333 53.758 -77.685
1 91 7 0.4036 -0.846 0 0 -8.476 50.173 -76.405
1 92 3 0.5662 -0.153 0 0 -10.487 51.457 -73.405
1 93 11 0.7831 0.7004 0 0 -13.224 52.785 -75.727
1 94 10 0.5301 -0.837 0 0 -14.923 49.395 -75.953
1 95 6 0.4759 -0.950 0 0 -15.360 49.369 -72.173
1 96 20 0.7710 0.3766 0 0 -16.783 52.896 -72.210
1 97 1 0.7289 -0.354 0 0 -19.235 51.829 -74.904
1 98 7 0.4337 -0.739 0 0 -20.255 48.796 -72.823
1 99 6 0.4939 0.2808 0 0 -20.824 51.108 -69.860
1 100 11 0.6626 0.9204 0 0 -22.941 53.416 -72.018
1 101 13 0.3975 -0.252 0 0 -25.036 50.468 -73.167
1 102 1 0.2048 -0.014 0 0 -25.506 49.458 -69.522
1 103 22 0.3373 0.8080 0 0 -26.522 52.893 -68.229
1 104 13 0.3253 0.6491 0 0 -28.957 53.479 -71.088
1 105 3 0.0602 -0.475 0 0 -30.193 49.866 -71.114
1 106 17 0.1084 0.2834 0 0 -29.936 49.976 -74.887
1 107 3 0.1385 -0.822 0 0 -27.790 48.741 -77.771
1 108 3 0.2650 -0.372 0 0 -28.837 51.790 -79.793
1 109 22 0.5481 0.3610 0 0 -27.397 54.940 -78.221
1 110 16 0.7349 -0.505 0 0 -26.324 58.091 -80.081
1 111 14 0.8975 -0.231 0 0 -22.519 58.328 -79.960
1 112 22 0.9397 0.0705 0 0 -19.538 59.760 -81.801
1 113 12 0.9337 -0.644 0 0 -15.972 58.413 -81.587
1 114 22 0.9578 0.7154 0 0 -13.440 61.222 -81.135
1 115 9 0.8554 0.0000 0 0 -9.675 60.953 -81.623
1 116 2 0.8493 0.3076 0 0 -8.279 63.956 -79.810
1 117 13 0.5903 0.1066 0 0 -4.806 65.600 -79.726
1 118 5 0.4518 0.3043 0 0 -4.529 65.451 -83.503
1 119 3 0.2168 0.3435 0 0 -2.108 68.397 -83.348
1 120 12 0.1144 0.3521 0 0 0.484 65.973 -81.894
1 121 0 0.0240 -0.910 0 0 2.726 63.786 -84.070
1 122 0 0.0301 0.0291 0 0 3.318 60.940 -81.595
1 123 1 0.0722 0.4342 0 0 0.445 59.111 -83.252
1 124 18 0.0662 0.0213 0 0 -0.054 55.460 -82.337
1 125 22 0.2590 0.8698 0 0 -3.710 55.166 -83.439
1 126 7 0.1204 -0.880 0 0 -4.010 55.519 -87.201
1 127 17 0.2710 -0.038 0 0 -7.175 57.064 -88.582
1 128 1 0.0843 -0.686 0 0 -8.224 53.868 -90.364
1 129 6 0.1506 -0.292 0 0 -8.075 51.881 -87.091
1 130 0 0.4819 0.6587 0 0 -10.510 54.262 -85.432
1 131 6 0.3614 -0.528 0 0 -12.703 54.501 -88.540
1 132 3 0.1746 -0.871 0 0 -13.102 50.728 -88.342
1 133 12 0.4156 0.6012 0 0 -13.976 50.779 -84.659
1 134 0 0.5783 0.4588 0 0 -16.588 53.497 -85.220
1 135 1 0.2891 -0.988 0 0 -17.954 51.543 -88.218
1 136 17 0.1807 0.2410 0 0 -18.499 48.473 -85.993
1 137 20 0.4397 0.5380 0 0 -20.608 50.632 -83.661
1 138 9 0.3433 0.0000 0 0 -22.486 52.280 -86.546
1 139 11 0.6084 0.7721 0 0 -21.169 55.762 -85.641
1 140 16 0.6746 0.2828 0 0 -18.881 58.421 -87.128
1 141 20 0.7650 -0.049 0 0 -15.227 58.950 -86.241
1 142 11 0.8072 0.2587 0 0 -13.881 62.480 -86.016
1 143 7 0.7530 -0.687 0 0 -10.438 63.797 -85.094
1 144 18 0.8012 0.9753 0 0 -10.035 66.865 -82.937
1 145 17 0.6445 -0.968 0 0 -7.512 69.130 -81.333
1 146 0 0.6987 0.4701 0 0 -8.663 71.022 -78.269
1 147 13 0.3795 -0.743 0 0 -5.448 73.029 -78.698
1 148 18 0.2469 -0.110 0 0 -5.934 74.322 -82.265
1 149 1 0.4578 -0.166 0 0 -9.759 73.970 -82.360
1 150 6 0.4457 -0.350 0 0 -9.566 71.604 -85.325
1 151 9 0.6566 0.0000 0 0 -12.732 69.506 -85.415
1 152 22 0.8132 -0.066 0 0 -14.027 70.672 -82.036
1 153 7 0.7108 -0.903 0 0 -17.324 72.249 -83.077
1 154 3 0.7168 -0.588 0 0 -17.664 69.498 -85.687
1 155 0 0.9156 0.6646 0 0 -17.428 66.729 -83.078
1 156 15 0.9216 0.5530 0 0 -20.036 68.159 -80.726
1 157 20 0.7469 -0.527 0 0 -22.402 69.215 -83.516
1 158 18 0.7891 0.0555 0 0 -22.038 65.776 -85.104
1 159 12 0.8734 0.7573 0 0 -23.154 64.266 -81.799
1 160 22 0.7228 -0.360 0 0 -26.255 66.484 -81.845
1 161 1 0.5 -0.056 0 0 -26.893 65.300 -85.430
1 162 7 0.5963 0.2600 0 0 -26.598 61.685 -84.207
1 163 11 0.5602 0.5057 0 0 -29.120 62.289 -81.423
1 164 1 0.2771 0.1100 0 0 -31.499 63.730 -84.049
1 165 6 0.1626 0.3395 0 0 -31.277 60.451 -85.979
1 166 10 0.1566 0.7102 0 0 -32.530 58.339 -83.104
