1 1 14 0.0060 0.3998 0 0 -36.183 76.593 -77.570
1 2 18 0.0421 0.4588 0 0 -34.835 73.131 -78.419
1 3 7 0.1987 0.2367 0 0 -32.285 72.113 -75.809
1 4 20 0.5060 -0.197 0 0 -29.654 69.530 -76.795
1 5 13 0.6686 -0.806 0 0 -28.008 67.662 -73.917
1 6 12 0.8975 0.1660 0 0 -24.465 66.731 -74.956
1 7 22 0.9397 -0.131 0 0 -22.011 64.733 -72.859
1 8 22 0.9819 0.1584 0 0 -18.253 64.708 -73.449
1 9 22 0.9698 0.0027 0 0 -16.616 61.363 -72.536
1 10 9 0.9277 -0.705 0 0 -13.205 59.735 -72.926
1 11 0 0.7891 0.0307 0 0 -9.891 58.910 -71.205
1 12 9 0.6385 -0.075 0 0 -7.986 61.323 -68.958
1 13 9 0.6024 0.3603 0 0 -6.078 64.115 -70.654
1 14 22 0.8132 0.8633 0 0 -7.405 63.573 -74.193
1 15 9 0.8614 0.7264 0 0 -8.826 67.118 -74.286
1 16 13 0.9518 0.1354 0 0 -12.512 66.827 -73.344
1 17 17 0.8433 -0.924 0 0 -12.320 70.052 -71.331
1 18 0 0.7650 0.1368 0 0 -10.170 71.913 -73.794
1 19 12 0.9036 0.7377 0 0 -12.589 70.995 -76.611
1 20 18 0.8795 -0.180 0 0 -15.631 72.153 -74.655
1 21 11 0.6626 -0.670 0 0 -13.929 75.326 -73.463
1 22 6 0.5903 -0.441 0 0 -12.672 76.211 -76.950
1 23 12 0.6987 0.2721 0 0 -16.250 75.709 -78.223
1 24 11 0.5180 -0.089 0 0 -18.199 77.634 -75.579
1 25 6 0.2951 -0.075 0 0 -15.624 80.259 -74.533
1 26 2 0.2530 -0.607 0 0 -13.355 80.498 -77.576
1 27 10 0.1867 0.0041 0 0 -9.961 80.031 -75.979
1 28 15 0.3373 0.1082 0 0 -7.480 77.223 -75.388
1 29 22 0.3072 0.5089 0 0 -6.778 75.830 -71.921
1 30 3 0.1084 -0.764 0 0 -3.036 75.069 -71.906
1 31 7 0.0722 -0.177 0 0 -2.834 73.562 -68.408
1 32 20 0.2048 0.3763 0 0 -4.187 70.206 -67.252
1 33 3 0.1626 -0.345 0 0 -6.605 70.329 -64.332
1 34 16 0.3554 -0.961 0 0 -8.413 66.974 -64.299
1 35 18 0.4698 0.8362 0 0 -12.214 67.271 -64.249
1 36 11 0.3975 -0.962 0 0 -14.869 65.725 -62.048
1 37 7 0.4879 0.0572 0 0 -18.135 67.059 -63.524
1 38 3 0.5120 -0.066 0 0 -18.591 70.509 -65.125
1 39 17 0.5240 -0.666 0 0 -21.655 71.829 -66.931
1 40 20 0.5361 0.3592 0 0 -21.802 74.390 -69.759
1 41 1 0.3855 -0.568 0 0 -24.838 76.076 -71.366
1 42 13 0.3192 0.1340 0 0 -24.871 78.190 -74.515
1 43 6 0.1024 -0.963 0 0 -27.471 79.332 -77.032
1 44 22 0.1385 0.8818 0 0 -26.299 79.016 -80.633
1 45 22 0.0542 -0.747 0 0 -27.609 78.952 -84.186
1 46 11 0.1445 0.9115 0 0 -27.364 75.647 -86.066
1 47 3 0.0361 0.6089 0 0 -29.047 75.300 -89.487
1 48 9 0.0 -0.094 0 0 -31.036 78.506 -88.993
1 49 7 0.0120 0.6549 0 0 -32.381 77.167 -85.720
1 50 18 0.0180 -0.623 0 0 -31.629 78.837 -82.414
1 51 5 0.0963 0.8903 0 0 -30.936 76.051 -79.973
1 52 12 0.2349 -0.045 0 0 -29.545 75.615 -76.504
1 53 12 0.5481 0.5082 0 0 -26.443 73.502 -76.002
1 54 3 0.5843 -0.092 0 0 -26.285 71.881 -72.597
1 55 11 0.8253 0.5121 0 0 -22.812 70.401 -72.363
1 56 12 0.8313 -0.136 0 0 -21.590 68.108 -69.607
1 57 3 0.8734 -0.271 0 0 -17.804 67.778 -69.372
1 58 18 0.8373 0.5854 0 0 -16.846 64.542 -67.580
1 59 0 0.6807 -0.042 0 0 -13.933 62.858 -65.797
1 60 9 0.7349 -0.858 0 0 -11.620 60.617 -67.809
1 61 6 0.4156 -0.436 0 0 -9.809 59.727 -64.587
1 62 7 0.2289 -0.786 0 0 -10.746 56.298 -63.217
1 63 7 0.0662 -0.299 0 0 -11.226 57.840 -59.808
1 64 20 0.2228 -0.114 0 0 -14.762 58.606 -61.028
1 65 17 0.3012 -0.524 0 0 -16.153 55.660 -63.038
1 66 0 0.0843 -0.875 0 0 -19.080 55.380 -60.586
1 67 14 0.2650 0.0663 0 0 -20.546 58.715 -61.724
1 68 1 0.4819 0.4869 0 0 -20.681 57.442 -65.317
1 69 3 0.3493 -0.583 0 0 -24.070 55.691 -65.225
1 70 6 0.2771 -0.269 0 0 -25.800 58.906 -64.121
1 71 20 0.5722 0.6772 0 0 -24.552 61.086 -66.983
1 72 14 0.6325 0.5302 0 0 -25.081 58.362 -69.566
1 73 1 0.3614 -0.984 0 0 -28.756 58.186 -68.603
1 74 18 0.4216 -0.030 0 0 -29.453 61.912 -68.961
1 75 9 0.6867 -0.248 0 0 -27.600 62.805 -72.172
1 76 7 0.6566 -0.630 0 0 -29.094 62.881 -75.666
1 77 9 0.8674 0.7801 0 0 -25.732 62.448 -77.424
1 78 15 0.9638 -0.769 0 0 -22.077 61.741 -76.579
1 79 12 0.9939 0.7023 0 0 -18.859 63.177 -77.921
1 80 5 0.9879 -0.894 0 0 -16.623 60.133 -77.556
1 81 22 0.9759 0.0636 0 0 -13.071 61.477 -77.485
1 82 15 0.8915 -0.310 0 0 -9.647 59.887 -77.753
1 83 0 0.7530 -0.921 0 0 -6.331 61.595 -78.610
1 84 11 0.5301 -0.516 0 0 -4.488 60.767 -81.844
1 85 2 0.3313 0.0464 0 0 -1.155 60.684 -79.982
1 86 2 0.3734 0.4364 0 0 -2.395 58.245 -77.338
1 87 18 0.2710 -0.643 0 0 -3.163 54.721 -78.524
1 88 13 0.3253 -0.135 0 0 -4.459 53.596 -75.146
1 89 17 0.6144 0.8327 0 0 -7.044 56.445 -75.212
1 90 15 0.6265 -0.277 0 0 -8.332 55.018 -78.513
1 91 7 0.4096 -0.957 0 0 -8.412 51.529 -76.991
1 92 3 0.5602 -0.294 0 0 -10.503 52.971 -74.106
1 93 11 0.7951 0.6184 0 0 -13.304 54.141 -76.418
1 94 10 0.5421 -0.752 0 0 -14.927 50.699 -76.572
1 95 6 0.4759 -0.859 0 0 -15.672 50.699 -72.822
1 96 20 0.7831 0.4215 0 0 -17.388 54.105 -73.104
1 97 1 0.7289 -0.525 0 0 -19.288 52.962 -76.175
1 98 7 0.4337 -0.974 0 0 -20.387 49.674 -74.606
1 99 6 0.4518 0.3688 0 0 -21.286 51.396 -71.340
1 100 11 0.6204 0.8751 0 0 -23.382 53.983 -73.177
1 101 13 0.4036 -0.601 0 0 -24.867 51.094 -75.139
1 102 1 0.1325 0.0704 0 0 -25.921 49.151 -72.040
1 103 22 0.2168 0.5359 0 0 -27.268 52.196 -70.155
1 104 13 0.2409 0.5955 0 0 -29.487 53.468 -72.941
1 105 3 0.0481 -0.611 0 0 -30.268 49.843 -73.806
1 106 17 0.1204 0.8073 0 0 -29.851 50.897 -77.429
1 107 3 0.1686 -0.784 0 0 -27.463 50.179 -80.306
1 108 3 0.3433 -0.432 0 0 -28.508 53.522 -81.804
1 109 22 0.5662 0.6634 0 0 -27.356 56.252 -79.390
1 110 16 0.7469 -0.126 0 0 -26.436 59.597 -80.990
1 111 14 0.9096 -0.333 0 0 -22.622 59.782 -80.712
1 112 22 0.9457 0.3480 0 0 -19.632 61.260 -82.536
1 113 12 0.9337 -0.675 0 0 -16.137 59.744 -82.479
1 114 22 0.9578 0.7223 0 0 -13.461 62.430 -82.112
1 115 9 0.8554 -0.139 0 0 -9.725 61.900 -82.433
1 116 2 0.8493 0.1124 0 0 -8.272 64.969 -80.719
1 117 13 0.5963 0.0236 0 0 -4.860 66.701 -80.749
1 118 5 0.4457 -0.239 0 0 -4.531 66.306 -84.527
1 119 3 0.2108 0.0708 0 0 -2.233 69.342 -84.379
1 120 12 0.1144 0.4046 0 0 0.367 67.154 -82.640
1 121 0 0.0240 -0.428 0 0 2.863 65.577 -85.012
1 122 0 0.0301 0.4836 0 0 3.251 62.505 -82.767
1 123 1 0.0783 0.3934 0 0 0.406 60.327 -84.119
1 124 18 0.0602 0.1423 0 0 -0.075 56.652 -83.232
1 125 22 0.2469 0.9465 0 0 -3.743 56.121 -84.032
1 126 7 0.1265 -0.835 0 0 -4.303 56.197 -87.799
1 127 17 0.3132 -0.017 0 0 -7.443 57.900 -89.102
1 128 1 0.0903 -0.348 0 0 -8.215 54.605 -90.864
1 129 6 0.1807 -0.306 0 0 -8.389 52.672 -87.593
1 130 0 0.4939 0.4902 0 0 -10.865 55.159 -86.122
1 131 6 0.3795 -0.499 0 0 -12.897 55.294 -89.364
1 132 3 0.1746 -0.851 0 0 -13.280 51.507 -89.078
1 133 12 0.4277 0.7349 0 0 -14.292 51.696 -85.441
1 134 0 0.5783 -0.297 0 0 -16.884 54.433 -86.037
1 135 1 0.2891 -0.745 0 0 -18.252 52.491 -89.027
1 136 17 0.1927 0.4113 0 0 -18.885 49.500 -86.742
1 137 20 0.4397 0.5778 0 0 -20.841 51.933 -84.519
1 138 9 0.3674 0.5755 0 0 -22.732 53.584 -87.379
1 139 11 0.6445 0.7484 0 0 -21.457 57.072 -86.429
1 140 16 0.7048 0.7140 0 0 -19.182 59.795 -87.890
1 141 20 0.7771 -0.094 0 0 -15.478 60.162 -87.173
1 142 11 0.8072 0.5429 0 0 -14.095 63.717 -87.072
1 143 7 0.7590 -0.794 0 0 -10.602 64.843 -86.115
1 144 18 0.8012 0.8719 0 0 -10.052 67.959 -84.019
1 145 17 0.6506 -0.651 0 0 -7.471 70.079 -82.263
1 146 0 0.6927 -0.574 0 0 -8.578 72.016 -79.175
1 147 13 0.3915 -0.909 0 0 -5.307 73.867 -79.593
1 148 18 0.2590 -0.111 0 0 -5.857 75.234 -83.130
1 149 1 0.4578 -0.099 0 0 -9.682 75.175 -83.049
1 150 6 0.4638 -0.190 0 0 -9.644 72.764 -86.015
1 151 9 0.6746 0.8854 0 0 -12.884 70.792 -86.342
1 152 22 0.8192 0.0959 0 0 -14.162 71.786 -82.900
1 153 7 0.7108 -0.909 0 0 -17.324 73.417 -84.198
1 154 3 0.7168 -0.402 0 0 -17.824 70.629 -86.736
1 155 0 0.9156 0.7680 0 0 -17.589 68.043 -83.939
1 156 15 0.9216 0.5232 0 0 -20.133 69.547 -81.550
1 157 20 0.7409 -0.587 0 0 -22.603 70.786 -84.191
1 158 18 0.7710 0.1241 0 0 -22.413 67.408 -85.927
1 159 12 0.8855 0.5233 0 0 -23.360 65.860 -82.585
1 160 22 0.7228 -0.960 0 0 -26.288 68.248 -82.181
1 161 1 0.5 -0.168 0 0 -27.443 67.212 -85.672
1 162 7 0.6084 0.1165 0 0 -27.061 63.505 -84.825
1 163 11 0.5542 0.1279 0 0 -29.404 64.002 -81.876
1 164 1 0.2831 -0.053 0 0 -31.781 65.340 -84.577
1 165 6 0.1566 0.1890 0 0 -31.595 62.454 -87.058
1 166 10 0.1506 0.4892 0 0 -33.005 60.277 -84.259
