1 1 14 0.0 0.3146 0 0 -36.160 76.487 -77.468
1 2 18 0.0421 0.2022 0 0 -34.674 73.063 -78.140
1 3 7 0.1987 0.0074 0 0 -32.209 71.860 -75.508
1 4 20 0.5180 -0.234 0 0 -29.538 69.285 -76.367
1 5 13 0.6686 -0.837 0 0 -27.905 67.353 -73.531
1 6 12 0.9036 0.1152 0 0 -24.362 66.480 -74.571
1 7 22 0.9457 -0.648 0 0 -21.922 64.454 -72.499
1 8 22 0.9879 0.3173 0 0 -18.188 64.367 -73.158
1 9 22 0.9698 -0.206 0 0 -16.475 61.121 -72.124
1 10 9 0.9277 0.0000 0 0 -13.090 59.470 -72.489
1 11 0 0.7891 -0.528 0 0 -9.866 58.594 -70.681
1 12 9 0.6385 0.0000 0 0 -8.007 60.996 -68.398
1 13 9 0.6144 0.0000 0 0 -6.057 63.704 -70.170
1 14 22 0.8192 0.6332 0 0 -7.418 63.249 -73.700
1 15 9 0.8554 0.0000 0 0 -8.641 66.846 -73.806
1 16 13 0.9518 0.1363 0 0 -12.332 66.633 -72.909
1 17 17 0.8433 -0.608 0 0 -12.230 69.834 -70.869
1 18 0 0.7590 -0.268 0 0 -10.006 71.649 -73.336
1 19 12 0.8975 0.6753 0 0 -12.454 70.783 -76.124
1 20 18 0.8795 0.3380 0 0 -15.498 71.966 -74.217
1 21 11 0.6445 -0.420 0 0 -13.791 75.146 -73.003
1 22 6 0.5843 -0.418 0 0 -12.598 75.941 -76.536
1 23 12 0.6927 0.5500 0 0 -16.195 75.528 -77.792
1 24 11 0.5060 0.3378 0 0 -17.914 77.515 -75.055
1 25 6 0.2891 0.0575 0 0 -15.255 80.096 -74.057
1 26 2 0.2349 -0.211 0 0 -12.943 80.315 -77.092
1 27 10 0.1807 -0.090 0 0 -9.579 79.821 -75.437
1 28 15 0.3313 0.1700 0 0 -7.218 76.890 -74.954
1 29 22 0.3012 0.3788 0 0 -6.594 75.553 -71.450
1 30 3 0.1084 -0.605 0 0 -2.865 74.698 -71.425
1 31 7 0.0662 -0.325 0 0 -2.631 73.309 -67.897
1 32 20 0.1927 0.4790 0 0 -4.002 69.958 -66.808
1 33 3 0.1686 -0.637 0 0 -6.504 70.057 -63.926
1 34 16 0.3554 -0.807 0 0 -8.313 66.707 -63.728
1 35 18 0.4698 0.8388 0 0 -12.097 67.096 -63.772
1 36 11 0.3674 -0.997 0 0 -14.631 65.629 -61.385
1 37 7 0.5 0.1331 0 0 -17.741 66.758 -63.215
1 38 3 0.5120 -0.250 0 0 -18.556 70.193 -64.653
1 39 17 0.5361 -0.489 0 0 -21.503 71.581 -66.607
1 40 20 0.5301 0.3248 0 0 -21.561 74.241 -69.333
1 41 1 0.3915 -0.559 0 0 -24.563 75.869 -71.028
1 42 13 0.3072 0.0833 0 0 -24.677 78.036 -74.123
1 43 6 0.1024 -0.967 0 0 -27.302 79.230 -76.569
1 44 22 0.1385 0.9831 0 0 -26.190 78.762 -80.170
1 45 22 0.0542 -0.970 0 0 -27.737 78.730 -83.631
1 46 11 0.1566 0.9726 0 0 -27.161 75.418 -85.434
1 47 3 0.0361 0.6801 0 0 -28.536 75.006 -88.962
1 48 9 0.0060 0.0000 0 0 -30.967 77.871 -88.496
1 49 7 0.0120 0.4884 0 0 -32.266 76.577 -85.155
1 50 18 0.0180 -0.702 0 0 -31.681 78.505 -81.949
1 51 5 0.0843 0.6853 0 0 -30.928 75.919 -79.317
1 52 12 0.2289 -0.209 0 0 -29.383 75.429 -75.923
1 53 12 0.5481 0.4289 0 0 -26.368 73.177 -75.544
1 54 3 0.5783 -0.376 0 0 -26.112 71.646 -72.109
1 55 11 0.8253 0.4845 0 0 -22.684 70.008 -71.953
1 56 12 0.8313 -0.470 0 0 -21.483 67.722 -69.184
1 57 3 0.8734 -0.071 0 0 -17.700 67.501 -68.924
1 58 18 0.8373 0.5309 0 0 -16.922 64.231 -67.158
1 59 0 0.6807 -0.953 0 0 -13.970 62.647 -65.350
1 60 9 0.7289 0.0000 0 0 -11.455 60.527 -67.237
1 61 6 0.4096 -0.468 0 0 -9.736 59.377 -64.052
1 62 7 0.2530 -0.134 0 0 -10.849 55.814 -63.292
1 63 7 0.0602 -0.295 0 0 -11.266 56.814 -59.644
1 64 20 0.2228 -0.150 0 0 -14.598 58.336 -60.653
1 65 17 0.3493 -0.619 0 0 -15.879 55.488 -62.853
1 66 0 0.0903 -0.861 0 0 -18.727 55.047 -60.349
1 67 14 0.2831 0.0344 0 0 -20.323 58.322 -61.511
1 68 1 0.4939 0.3370 0 0 -20.644 57.145 -65.138
1 69 3 0.3433 -0.682 0 0 -24.005 55.400 -64.787
1 70 6 0.2710 -0.424 0 0 -25.713 58.610 -63.640
1 71 20 0.5722 0.6908 0 0 -24.506 60.800 -66.497
1 72 14 0.6204 0.3411 0 0 -25.034 58.080 -69.106
1 73 1 0.3614 -0.803 0 0 -28.658 58.003 -67.937
1 74 18 0.4216 -0.220 0 0 -29.321 61.725 -68.502
1 75 9 0.6987 0.0000 0 0 -27.304 62.495 -71.643
1 76 7 0.6626 -0.621 0 0 -28.919 62.571 -75.083
1 77 9 0.8674 0.0000 0 0 -25.700 62.363 -77.083
1 78 15 0.9638 -0.713 0 0 -22.119 61.402 -76.285
1 79 12 0.9939 0.5893 0 0 -18.796 62.771 -77.542
1 80 5 0.9819 -0.763 0 0 -16.451 59.829 -77.130
1 81 22 0.9759 0.4521 0 0 -12.964 61.311 -77.063
1 82 15 0.8915 -0.333 0 0 -9.513 59.748 -77.347
1 83 0 0.7530 -0.394 0 0 -6.163 61.378 -78.141
1 84 11 0.5240 -0.168 0 0 -4.373 60.470 -81.352
1 85 2 0.3132 0.1195 0 0 -1.060 60.288 -79.447
1 86 2 0.3795 0.3402 0 0 -2.488 57.956 -76.802
1 87 18 0.2771 -0.864 0 0 -3.103 54.433 -78.021
1 88 13 0.3192 -0.259 0 0 -4.448 53.317 -74.651
1 89 17 0.6265 0.4376 0 0 -7.114 56.077 -74.718
1 90 15 0.6325 -0.257 0 0 -8.288 54.715 -78.096
1 91 7 0.4156 -0.866 0 0 -8.476 51.164 -76.735
1 92 3 0.5662 -0.223 0 0 -10.446 52.604 -73.779
1 93 11 0.7951 0.6683 0 0 -13.243 53.870 -76.083
1 94 10 0.5421 -0.827 0 0 -14.992 50.501 -76.292
1 95 6 0.4759 -0.858 0 0 -15.509 50.379 -72.511
1 96 20 0.7710 0.4445 0 0 -17.177 53.804 -72.667
1 97 1 0.7349 -0.542 0 0 -19.337 52.776 -75.617
1 98 7 0.4277 -0.694 0 0 -20.275 49.472 -73.967
1 99 6 0.4397 0.0614 0 0 -21.405 51.174 -70.785
1 100 11 0.6084 0.9710 0 0 -23.414 53.739 -72.734
1 101 13 0.3975 -0.404 0 0 -24.932 50.843 -74.722
1 102 1 0.1325 0.0313 0 0 -25.890 48.935 -71.572
1 103 22 0.2168 0.5594 0 0 -27.330 51.959 -69.764
1 104 13 0.2409 0.7406 0 0 -29.403 53.198 -72.693
1 105 3 0.0481 -0.995 0 0 -30.283 49.604 -73.561
1 106 17 0.1204 0.3517 0 0 -29.786 50.747 -77.139
1 107 3 0.1626 -0.333 0 0 -27.506 50.015 -80.053
1 108 3 0.3373 -0.809 0 0 -28.543 53.378 -81.499
1 109 22 0.5602 0.3304 0 0 -27.383 56.033 -79.035
1 110 16 0.7409 -0.513 0 0 -26.379 59.322 -80.683
1 111 14 0.9096 -0.188 0 0 -22.567 59.440 -80.493
1 112 22 0.9397 0.0777 0 0 -19.540 60.866 -82.284
1 113 12 0.9337 -0.648 0 0 -16.016 59.422 -82.032
1 114 22 0.9578 0.6934 0 0 -13.448 62.205 -81.607
1 115 9 0.8614 0.0000 0 0 -9.694 61.879 -82.123
1 116 2 0.8493 0.2777 0 0 -8.281 64.905 -80.296
1 117 13 0.6024 0.1000 0 0 -4.819 66.549 -80.228
1 118 5 0.4518 0.2823 0 0 -4.486 66.371 -84.027
1 119 3 0.2048 0.3376 0 0 -1.989 69.254 -83.845
1 120 12 0.1144 0.3401 0 0 0.554 66.893 -82.272
1 121 0 0.0240 -0.933 0 0 2.878 64.908 -84.520
1 122 0 0.0301 -0.031 0 0 3.401 61.937 -82.184
1 123 1 0.0783 0.4533 0 0 0.469 60.063 -83.701
1 124 18 0.0722 -0.018 0 0 -0.036 56.430 -82.720
1 125 22 0.2590 0.8633 0 0 -3.655 56.140 -83.833
1 126 7 0.1265 -0.900 0 0 -4.067 56.464 -87.604
1 127 17 0.2951 -0.029 0 0 -7.256 58.031 -88.992
1 128 1 0.0963 -0.996 0 0 -8.226 54.800 -90.759
1 129 6 0.1746 -0.250 0 0 -8.138 52.776 -87.507
1 130 0 0.4819 0.6190 0 0 -10.504 55.264 -85.906
1 131 6 0.4036 -0.490 0 0 -12.740 55.404 -88.983
1 132 3 0.1867 -0.849 0 0 -13.163 51.623 -88.748
1 133 12 0.4337 0.5726 0 0 -14.071 51.746 -85.079
1 134 0 0.5903 0.4403 0 0 -16.653 54.494 -85.693
1 135 1 0.3253 -0.751 0 0 -18.083 52.592 -88.671
1 136 17 0.2108 0.2343 0 0 -18.613 49.530 -86.467
1 137 20 0.4457 0.5440 0 0 -20.610 51.730 -84.081
1 138 9 0.3734 0.0000 0 0 -22.570 53.359 -86.890
1 139 11 0.6566 0.7629 0 0 -21.218 56.816 -85.982
1 140 16 0.7048 0.2268 0 0 -19.022 59.582 -87.493
1 141 20 0.7831 -0.062 0 0 -15.298 60.013 -86.727
1 142 11 0.8132 0.2499 0 0 -13.965 63.561 -86.483
1 143 7 0.7650 -0.686 0 0 -10.461 64.728 -85.586
1 144 18 0.8012 0.9749 0 0 -10.004 67.805 -83.414
1 145 17 0.6506 -0.974 0 0 -7.461 70.057 -81.816
1 146 0 0.6867 0.4698 0 0 -8.611 72.003 -78.760
1 147 13 0.3855 -0.776 0 0 -5.336 73.889 -79.171
1 148 18 0.2469 -0.104 0 0 -5.857 75.231 -82.710
1 149 1 0.4638 -0.176 0 0 -9.656 74.950 -82.687
1 150 6 0.4578 -0.379 0 0 -9.489 72.603 -85.707
1 151 9 0.6746 0.0000 0 0 -12.690 70.548 -85.888
1 152 22 0.8072 -0.073 0 0 -14.022 71.648 -82.511
1 153 7 0.7168 -0.903 0 0 -17.310 73.149 -83.629
1 154 3 0.7228 -0.584 0 0 -17.692 70.390 -86.216
1 155 0 0.9156 0.6710 0 0 -17.437 67.713 -83.512
1 156 15 0.9216 0.5227 0 0 -20.055 69.169 -81.183
1 157 20 0.7469 -0.520 0 0 -22.395 70.312 -83.988
1 158 18 0.7771 0.0676 0 0 -22.148 66.879 -85.620
1 159 12 0.8855 0.7677 0 0 -23.273 65.337 -82.324
1 160 22 0.7108 -0.400 0 0 -26.314 67.663 -82.403
1 161 1 0.4879 -0.106 0 0 -27.052 66.539 -85.981
1 162 7 0.5963 0.2744 0 0 -26.821 62.892 -84.850
1 163 11 0.5542 0.5100 0 0 -29.229 63.449 -81.988
1 164 1 0.2650 0.0568 0 0 -31.603 64.879 -84.606
1 165 6 0.1506 0.3427 0 0 -31.467 61.699 -86.704
1 166 10 0.1445 0.7566 0 0 -32.765 59.792 -83.693
