1 1 14 0.0060 0.3089 0 0 -36.070 76.596 -77.890
1 2 18 0.0421 0.2051 0 0 -34.621 73.127 -78.381
1 3 7 0.2048 0.0350 0 0 -32.098 72.051 -75.746
1 4 20 0.5180 -0.223 0 0 -29.451 69.420 -76.546
1 5 13 0.6746 -0.839 0 0 -27.805 67.444 -73.756
1 6 12 0.9036 0.0912 0 0 -24.250 66.671 -74.851
1 7 22 0.9518 -0.642 0 0 -21.812 64.630 -72.776
1 8 22 0.9879 0.2790 0 0 -18.081 64.586 -73.453
1 9 22 0.9698 -0.206 0 0 -16.377 61.316 -72.440
1 10 9 0.9277 0.0000 0 0 -12.990 59.658 -72.812
1 11 0 0.7891 -0.515 0 0 -9.749 58.734 -71.036
1 12 9 0.6325 0.0000 0 0 -7.866 61.125 -68.784
1 13 9 0.6204 0.0000 0 0 -5.937 63.842 -70.534
1 14 22 0.8192 0.6189 0 0 -7.356 63.408 -74.036
1 15 9 0.8554 0.0000 0 0 -8.548 67.027 -74.078
1 16 13 0.9457 0.1520 0 0 -12.236 66.800 -73.130
1 17 17 0.8313 -0.614 0 0 -12.061 70.001 -71.098
1 18 0 0.7590 -0.261 0 0 -9.874 71.819 -73.620
1 19 12 0.8975 0.6711 0 0 -12.362 70.976 -76.384
1 20 18 0.8795 0.3361 0 0 -15.404 72.102 -74.405
1 21 11 0.6506 -0.447 0 0 -13.722 75.289 -73.214
1 22 6 0.5843 -0.421 0 0 -12.498 76.107 -76.736
1 23 12 0.6867 0.5611 0 0 -16.068 75.693 -78.023
1 24 11 0.5060 0.3365 0 0 -17.781 77.682 -75.292
1 25 6 0.2831 0.0646 0 0 -15.141 80.257 -74.279
1 26 2 0.2349 -0.209 0 0 -12.856 80.476 -77.311
1 27 10 0.1746 -0.107 0 0 -9.497 79.954 -75.639
1 28 15 0.3253 0.1594 0 0 -7.113 77.022 -75.198
1 29 22 0.2951 0.3544 0 0 -6.458 75.703 -71.705
1 30 3 0.1144 -0.608 0 0 -2.727 74.774 -71.683
1 31 7 0.0722 -0.308 0 0 -2.563 73.470 -68.126
1 32 20 0.1867 0.4243 0 0 -3.847 70.075 -67.036
1 33 3 0.1686 -0.623 0 0 -6.381 70.155 -64.182
1 34 16 0.3614 -0.799 0 0 -8.189 66.807 -63.998
1 35 18 0.4698 0.8170 0 0 -11.962 67.164 -64.074
1 36 11 0.3674 -0.995 0 0 -14.495 65.665 -61.698
1 37 7 0.5 0.1149 0 0 -17.650 66.825 -63.482
1 38 3 0.5120 -0.260 0 0 -18.411 70.291 -64.883
1 39 17 0.5301 -0.512 0 0 -21.358 71.742 -66.786
1 40 20 0.5361 0.3113 0 0 -21.431 74.389 -69.539
1 41 1 0.3975 -0.602 0 0 -24.396 75.962 -71.284
1 42 13 0.3072 0.0391 0 0 -24.577 78.151 -74.355
1 43 6 0.1024 -0.963 0 0 -27.166 79.400 -76.812
1 44 22 0.1385 0.9842 0 0 -26.065 78.940 -80.422
1 45 22 0.0542 -0.971 0 0 -27.627 78.906 -83.880
1 46 11 0.1566 0.9720 0 0 -27.081 75.632 -85.700
1 47 3 0.0361 0.6687 0 0 -28.532 75.252 -89.204
1 48 9 0.0 0.0000 0 0 -30.954 78.161 -88.753
1 49 7 0.0120 0.5060 0 0 -32.158 76.878 -85.412
1 50 18 0.0180 -0.702 0 0 -31.605 78.729 -82.176
1 51 5 0.0843 0.6499 0 0 -30.795 76.122 -79.570
1 52 12 0.2289 -0.279 0 0 -29.346 75.548 -76.146
1 53 12 0.5421 0.4253 0 0 -26.306 73.340 -75.759
1 54 3 0.5783 -0.372 0 0 -26.029 71.830 -72.323
1 55 11 0.8253 0.4614 0 0 -22.589 70.214 -72.162
1 56 12 0.8373 -0.483 0 0 -21.329 67.876 -69.476
1 57 3 0.8734 -0.084 0 0 -17.551 67.677 -69.189
1 58 18 0.8433 0.5423 0 0 -16.804 64.368 -67.457
1 59 0 0.6807 -0.941 0 0 -13.882 62.669 -65.677
1 60 9 0.7289 0.0000 0 0 -11.316 60.609 -67.556
1 61 6 0.4096 -0.535 0 0 -9.702 59.459 -64.323
1 62 7 0.2771 -0.005 0 0 -10.858 55.885 -63.772
1 63 7 0.0602 -0.083 0 0 -11.207 56.607 -60.050
1 64 20 0.2228 -0.162 0 0 -14.500 58.376 -60.924
1 65 17 0.3493 -0.553 0 0 -15.997 55.643 -63.142
1 66 0 0.0903 -0.909 0 0 -18.914 55.109 -60.734
1 67 14 0.3012 0.0481 0 0 -20.291 58.476 -61.886
1 68 1 0.4879 0.3427 0 0 -20.729 57.264 -65.472
1 69 3 0.3313 -0.865 0 0 -24.090 55.543 -65.107
1 70 6 0.2590 -0.523 0 0 -25.711 58.750 -63.889
1 71 20 0.5662 0.7091 0 0 -24.493 60.910 -66.763
1 72 14 0.6144 0.3376 0 0 -25.085 58.233 -69.399
1 73 1 0.3554 -0.819 0 0 -28.697 57.983 -68.248
1 74 18 0.4156 -0.232 0 0 -29.249 61.741 -68.686
1 75 9 0.6987 0.0000 0 0 -27.214 62.535 -71.803
1 76 7 0.6626 -0.604 0 0 -28.769 62.616 -75.267
1 77 9 0.8674 0.0000 0 0 -25.575 62.527 -77.319
1 78 15 0.9638 -0.719 0 0 -21.987 61.560 -76.565
1 79 12 0.9939 0.5666 0 0 -18.720 62.983 -77.840
1 80 5 0.9819 -0.742 0 0 -16.354 60.047 -77.454
1 81 22 0.9759 0.4474 0 0 -12.867 61.539 -77.382
1 82 15 0.8915 -0.339 0 0 -9.451 59.912 -77.642
1 83 0 0.7530 -0.404 0 0 -6.077 61.517 -78.436
1 84 11 0.5240 -0.192 0 0 -4.314 60.602 -81.690
1 85 2 0.3132 0.1516 0 0 -1.003 60.434 -79.798
1 86 2 0.3734 0.3368 0 0 -2.354 58.055 -77.141
1 87 18 0.2710 -0.861 0 0 -3.090 54.534 -78.349
1 88 13 0.3192 -0.259 0 0 -4.421 53.414 -74.979
1 89 17 0.6265 0.4398 0 0 -6.978 56.255 -75.047
1 90 15 0.6385 -0.264 0 0 -8.240 54.944 -78.399
1 91 7 0.4216 -0.883 0 0 -8.461 51.415 -76.972
1 92 3 0.5722 -0.282 0 0 -10.369 52.890 -73.996
1 93 11 0.7951 0.6847 0 0 -13.223 54.129 -76.245
1 94 10 0.5481 -0.814 0 0 -14.866 50.695 -76.392
1 95 6 0.4759 0.0308 0 0 -15.515 50.649 -72.606
1 96 20 0.7710 0.4776 0 0 -17.319 53.985 -72.950
1 97 1 0.7349 -0.547 0 0 -19.376 52.888 -75.969
1 98 7 0.4277 -0.644 0 0 -20.293 49.588 -74.319
1 99 6 0.4337 0.0277 0 0 -21.519 51.244 -71.131
1 100 11 0.6024 0.9743 0 0 -23.475 53.828 -73.082
1 101 13 0.3795 -0.348 0 0 -25.063 50.984 -75.061
1 102 1 0.1325 0.0396 0 0 -26.064 49.182 -71.854
1 103 22 0.2108 0.5462 0 0 -27.447 52.223 -70.033
1 104 13 0.2469 0.7594 0 0 -29.401 53.429 -73.057
1 105 3 0.0481 -0.997 0 0 -30.412 49.860 -73.902
1 106 17 0.1204 0.3546 0 0 -29.756 50.936 -77.476
1 107 3 0.1626 -0.425 0 0 -27.427 50.175 -80.342
1 108 3 0.3433 -0.574 0 0 -28.386 53.529 -81.849
1 109 22 0.5602 0.3402 0 0 -27.284 56.226 -79.411
1 110 16 0.7469 -0.542 0 0 -26.264 59.578 -80.935
1 111 14 0.9096 -0.198 0 0 -22.465 59.687 -80.773
1 112 22 0.9397 0.0533 0 0 -19.442 61.130 -82.577
1 113 12 0.9337 -0.629 0 0 -15.939 59.659 -82.325
1 114 22 0.9578 0.6810 0 0 -13.320 62.382 -81.920
1 115 9 0.8614 0.0000 0 0 -9.597 62.037 -82.493
1 116 2 0.8493 0.2863 0 0 -8.186 65.037 -80.658
1 117 13 0.5903 0.1047 0 0 -4.718 66.695 -80.596
1 118 5 0.4457 0.2906 0 0 -4.304 66.487 -84.388
1 119 3 0.1987 0.3450 0 0 -1.834 69.367 -84.106
1 120 12 0.1084 0.3697 0 0 0.710 66.970 -82.556
1 121 0 0.0240 -0.934 0 0 3.030 64.979 -84.790
1 122 0 0.0301 -0.028 0 0 3.486 62.025 -82.416
1 123 1 0.0783 0.4655 0 0 0.559 60.144 -83.974
1 124 18 0.0662 -0.006 0 0 0.022 56.500 -83.001
1 125 22 0.2530 0.8661 0 0 -3.634 56.234 -84.089
1 126 7 0.1265 -0.902 0 0 -4.039 56.543 -87.856
1 127 17 0.2891 -0.001 0 0 -7.179 58.174 -89.234
1 128 1 0.0963 -0.992 0 0 -8.173 54.934 -91.005
1 129 6 0.1807 -0.338 0 0 -8.109 52.946 -87.736
1 130 0 0.4939 0.6291 0 0 -10.503 55.414 -86.147
1 131 6 0.4036 -0.497 0 0 -12.694 55.610 -89.238
1 132 3 0.1927 -0.850 0 0 -13.083 51.813 -88.968
1 133 12 0.4397 0.5831 0 0 -14.091 51.947 -85.317
1 134 0 0.5963 0.4313 0 0 -16.651 54.703 -85.972
1 135 1 0.3373 -0.776 0 0 -18.058 52.779 -88.921
1 136 17 0.2168 0.2411 0 0 -18.683 49.749 -86.672
1 137 20 0.4638 0.5515 0 0 -20.614 52.000 -84.278
1 138 9 0.3855 0.0000 0 0 -22.573 53.632 -87.103
1 139 11 0.6566 0.7587 0 0 -21.222 57.078 -86.212
1 140 16 0.7048 0.2227 0 0 -19.011 59.799 -87.719
1 141 20 0.7831 -0.060 0 0 -15.291 60.256 -87.023
1 142 11 0.8072 0.2382 0 0 -13.874 63.771 -86.811
1 143 7 0.7650 -0.684 0 0 -10.371 64.921 -85.864
1 144 18 0.8012 0.9756 0 0 -9.891 68.019 -83.756
1 145 17 0.6445 -0.968 0 0 -7.329 70.221 -82.105
1 146 0 0.6927 0.4664 0 0 -8.496 72.106 -79.016
1 147 13 0.3915 -0.760 0 0 -5.236 74.031 -79.377
1 148 18 0.2409 -0.113 0 0 -5.712 75.392 -82.922
1 149 1 0.4518 -0.178 0 0 -9.531 75.105 -82.892
1 150 6 0.4578 -0.421 0 0 -9.421 72.779 -85.921
1 151 9 0.6686 0.0000 0 0 -12.629 70.739 -86.110
1 152 22 0.8132 -0.060 0 0 -13.901 71.860 -82.709
1 153 7 0.7168 -0.914 0 0 -17.215 73.385 -83.790
1 154 3 0.7228 -0.767 0 0 -17.555 70.651 -86.417
1 155 0 0.9156 0.6698 0 0 -17.367 67.922 -83.756
1 156 15 0.9216 0.5198 0 0 -19.945 69.385 -81.373
1 157 20 0.7409 -0.516 0 0 -22.274 70.575 -84.156
1 158 18 0.7771 0.0353 0 0 -22.084 67.183 -85.852
1 159 12 0.8855 0.7629 0 0 -23.123 65.602 -82.533
1 160 22 0.7108 -0.381 0 0 -26.185 67.862 -82.669
1 161 1 0.4819 -0.143 0 0 -26.930 66.787 -86.260
1 162 7 0.6084 0.2744 0 0 -26.698 63.162 -85.076
1 163 11 0.5542 0.5061 0 0 -29.124 63.724 -82.212
1 164 1 0.2650 0.0586 0 0 -31.446 65.091 -84.941
1 165 6 0.1506 0.3485 0 0 -31.357 61.976 -87.129
1 166 10 0.1445 0.7430 0 0 -32.680 60.048 -84.152
