1 1 14 0.0 0.4107 0 0 -36.396 76.578 -77.530
1 2 18 0.0421 0.1444 0 0 -34.819 73.179 -78.122
1 3 7 0.2108 0.0153 0 0 -32.394 71.985 -75.443
1 4 20 0.5120 -0.243 0 0 -29.750 69.357 -76.273
1 5 13 0.6626 -0.876 0 0 -28.192 67.482 -73.358
1 6 12 0.9036 0.1094 0 0 -24.624 66.565 -74.355
1 7 22 0.9457 -0.650 0 0 -22.172 64.543 -72.283
1 8 22 0.9879 0.4089 0 0 -18.418 64.364 -72.883
1 9 22 0.9698 -0.293 0 0 -16.720 61.148 -71.745
1 10 9 0.9277 0.0000 0 0 -13.330 59.515 -72.160
1 11 0 0.7951 -0.526 0 0 -10.051 58.720 -70.404
1 12 9 0.6385 0.0000 0 0 -8.325 61.104 -68.053
1 13 9 0.6265 0.0000 0 0 -6.299 63.745 -69.810
1 14 22 0.8192 0.6000 0 0 -7.616 63.311 -73.369
1 15 9 0.8614 0.0000 0 0 -8.900 66.879 -73.495
1 16 13 0.9518 0.1132 0 0 -12.613 66.691 -72.603
1 17 17 0.8433 -0.616 0 0 -12.501 69.919 -70.592
1 18 0 0.7891 -0.294 0 0 -10.319 71.714 -73.122
1 19 12 0.9096 0.6653 0 0 -12.733 70.799 -75.906
1 20 18 0.8915 0.3374 0 0 -15.775 71.982 -73.981
1 21 11 0.6686 -0.431 0 0 -14.071 75.167 -72.822
1 22 6 0.6144 -0.434 0 0 -12.887 75.972 -76.349
1 23 12 0.7108 0.5550 0 0 -16.451 75.508 -77.653
1 24 11 0.5301 0.3347 0 0 -18.193 77.518 -74.939
1 25 6 0.3132 0.0592 0 0 -15.547 80.097 -73.902
1 26 2 0.2771 -0.234 0 0 -13.307 80.350 -76.978
1 27 10 0.2048 -0.083 0 0 -9.923 79.826 -75.332
1 28 15 0.3373 0.1554 0 0 -7.498 76.917 -74.802
1 29 22 0.3192 0.3929 0 0 -6.845 75.592 -71.296
1 30 3 0.1265 -0.608 0 0 -3.111 74.726 -71.228
1 31 7 0.0783 -0.314 0 0 -2.958 73.425 -67.676
1 32 20 0.2289 0.4718 0 0 -4.288 70.074 -66.531
1 33 3 0.1927 -0.644 0 0 -6.812 70.254 -63.689
1 34 16 0.3554 -0.802 0 0 -8.678 66.937 -63.410
1 35 18 0.4939 0.8492 0 0 -12.470 67.349 -63.470
1 36 11 0.3734 -0.994 0 0 -15.024 65.878 -61.124
1 37 7 0.5060 0.2526 0 0 -18.252 66.866 -62.893
1 38 3 0.5361 -0.248 0 0 -18.869 70.304 -64.451
1 39 17 0.5602 -0.474 0 0 -21.763 71.734 -66.429
1 40 20 0.5542 0.3295 0 0 -21.829 74.391 -69.172
1 41 1 0.3975 -0.600 0 0 -24.845 75.950 -70.904
1 42 13 0.3072 0.0470 0 0 -24.908 78.133 -74.001
1 43 6 0.0963 -0.963 0 0 -27.518 79.312 -76.510
1 44 22 0.1566 0.9819 0 0 -26.363 78.775 -80.099
1 45 22 0.0542 -0.968 0 0 -27.862 78.713 -83.593
1 46 11 0.1746 0.9755 0 0 -27.257 75.362 -85.299
1 47 3 0.0361 0.6758 0 0 -28.578 74.895 -88.837
1 48 9 0.0060 0.0000 0 0 -31.016 77.762 -88.367
1 49 7 0.0120 0.4822 0 0 -32.420 76.471 -85.092
1 50 18 0.0180 -0.693 0 0 -31.859 78.504 -81.953
1 51 5 0.0903 0.6665 0 0 -31.093 76.002 -79.244
1 52 12 0.2409 -0.325 0 0 -29.620 75.556 -75.815
1 53 12 0.5722 0.4557 0 0 -26.641 73.269 -75.335
1 54 3 0.5903 -0.410 0 0 -26.308 71.773 -71.896
1 55 11 0.8253 0.5080 0 0 -22.934 70.086 -71.716
1 56 12 0.8313 -0.411 0 0 -21.760 67.804 -68.955
1 57 3 0.8795 -0.045 0 0 -18.006 67.586 -68.659
1 58 18 0.8373 0.5244 0 0 -17.256 64.331 -66.885
1 59 0 0.6927 -0.954 0 0 -14.281 62.827 -65.029
1 60 9 0.7349 0.0000 0 0 -11.836 60.627 -66.870
1 61 6 0.4216 -0.362 0 0 -9.790 59.933 -63.749
1 62 7 0.2228 0.0370 0 0 -11.035 56.829 -61.955
1 63 7 0.0481 -0.452 0 0 -10.337 58.565 -58.633
1 64 20 0.1867 -0.178 0 0 -12.676 61.424 -59.581
1 65 17 0.3493 0.0489 0 0 -15.245 59.305 -61.452
1 66 0 0.1024 -0.771 0 0 -17.716 58.992 -58.564
1 67 14 0.1325 -0.512 0 0 -21.434 58.905 -59.402
1 68 1 0.4518 0.6357 0 0 -20.511 59.526 -63.054
1 69 3 0.3855 -0.452 0 0 -23.162 57.014 -64.165
1 70 7 0.2168 -0.701 0 0 -25.806 59.065 -62.346
1 71 20 0.4457 0.3925 0 0 -24.975 62.415 -63.923
1 72 14 0.6325 0.5480 0 0 -24.818 60.618 -67.280
1 73 1 0.4277 -0.990 0 0 -28.149 58.790 -67.611
1 74 18 0.4156 -0.098 0 0 -29.795 62.125 -68.399
1 75 9 0.6867 0.0000 0 0 -27.594 62.631 -71.477
1 76 7 0.6445 -0.623 0 0 -29.144 62.628 -74.957
1 77 9 0.8674 0.0000 0 0 -25.899 62.433 -76.924
1 78 15 0.9638 -0.690 0 0 -22.315 61.537 -76.035
1 79 12 0.9939 0.5216 0 0 -18.912 62.656 -77.323
1 80 5 0.9819 -0.795 0 0 -16.585 59.691 -76.770
1 81 22 0.9759 0.5212 0 0 -13.151 61.292 -76.730
1 82 15 0.8855 -0.363 0 0 -9.703 59.718 -76.995
1 83 0 0.7530 -0.357 0 0 -6.360 61.373 -77.804
1 84 11 0.5180 -0.155 0 0 -4.561 60.459 -81.035
1 85 2 0.3012 0.1440 0 0 -1.268 60.349 -79.129
1 86 2 0.3614 0.3310 0 0 -2.558 58.003 -76.404
1 87 18 0.2530 -0.868 0 0 -3.177 54.462 -77.597
1 88 13 0.2951 -0.313 0 0 -4.578 53.371 -74.243
1 89 17 0.6084 0.4673 0 0 -7.284 56.106 -74.390
1 90 15 0.5963 -0.278 0 0 -8.425 54.710 -77.757
1 91 7 0.3795 -0.863 0 0 -8.487 51.151 -76.353
1 92 3 0.5481 -0.162 0 0 -10.554 52.500 -73.428
1 93 11 0.7710 0.6801 0 0 -13.293 53.780 -75.794
1 94 10 0.5240 -0.812 0 0 -15.210 50.496 -76.024
1 95 6 0.4819 -0.787 0 0 -15.780 50.514 -72.258
1 96 20 0.7831 0.3576 0 0 -17.132 54.072 -72.263
1 97 1 0.7289 -0.395 0 0 -19.551 52.997 -74.994
1 98 7 0.4397 -0.752 0 0 -20.652 50.007 -72.872
1 99 6 0.5 0.3995 0 0 -21.231 52.346 -69.894
1 100 11 0.6566 0.9392 0 0 -23.373 54.624 -72.042
1 101 13 0.4096 -0.182 0 0 -25.442 51.695 -73.342
1 102 1 0.1987 -0.109 0 0 -25.976 50.711 -69.723
1 103 22 0.3313 0.8295 0 0 -26.951 54.111 -68.281
1 104 13 0.3253 0.6563 0 0 -29.287 54.770 -71.236
1 105 3 0.0662 -0.569 0 0 -30.547 51.163 -71.485
1 106 17 0.1084 0.3293 0 0 -30.239 51.204 -75.273
1 107 3 0.1445 -0.870 0 0 -28.009 49.995 -78.111
1 108 3 0.2710 -0.423 0 0 -29.066 53.012 -80.180
1 109 22 0.5662 0.3559 0 0 -27.621 56.111 -78.487
1 110 16 0.7409 -0.509 0 0 -26.538 59.277 -80.337
1 111 14 0.8975 -0.085 0 0 -22.716 59.400 -80.247
1 112 22 0.9397 0.0987 0 0 -19.688 60.786 -82.035
1 113 12 0.9337 -0.637 0 0 -16.182 59.325 -81.724
1 114 22 0.9578 0.7433 0 0 -13.642 62.126 -81.283
1 115 9 0.8554 0.0000 0 0 -9.899 61.875 -81.835
1 116 2 0.8493 0.3209 0 0 -8.530 64.894 -79.977
1 117 13 0.6024 0.0969 0 0 -5.070 66.580 -79.880
1 118 5 0.4578 0.3176 0 0 -4.744 66.330 -83.672
1 119 3 0.2349 0.3441 0 0 -2.331 69.270 -83.551
1 120 12 0.1204 0.3642 0 0 0.222 66.947 -81.950
1 121 0 0.0240 -0.922 0 0 2.767 65.059 -84.040
1 122 0 0.0301 -0.006 0 0 3.223 62.043 -81.723
1 123 1 0.0722 0.4561 0 0 0.338 60.144 -83.332
1 124 18 0.0602 -0.010 0 0 -0.125 56.486 -82.343
1 125 22 0.2469 0.8610 0 0 -3.759 56.101 -83.446
1 126 7 0.1144 -0.906 0 0 -4.165 56.450 -87.200
1 127 17 0.2891 -0.053 0 0 -7.295 58.049 -88.622
1 128 1 0.0843 -0.756 0 0 -8.235 54.783 -90.412
1 129 6 0.1506 -0.224 0 0 -8.212 52.780 -87.160
1 130 0 0.4759 0.6331 0 0 -10.603 55.237 -85.565
1 131 6 0.3674 -0.476 0 0 -12.781 55.325 -88.688
1 132 3 0.1626 -0.848 0 0 -13.133 51.544 -88.454
1 133 12 0.4036 0.5893 0 0 -14.106 51.620 -84.782
1 134 0 0.5783 0.4608 0 0 -16.677 54.353 -85.426
1 135 1 0.2831 -0.976 0 0 -18.057 52.445 -88.422
1 136 17 0.1686 0.2346 0 0 -18.651 49.367 -86.246
1 137 20 0.4337 0.5524 0 0 -20.674 51.554 -83.872
1 138 9 0.3433 0.0000 0 0 -22.547 53.264 -86.712
1 139 11 0.6204 0.7440 0 0 -21.328 56.714 -85.680
1 140 16 0.6807 0.1853 0 0 -19.133 59.499 -87.135
1 141 20 0.7650 -0.063 0 0 -15.440 59.910 -86.401
1 142 11 0.8072 0.2238 0 0 -14.126 63.463 -86.157
1 143 7 0.7590 -0.716 0 0 -10.644 64.690 -85.264
1 144 18 0.8012 0.9800 0 0 -10.272 67.769 -83.100
1 145 17 0.6506 -0.963 0 0 -7.729 70.064 -81.526
1 146 0 0.7048 0.4842 0 0 -8.856 72.022 -78.463
1 147 13 0.3915 -0.739 0 0 -5.658 74.041 -78.930
1 148 18 0.2650 -0.110 0 0 -6.150 75.249 -82.514
1 149 1 0.4698 -0.155 0 0 -9.975 74.890 -82.524
1 150 6 0.4638 -0.380 0 0 -9.778 72.489 -85.473
1 151 9 0.6746 0.0000 0 0 -12.967 70.378 -85.638
1 152 22 0.8132 -0.080 0 0 -14.277 71.516 -82.274
1 153 7 0.7168 -0.892 0 0 -17.537 73.039 -83.522
1 154 3 0.7228 -0.566 0 0 -17.774 70.194 -86.033
1 155 0 0.9156 0.7046 0 0 -17.676 67.588 -83.262
1 156 15 0.9216 0.5505 0 0 -20.297 69.132 -81.005
1 157 20 0.7469 -0.487 0 0 -22.637 70.224 -83.846
1 158 18 0.7771 0.0637 0 0 -22.364 66.815 -85.451
1 159 12 0.8734 0.7726 0 0 -23.418 65.347 -82.106
1 160 22 0.6987 -0.356 0 0 -26.476 67.599 -82.237
1 161 1 0.4879 -0.092 0 0 -27.282 66.432 -85.789
1 162 7 0.5843 0.2661 0 0 -26.987 62.836 -84.542
1 163 11 0.5421 0.5106 0 0 -29.503 63.424 -81.760
1 164 1 0.2590 0.0845 0 0 -31.783 64.900 -84.470
1 165 6 0.1385 0.2985 0 0 -31.680 61.727 -86.563
1 166 10 0.1807 0.2616 0 0 -32.656 59.832 -83.419
