1 1 14 0.0 0.4545 0 0 -36.249 76.174 -77.095
1 2 18 0.0361 0.1816 0 0 -34.676 72.804 -77.822
1 3 7 0.1987 0.0282 0 0 -32.173 71.604 -75.236
1 4 20 0.5060 -0.233 0 0 -29.510 69.027 -76.136
1 5 13 0.6686 -0.837 0 0 -27.881 67.103 -73.308
1 6 12 0.9036 0.1169 0 0 -24.342 66.222 -74.345
1 7 22 0.9457 -0.638 0 0 -21.919 64.189 -72.265
1 8 22 0.9879 0.2926 0 0 -18.161 64.121 -72.898
1 9 22 0.9698 -0.207 0 0 -16.444 60.848 -71.877
1 10 9 0.9277 0.0000 0 0 -13.035 59.220 -72.276
1 11 0 0.7891 -0.520 0 0 -9.819 58.355 -70.469
1 12 9 0.6385 0.0000 0 0 -8.011 60.765 -68.168
1 13 9 0.6084 0.0000 0 0 -6.004 63.436 -69.943
1 14 22 0.8192 0.6129 0 0 -7.405 62.978 -73.445
1 15 9 0.8554 0.0000 0 0 -8.617 66.589 -73.529
1 16 13 0.9518 0.1409 0 0 -12.309 66.393 -72.623
1 17 17 0.8373 -0.609 0 0 -12.185 69.599 -70.605
1 18 0 0.7590 -0.265 0 0 -9.952 71.420 -73.065
1 19 12 0.8975 0.6874 0 0 -12.416 70.537 -75.850
1 20 18 0.8795 0.3218 0 0 -15.495 71.707 -73.967
1 21 11 0.6506 -0.434 0 0 -13.816 74.895 -72.756
1 22 6 0.5903 -0.424 0 0 -12.582 75.649 -76.272
1 23 12 0.6987 0.5536 0 0 -16.139 75.225 -77.595
1 24 11 0.5120 0.3458 0 0 -17.869 77.229 -74.879
1 25 6 0.2891 0.0643 0 0 -15.222 79.796 -73.870
1 26 2 0.2349 -0.214 0 0 -12.916 80.074 -76.892
1 27 10 0.1746 -0.073 0 0 -9.573 79.583 -75.175
1 28 15 0.3373 0.1621 0 0 -7.212 76.630 -74.739
1 29 22 0.3072 0.3754 0 0 -6.548 75.264 -71.260
1 30 3 0.1084 -0.603 0 0 -2.815 74.428 -71.207
1 31 7 0.0722 -0.302 0 0 -2.619 73.079 -67.670
1 32 20 0.1867 0.4659 0 0 -3.948 69.730 -66.545
1 33 3 0.1807 -0.630 0 0 -6.474 69.787 -63.700
1 34 16 0.3614 -0.802 0 0 -8.304 66.458 -63.509
1 35 18 0.4698 0.8287 0 0 -12.085 66.858 -63.525
1 36 11 0.3674 -0.999 0 0 -14.586 65.415 -61.107
1 37 7 0.4879 0.1378 0 0 -17.724 66.511 -62.926
1 38 3 0.5180 -0.260 0 0 -18.524 69.924 -64.433
1 39 17 0.5301 -0.540 0 0 -21.454 71.355 -66.355
1 40 20 0.5361 0.3168 0 0 -21.534 73.984 -69.116
1 41 1 0.3915 -0.462 0 0 -24.568 75.553 -70.776
1 42 13 0.3012 0.0564 0 0 -24.748 77.789 -73.832
1 43 6 0.1024 -0.965 0 0 -27.357 78.992 -76.301
1 44 22 0.1385 0.9849 0 0 -26.176 78.557 -79.868
1 45 22 0.0542 -0.971 0 0 -27.710 78.489 -83.332
1 46 11 0.1686 0.9699 0 0 -27.092 75.152 -85.089
1 47 3 0.0421 0.6854 0 0 -28.407 74.750 -88.635
1 48 9 0.0060 0.0000 0 0 -30.871 77.599 -88.162
1 49 7 0.0120 0.4706 0 0 -32.188 76.293 -84.854
1 50 18 0.0180 -0.715 0 0 -31.714 78.261 -81.666
1 51 5 0.0843 0.7231 0 0 -30.935 75.712 -78.996
1 52 12 0.2289 -0.211 0 0 -29.374 75.184 -75.622
1 53 12 0.5481 0.4621 0 0 -26.351 72.957 -75.239
1 54 3 0.5783 -0.339 0 0 -26.096 71.392 -71.813
1 55 11 0.8253 0.4972 0 0 -22.678 69.754 -71.676
1 56 12 0.8313 -0.472 0 0 -21.449 67.428 -68.948
1 57 3 0.8734 -0.097 0 0 -17.671 67.269 -68.649
1 58 18 0.8433 0.5269 0 0 -16.902 63.974 -66.926
1 59 0 0.6807 -0.958 0 0 -13.968 62.355 -65.141
1 60 9 0.7289 0.0000 0 0 -11.455 60.239 -67.034
1 61 6 0.4096 -0.560 0 0 -9.661 59.271 -63.832
1 62 7 0.2771 -0.423 0 0 -10.737 55.674 -63.269
1 63 7 0.0602 -0.255 0 0 -11.185 56.165 -59.512
1 64 20 0.2108 -0.129 0 0 -14.402 58.047 -60.381
1 65 17 0.3433 -0.592 0 0 -15.855 55.258 -62.556
1 66 0 0.0903 -0.887 0 0 -18.771 54.800 -60.128
1 67 14 0.2951 0.0427 0 0 -20.249 58.118 -61.314
1 68 1 0.4939 0.3363 0 0 -20.585 56.886 -64.907
1 69 3 0.3493 -0.841 0 0 -23.954 55.146 -64.580
1 70 6 0.2710 -0.254 0 0 -25.573 58.381 -63.364
1 71 20 0.5722 0.6929 0 0 -24.464 60.582 -66.264
1 72 14 0.6265 0.3420 0 0 -25.025 57.894 -68.895
1 73 1 0.3554 -0.794 0 0 -28.633 57.759 -67.692
1 74 18 0.4156 -0.233 0 0 -29.323 61.463 -68.262
1 75 9 0.6927 0.0000 0 0 -27.280 62.221 -71.385
1 76 7 0.6626 -0.618 0 0 -28.865 62.301 -74.834
1 77 9 0.8674 0.0000 0 0 -25.642 62.146 -76.857
1 78 15 0.9638 -0.711 0 0 -22.077 61.147 -76.027
1 79 12 0.9939 0.5855 0 0 -18.779 62.518 -77.286
1 80 5 0.9819 -0.761 0 0 -16.410 59.581 -76.897
1 81 22 0.9759 0.4394 0 0 -12.940 61.097 -76.799
1 82 15 0.8915 -0.335 0 0 -9.494 59.519 -77.082
1 83 0 0.7530 -0.414 0 0 -6.132 61.139 -77.891
1 84 11 0.5240 -0.148 0 0 -4.359 60.235 -81.131
1 85 2 0.3253 0.1230 0 0 -1.054 60.030 -79.228
1 86 2 0.3795 0.3459 0 0 -2.473 57.696 -76.600
1 87 18 0.2650 -0.859 0 0 -3.113 54.174 -77.837
1 88 13 0.3132 -0.262 0 0 -4.430 53.026 -74.477
1 89 17 0.6144 0.4467 0 0 -7.058 55.823 -74.505
1 90 15 0.6325 -0.261 0 0 -8.274 54.541 -77.871
1 91 7 0.4216 -0.871 0 0 -8.447 50.991 -76.537
1 92 3 0.5602 -0.224 0 0 -10.383 52.380 -73.547
1 93 11 0.7951 0.6776 0 0 -13.222 53.622 -75.814
1 94 10 0.5421 -0.814 0 0 -14.909 50.224 -76.002
1 95 6 0.4759 -0.508 0 0 -15.451 50.198 -72.231
1 96 20 0.7710 0.4279 0 0 -17.195 53.573 -72.453
1 97 1 0.7349 -0.545 0 0 -19.274 52.510 -75.452
1 98 7 0.4277 -0.672 0 0 -20.255 49.262 -73.742
1 99 6 0.4397 0.0372 0 0 -21.427 51.012 -70.593
1 100 11 0.6204 0.9682 0 0 -23.399 53.602 -72.528
1 101 13 0.3975 -0.457 0 0 -24.866 50.654 -74.473
1 102 1 0.1325 -0.096 0 0 -25.812 48.783 -71.301
1 103 22 0.2228 0.5603 0 0 -27.281 51.823 -69.553
1 104 13 0.2469 0.7369 0 0 -29.331 53.046 -72.514
1 105 3 0.0481 -0.997 0 0 -30.177 49.438 -73.299
1 106 17 0.1204 0.3344 0 0 -29.624 50.419 -76.910
1 107 3 0.1506 -0.337 0 0 -27.302 49.640 -79.785
1 108 3 0.3192 -0.592 0 0 -28.538 52.994 -81.040
1 109 22 0.5662 0.3230 0 0 -27.302 55.797 -78.801
1 110 16 0.7409 -0.535 0 0 -26.315 59.086 -80.437
1 111 14 0.9096 -0.203 0 0 -22.500 59.193 -80.239
1 112 22 0.9397 0.0823 0 0 -19.493 60.631 -82.033
1 113 12 0.9337 -0.639 0 0 -15.981 59.139 -81.809
1 114 22 0.9578 0.6792 0 0 -13.410 61.933 -81.342
1 115 9 0.8614 0.0000 0 0 -9.666 61.631 -81.882
1 116 2 0.8493 0.2938 0 0 -8.253 64.631 -80.045
1 117 13 0.5963 0.0958 0 0 -4.802 66.300 -79.937
1 118 5 0.4578 0.3009 0 0 -4.502 66.107 -83.731
1 119 3 0.2168 0.3236 0 0 -2.066 69.045 -83.620
1 120 12 0.1144 0.3513 0 0 0.512 66.662 -82.101
1 121 0 0.0240 -0.930 0 0 2.870 64.639 -84.282
1 122 0 0.0301 -0.014 0 0 3.370 61.715 -81.902
1 123 1 0.0783 0.4421 0 0 0.468 59.854 -83.473
1 124 18 0.0662 -0.017 0 0 -0.017 56.205 -82.564
1 125 22 0.2530 0.8544 0 0 -3.650 55.870 -83.634
1 126 7 0.1265 -0.900 0 0 -4.022 56.239 -87.393
1 127 17 0.2831 -0.059 0 0 -7.196 57.847 -88.775
1 128 1 0.0963 -0.688 0 0 -8.204 54.645 -90.571
1 129 6 0.1626 -0.312 0 0 -8.112 52.586 -87.372
1 130 0 0.4819 0.6377 0 0 -10.475 55.032 -85.669
1 131 6 0.4036 -0.522 0 0 -12.724 55.269 -88.748
1 132 3 0.1927 -0.857 0 0 -13.092 51.488 -88.547
1 133 12 0.4337 0.6013 0 0 -13.994 51.535 -84.867
1 134 0 0.5843 0.4370 0 0 -16.613 54.249 -85.466
1 135 1 0.3313 -0.736 0 0 -18.058 52.360 -88.448
1 136 17 0.2048 0.2344 0 0 -18.565 49.313 -86.213
1 137 20 0.4457 0.5486 0 0 -20.600 51.488 -83.832
1 138 9 0.3734 0.0000 0 0 -22.493 53.102 -86.698
1 139 11 0.6445 0.7641 0 0 -21.209 56.574 -85.763
1 140 16 0.7048 0.2527 0 0 -18.959 59.315 -87.248
1 141 20 0.7831 -0.061 0 0 -15.251 59.761 -86.468
1 142 11 0.8072 0.2461 0 0 -13.921 63.310 -86.219
1 143 7 0.7650 -0.700 0 0 -10.407 64.504 -85.316
1 144 18 0.8012 0.9762 0 0 -9.976 67.583 -83.160
1 145 17 0.6566 -0.974 0 0 -7.431 69.805 -81.532
1 146 0 0.6867 0.4615 0 0 -8.590 71.734 -78.465
1 147 13 0.3855 -0.761 0 0 -5.360 73.690 -78.911
1 148 18 0.2409 -0.104 0 0 -5.876 74.984 -82.462
1 149 1 0.4518 -0.169 0 0 -9.683 74.694 -82.475
1 150 6 0.4638 -0.360 0 0 -9.529 72.318 -85.453
1 151 9 0.6746 0.0000 0 0 -12.696 70.220 -85.654
1 152 22 0.8132 -0.068 0 0 -14.012 71.353 -82.267
1 153 7 0.7168 -0.893 0 0 -17.309 72.876 -83.384
1 154 3 0.7228 -0.574 0 0 -17.611 70.105 -85.961
1 155 0 0.9156 0.6875 0 0 -17.439 67.425 -83.264
1 156 15 0.9216 0.5239 0 0 -20.042 68.920 -80.930
1 157 20 0.7469 -0.543 0 0 -22.362 70.061 -83.736
1 158 18 0.7771 0.0730 0 0 -22.155 66.638 -85.369
1 159 12 0.8855 0.7625 0 0 -23.212 65.087 -82.054
1 160 22 0.7108 -0.389 0 0 -26.268 67.415 -82.081
1 161 1 0.5 -0.103 0 0 -27.011 66.313 -85.649
1 162 7 0.6024 0.2704 0 0 -26.783 62.669 -84.532
1 163 11 0.5542 0.5117 0 0 -29.241 63.203 -81.703
1 164 1 0.2590 0.0775 0 0 -31.562 64.671 -84.361
1 165 6 0.1566 0.3455 0 0 -31.393 61.493 -86.419
1 166 10 0.1445 0.7542 0 0 -32.679 59.475 -83.515
