1 1 14 0.0 0.4534 0 0 -36.329 76.112 -77.361
1 2 18 0.0361 0.1612 0 0 -34.842 72.699 -78.080
1 3 7 0.1927 0.1635 0 0 -32.435 71.350 -75.473
1 4 20 0.5120 -0.229 0 0 -29.753 68.740 -76.202
1 5 13 0.6506 -0.817 0 0 -28.025 66.997 -73.308
1 6 12 0.9036 0.1194 0 0 -24.506 65.995 -74.319
1 7 22 0.9457 -0.653 0 0 -22.091 63.913 -72.259
1 8 22 0.9879 0.3930 0 0 -18.315 63.797 -72.884
1 9 22 0.9698 -0.292 0 0 -16.584 60.564 -71.778
1 10 9 0.9277 0.0000 0 0 -13.195 58.963 -72.195
1 11 0 0.7951 -0.530 0 0 -9.959 58.118 -70.419
1 12 9 0.6325 0.0000 0 0 -8.192 60.523 -68.084
1 13 9 0.6265 0.0000 0 0 -6.176 63.190 -69.854
1 14 22 0.8192 0.6046 0 0 -7.522 62.736 -73.396
1 15 9 0.8674 0.0000 0 0 -8.807 66.313 -73.456
1 16 13 0.9518 0.1170 0 0 -12.523 66.107 -72.633
1 17 17 0.8433 -0.612 0 0 -12.433 69.318 -70.589
1 18 0 0.7891 -0.302 0 0 -10.224 71.180 -73.043
1 19 12 0.9096 0.6691 0 0 -12.628 70.264 -75.854
1 20 18 0.8915 0.3224 0 0 -15.705 71.416 -73.949
1 21 11 0.6566 -0.413 0 0 -14.033 74.602 -72.761
1 22 6 0.6084 -0.434 0 0 -12.805 75.412 -76.275
1 23 12 0.7108 0.5486 0 0 -16.369 74.942 -77.577
1 24 11 0.5301 0.3446 0 0 -18.077 76.952 -74.848
1 25 6 0.3132 0.0652 0 0 -15.457 79.524 -73.841
1 26 2 0.2530 -0.254 0 0 -13.206 79.839 -76.887
1 27 10 0.2048 -0.077 0 0 -9.847 79.301 -75.198
1 28 15 0.3373 0.1383 0 0 -7.461 76.370 -74.745
1 29 22 0.3253 0.3753 0 0 -6.784 74.971 -71.276
1 30 3 0.1265 -0.615 0 0 -3.050 74.148 -71.197
1 31 7 0.0783 -0.314 0 0 -2.856 72.789 -67.669
1 32 20 0.2289 0.4838 0 0 -4.184 69.429 -66.499
1 33 3 0.1987 -0.622 0 0 -6.673 69.551 -63.609
1 34 16 0.3554 -0.776 0 0 -8.576 66.275 -63.362
1 35 18 0.4939 0.8610 0 0 -12.350 66.710 -63.479
1 36 11 0.3734 -0.990 0 0 -14.911 65.223 -61.160
1 37 7 0.5060 0.2536 0 0 -18.210 66.198 -62.789
1 38 3 0.5361 -0.227 0 0 -18.776 69.612 -64.405
1 39 17 0.5722 -0.744 0 0 -21.606 71.004 -66.511
1 40 20 0.5481 0.3418 0 0 -21.776 73.756 -69.116
1 41 1 0.3915 -0.631 0 0 -24.764 75.362 -70.796
1 42 13 0.3072 0.0574 0 0 -24.862 77.511 -73.914
1 43 6 0.1024 -0.969 0 0 -27.480 78.717 -76.368
1 44 22 0.1566 0.9906 0 0 -26.280 78.194 -79.946
1 45 22 0.0542 -0.978 0 0 -27.781 78.073 -83.421
1 46 11 0.1807 0.9635 0 0 -27.128 74.726 -85.111
1 47 3 0.0421 0.6739 0 0 -28.444 74.326 -88.653
1 48 9 0.0060 0.0000 0 0 -30.884 77.184 -88.195
1 49 7 0.0120 0.4743 0 0 -32.285 75.835 -84.927
1 50 18 0.0180 -0.718 0 0 -31.784 77.838 -81.759
1 51 5 0.0963 0.7051 0 0 -30.984 75.333 -79.091
1 52 12 0.2349 -0.381 0 0 -29.611 74.956 -75.635
1 53 12 0.5602 0.4782 0 0 -26.642 72.657 -75.211
1 54 3 0.5843 -0.895 0 0 -26.240 71.153 -71.765
1 55 11 0.8253 0.5052 0 0 -22.804 69.542 -71.705
1 56 12 0.8313 -0.338 0 0 -21.662 67.238 -68.935
1 57 3 0.8795 -0.066 0 0 -17.900 66.993 -68.679
1 58 18 0.8373 0.4943 0 0 -17.139 63.721 -66.850
1 59 0 0.6867 -0.960 0 0 -14.171 62.283 -64.993
1 60 9 0.7349 0.0000 0 0 -11.739 60.034 -66.824
1 61 6 0.4156 -0.301 0 0 -9.518 59.334 -63.813
1 62 7 0.2168 -0.584 0 0 -10.736 56.218 -62.005
1 63 7 0.0481 -0.417 0 0 -10.147 57.989 -58.674
1 64 20 0.1867 -0.194 0 0 -12.568 60.789 -59.589
1 65 17 0.3493 0.0203 0 0 -15.153 58.663 -61.391
1 66 0 0.0903 -0.559 0 0 -17.411 58.057 -58.379
1 67 14 0.1325 -0.672 0 0 -21.029 58.532 -59.454
1 68 1 0.4578 0.6270 0 0 -20.238 58.887 -63.152
1 69 3 0.3975 -0.695 0 0 -22.947 56.440 -64.212
1 70 7 0.2409 -0.931 0 0 -25.572 58.526 -62.427
1 71 20 0.4698 -0.310 0 0 -24.512 61.547 -64.478
1 72 14 0.6807 0.4607 0 0 -24.215 59.689 -67.797
1 73 1 0.4216 -0.973 0 0 -27.754 58.315 -67.289
1 74 18 0.4337 -0.059 0 0 -29.356 61.617 -68.259
1 75 9 0.6987 0.0000 0 0 -27.458 62.081 -71.531
1 76 7 0.6385 -0.614 0 0 -29.096 62.135 -74.956
1 77 9 0.8614 0.0000 0 0 -25.830 61.843 -76.891
1 78 15 0.9638 -0.666 0 0 -22.230 60.935 -76.024
1 79 12 0.9939 0.5274 0 0 -18.846 62.085 -77.291
1 80 5 0.9819 -0.793 0 0 -16.513 59.144 -76.767
1 81 22 0.9759 0.5045 0 0 -13.073 60.729 -76.737
1 82 15 0.8855 -0.353 0 0 -9.619 59.180 -77.000
1 83 0 0.7530 -0.382 0 0 -6.281 60.837 -77.830
1 84 11 0.5240 -0.122 0 0 -4.467 59.930 -81.034
1 85 2 0.3012 0.1290 0 0 -1.172 59.752 -79.109
1 86 2 0.3674 0.3791 0 0 -2.592 57.423 -76.430
1 87 18 0.2771 -0.881 0 0 -3.211 53.924 -77.680
1 88 13 0.2951 -0.278 0 0 -4.578 52.735 -74.336
1 89 17 0.6144 0.4670 0 0 -7.239 55.501 -74.419
1 90 15 0.6024 -0.270 0 0 -8.371 54.142 -77.779
1 91 7 0.3795 -0.843 0 0 -8.492 50.560 -76.493
1 92 3 0.5542 -0.153 0 0 -10.524 51.894 -73.535
1 93 11 0.7771 0.6746 0 0 -13.309 53.188 -75.821
1 94 10 0.5180 -0.968 0 0 -14.920 49.740 -75.894
1 95 6 0.4819 -0.902 0 0 -15.528 49.944 -72.134
1 96 20 0.7831 0.3862 0 0 -16.981 53.465 -72.294
1 97 1 0.7289 -0.398 0 0 -19.412 52.384 -75.008
1 98 7 0.4397 -0.732 0 0 -20.398 49.406 -72.853
1 99 6 0.5 0.3306 0 0 -20.954 51.752 -69.909
1 100 11 0.6626 0.9189 0 0 -23.100 54.053 -72.062
1 101 13 0.4096 -0.212 0 0 -25.172 51.089 -73.276
1 102 1 0.2108 -0.080 0 0 -25.602 50.042 -69.659
1 103 22 0.3313 0.8053 0 0 -26.704 53.433 -68.320
1 104 13 0.3192 0.6650 0 0 -29.104 54.061 -71.208
1 105 3 0.0662 -0.498 0 0 -30.308 50.454 -71.429
1 106 17 0.1204 0.3368 0 0 -30.100 50.724 -75.192
1 107 3 0.1385 -0.835 0 0 -27.882 49.347 -77.973
1 108 3 0.2891 -0.397 0 0 -28.737 52.383 -80.088
1 109 22 0.5662 0.3654 0 0 -27.466 55.519 -78.346
1 110 16 0.7409 -0.524 0 0 -26.406 58.664 -80.249
1 111 14 0.8975 -0.229 0 0 -22.620 58.782 -80.179
1 112 22 0.9397 0.0696 0 0 -19.619 60.230 -81.993
1 113 12 0.9337 -0.651 0 0 -16.076 58.798 -81.740
1 114 22 0.9578 0.7150 0 0 -13.547 61.605 -81.260
1 115 9 0.8554 0.0000 0 0 -9.792 61.339 -81.735
1 116 2 0.8493 0.3198 0 0 -8.383 64.375 -79.969
1 117 13 0.5963 0.1010 0 0 -4.955 66.071 -79.869
1 118 5 0.4457 0.3032 0 0 -4.633 65.859 -83.652
1 119 3 0.2228 0.3403 0 0 -2.226 68.809 -83.531
1 120 12 0.1144 0.3459 0 0 0.382 66.460 -81.994
1 121 0 0.0240 -0.911 0 0 2.728 64.262 -84.071
1 122 0 0.0301 0.0183 0 0 3.271 61.313 -81.730
1 123 1 0.0722 0.4301 0 0 0.339 59.565 -83.386
1 124 18 0.0602 0.0020 0 0 -0.100 55.930 -82.417
1 125 22 0.2469 0.8619 0 0 -3.732 55.621 -83.483
1 126 7 0.1084 -0.895 0 0 -4.066 55.907 -87.258
1 127 17 0.2650 -0.063 0 0 -7.194 57.493 -88.723
1 128 1 0.0843 -0.997 0 0 -8.190 54.261 -90.496
1 129 6 0.1445 -0.237 0 0 -8.080 52.261 -87.254
1 130 0 0.4759 0.6361 0 0 -10.462 54.710 -85.599
1 131 6 0.3614 -0.516 0 0 -12.679 54.913 -88.681
1 132 3 0.1686 -0.868 0 0 -13.056 51.123 -88.511
1 133 12 0.4036 0.6064 0 0 -13.992 51.160 -84.817
1 134 0 0.5783 0.4766 0 0 -16.630 53.841 -85.391
1 135 1 0.2831 -0.985 0 0 -17.979 51.928 -88.415
1 136 17 0.1746 0.2332 0 0 -18.477 48.854 -86.223
1 137 20 0.4277 0.5332 0 0 -20.586 50.991 -83.869
1 138 9 0.3433 0.0000 0 0 -22.424 52.694 -86.738
1 139 11 0.6204 0.7507 0 0 -21.206 56.140 -85.725
1 140 16 0.6746 0.2390 0 0 -19.001 58.924 -87.192
1 141 20 0.7650 -0.046 0 0 -15.313 59.366 -86.405
1 142 11 0.8072 0.2559 0 0 -14.004 62.912 -86.155
1 143 7 0.7590 -0.695 0 0 -10.551 64.178 -85.276
1 144 18 0.8012 0.9768 0 0 -10.154 67.281 -83.142
1 145 17 0.6445 -0.966 0 0 -7.634 69.548 -81.509
1 146 0 0.7048 0.4705 0 0 -8.765 71.475 -78.451
1 147 13 0.3855 -0.752 0 0 -5.579 73.482 -78.933
1 148 18 0.2710 -0.096 0 0 -6.118 74.711 -82.505
1 149 1 0.4638 -0.150 0 0 -9.932 74.359 -82.549
1 150 6 0.4518 -0.366 0 0 -9.711 71.987 -85.529
1 151 9 0.6686 0.0000 0 0 -12.877 69.842 -85.596
1 152 22 0.8132 -0.083 0 0 -14.203 71.034 -82.230
1 153 7 0.7168 -0.928 0 0 -17.437 72.604 -83.398
1 154 3 0.7228 -0.549 0 0 -17.761 69.776 -85.967
1 155 0 0.9156 0.7011 0 0 -17.582 67.107 -83.259
1 156 15 0.9216 0.5589 0 0 -20.197 68.628 -80.965
1 157 20 0.7469 -0.510 0 0 -22.540 69.670 -83.787
1 158 18 0.7710 0.0641 0 0 -22.240 66.258 -85.426
1 159 12 0.8734 0.7577 0 0 -23.362 64.747 -82.118
1 160 22 0.6927 -0.359 0 0 -26.443 66.990 -82.182
1 161 1 0.4879 -0.082 0 0 -27.071 65.823 -85.773
1 162 7 0.5903 0.2574 0 0 -26.828 62.215 -84.576
1 163 11 0.5421 0.5305 0 0 -29.295 62.788 -81.746
1 164 1 0.2590 0.0900 0 0 -31.642 64.269 -84.372
1 165 6 0.1506 0.2997 0 0 -31.479 61.045 -86.381
1 166 10 0.1626 0.7819 0 0 -32.607 58.891 -83.496
