1 1 14 0.0 0.4137 0 0 -35.897 76.384 -78.160
1 2 18 0.0361 0.1121 0 0 -34.624 72.818 -78.353
1 3 7 0.1987 0.3741 0 0 -32.384 71.402 -75.619
1 4 20 0.5120 -0.233 0 0 -29.698 68.797 -76.333
1 5 13 0.6626 -0.433 0 0 -27.911 67.115 -73.432
1 6 12 0.9036 0.0861 0 0 -24.428 66.062 -74.516
1 7 22 0.9457 -0.656 0 0 -22.012 64.035 -72.432
1 8 22 0.9879 0.3613 0 0 -18.254 63.911 -73.037
1 9 22 0.9698 -0.292 0 0 -16.536 60.698 -71.929
1 10 9 0.9277 0.0000 0 0 -13.171 59.023 -72.344
1 11 0 0.7951 -0.531 0 0 -9.910 58.224 -70.588
1 12 9 0.6325 0.0000 0 0 -8.147 60.615 -68.253
1 13 9 0.6265 0.0000 0 0 -6.116 63.253 -70.038
1 14 22 0.8192 0.6044 0 0 -7.470 62.850 -73.563
1 15 9 0.8674 0.0000 0 0 -8.769 66.414 -73.663
1 16 13 0.9518 0.1204 0 0 -12.479 66.215 -72.778
1 17 17 0.8433 -0.597 0 0 -12.369 69.424 -70.749
1 18 0 0.7831 -0.302 0 0 -10.160 71.285 -73.207
1 19 12 0.9096 0.6755 0 0 -12.573 70.397 -76.014
1 20 18 0.8855 0.3237 0 0 -15.606 71.498 -74.058
1 21 11 0.6506 -0.429 0 0 -13.987 74.728 -72.882
1 22 6 0.6024 -0.428 0 0 -12.802 75.546 -76.408
1 23 12 0.7048 0.5428 0 0 -16.362 75.090 -77.678
1 24 11 0.5301 0.3359 0 0 -18.029 77.057 -74.909
1 25 6 0.2891 0.0504 0 0 -15.421 79.671 -73.960
1 26 2 0.2590 -0.245 0 0 -13.148 79.935 -77.010
1 27 10 0.2108 -0.092 0 0 -9.802 79.405 -75.328
1 28 15 0.3373 0.1491 0 0 -7.389 76.496 -74.855
1 29 22 0.3313 0.3919 0 0 -6.729 75.104 -71.390
1 30 3 0.1204 -0.607 0 0 -3.004 74.281 -71.313
1 31 7 0.0783 -0.318 0 0 -2.840 72.889 -67.781
1 32 20 0.2228 0.4842 0 0 -4.159 69.520 -66.641
1 33 3 0.1927 -0.621 0 0 -6.657 69.663 -63.772
1 34 16 0.3554 -0.779 0 0 -8.547 66.376 -63.545
1 35 18 0.4939 0.8565 0 0 -12.317 66.759 -63.659
1 36 11 0.3734 -0.994 0 0 -14.873 65.296 -61.321
1 37 7 0.5060 0.2643 0 0 -18.170 66.281 -62.947
1 38 3 0.5361 -0.230 0 0 -18.741 69.698 -64.544
1 39 17 0.5602 -0.462 0 0 -21.653 71.157 -66.531
1 40 20 0.5421 0.3463 0 0 -21.754 73.869 -69.190
1 41 1 0.3795 -0.617 0 0 -24.685 75.513 -70.940
1 42 13 0.3253 0.1697 0 0 -24.709 77.507 -74.167
1 43 6 0.0963 -0.967 0 0 -27.378 78.753 -76.551
1 44 22 0.1626 0.9819 0 0 -26.197 78.249 -80.121
1 45 22 0.0542 -0.974 0 0 -27.758 78.172 -83.573
1 46 11 0.1807 0.9644 0 0 -27.111 74.837 -85.276
1 47 3 0.0421 0.6766 0 0 -28.447 74.425 -88.801
1 48 9 0.0060 0.0000 0 0 -30.864 77.315 -88.342
1 49 7 0.0120 0.4509 0 0 -32.277 75.955 -85.091
1 50 18 0.0180 -0.722 0 0 -31.768 77.799 -81.815
1 51 5 0.1325 0.5905 0 0 -30.335 75.085 -79.541
1 52 12 0.2168 -0.409 0 0 -29.670 75.027 -75.816
1 53 12 0.5542 0.4777 0 0 -26.646 72.771 -75.309
1 54 3 0.5843 -0.888 0 0 -26.189 71.247 -71.870
1 55 11 0.8253 0.4786 0 0 -22.746 69.665 -71.875
1 56 12 0.8313 -0.548 0 0 -21.610 67.287 -69.139
1 57 3 0.8795 -0.074 0 0 -17.834 67.074 -68.847
1 58 18 0.8373 0.5024 0 0 -17.049 63.839 -67.007
1 59 0 0.6867 -0.954 0 0 -14.106 62.325 -65.155
1 60 9 0.7349 0.0000 0 0 -11.677 60.130 -67.036
1 61 6 0.4156 -0.321 0 0 -9.441 59.384 -64.045
1 62 7 0.2349 -0.568 0 0 -10.650 56.215 -62.338
1 63 7 0.0481 -0.090 0 0 -10.042 57.823 -58.942
1 64 20 0.1867 -0.121 0 0 -12.439 60.663 -59.794
1 65 17 0.3433 -0.031 0 0 -15.056 58.508 -61.526
1 66 0 0.0903 -0.803 0 0 -17.439 57.959 -58.605
1 67 14 0.1265 -0.665 0 0 -21.037 58.201 -59.828
1 68 1 0.4638 0.6191 0 0 -20.069 59.002 -63.423
1 69 3 0.4036 -0.929 0 0 -22.672 56.435 -64.447
1 70 7 0.2409 -0.943 0 0 -25.410 58.514 -62.788
1 71 20 0.4879 -0.295 0 0 -24.363 61.546 -64.840
1 72 14 0.6807 0.4363 0 0 -24.039 59.582 -68.086
1 73 1 0.4277 -0.989 0 0 -27.561 58.215 -67.547
1 74 18 0.4397 -0.063 0 0 -29.056 61.635 -68.326
1 75 9 0.6987 0.0000 0 0 -27.324 62.162 -71.676
1 76 7 0.6385 -0.629 0 0 -29.012 62.271 -75.081
1 77 9 0.8614 0.0000 0 0 -25.773 61.891 -77.042
1 78 15 0.9638 -0.657 0 0 -22.153 61.080 -76.220
1 79 12 0.9939 0.4966 0 0 -18.774 62.225 -77.484
1 80 5 0.9819 -0.780 0 0 -16.465 59.267 -76.967
1 81 22 0.9759 0.5124 0 0 -13.022 60.846 -76.892
1 82 15 0.8915 -0.355 0 0 -9.577 59.296 -77.165
1 83 0 0.7530 -0.388 0 0 -6.234 60.962 -77.981
1 84 11 0.5240 -0.169 0 0 -4.435 60.060 -81.205
1 85 2 0.3072 0.1428 0 0 -1.164 59.867 -79.257
1 86 2 0.3674 0.3742 0 0 -2.574 57.515 -76.588
1 87 18 0.2831 -0.877 0 0 -3.188 53.994 -77.859
1 88 13 0.3012 -0.289 0 0 -4.577 52.862 -74.502
1 89 17 0.6204 0.4641 0 0 -7.241 55.605 -74.594
1 90 15 0.6084 -0.285 0 0 -8.391 54.285 -77.976
1 91 7 0.3915 -0.848 0 0 -8.514 50.706 -76.669
1 92 3 0.5662 -0.151 0 0 -10.543 52.038 -73.716
1 93 11 0.7771 0.6983 0 0 -13.322 53.289 -76.023
1 94 10 0.5180 -0.962 0 0 -14.933 49.835 -76.104
1 95 6 0.4759 -0.527 0 0 -15.498 50.042 -72.355
1 96 20 0.7891 0.3902 0 0 -16.977 53.562 -72.504
1 97 1 0.7289 -0.382 0 0 -19.393 52.478 -75.235
1 98 7 0.4337 -0.735 0 0 -20.394 49.496 -73.081
1 99 6 0.5 0.2818 0 0 -20.993 51.804 -70.109
1 100 11 0.6566 0.9221 0 0 -23.110 54.105 -72.267
1 101 13 0.3975 -0.238 0 0 -25.217 51.171 -73.464
1 102 1 0.2048 -0.041 0 0 -25.621 50.048 -69.865
1 103 22 0.3132 0.7706 0 0 -26.764 53.397 -68.473
1 104 13 0.3192 0.6650 0 0 -29.090 54.184 -71.379
1 105 3 0.0602 -0.502 0 0 -30.395 50.612 -71.623
1 106 17 0.1144 0.3906 0 0 -30.057 50.894 -75.367
1 107 3 0.1385 -0.998 0 0 -27.938 49.451 -78.167
1 108 3 0.2951 -0.287 0 0 -28.301 52.478 -80.436
1 109 22 0.5722 0.3639 0 0 -27.423 55.639 -78.519
1 110 16 0.7409 -0.508 0 0 -26.347 58.753 -80.442
1 111 14 0.8975 -0.246 0 0 -22.542 58.908 -80.339
1 112 22 0.9397 0.0742 0 0 -19.553 60.374 -82.165
1 113 12 0.9337 -0.656 0 0 -16.026 58.944 -81.906
1 114 22 0.9578 0.7366 0 0 -13.507 61.776 -81.434
1 115 9 0.8554 0.0000 0 0 -9.754 61.467 -81.948
1 116 2 0.8493 0.3115 0 0 -8.349 64.478 -80.121
1 117 13 0.5963 0.1044 0 0 -4.908 66.155 -80.023
1 118 5 0.4457 0.3045 0 0 -4.595 65.918 -83.804
1 119 3 0.2289 0.3422 0 0 -2.160 68.857 -83.668
1 120 12 0.1084 0.3661 0 0 0.416 66.499 -82.094
1 121 0 0.0240 -0.901 0 0 2.743 64.351 -84.188
1 122 0 0.0301 -0.045 0 0 3.367 61.371 -81.888
1 123 1 0.0722 0.4438 0 0 0.408 59.647 -83.492
1 124 18 0.0662 0.0018 0 0 -0.090 55.989 -82.590
1 125 22 0.2530 0.8623 0 0 -3.730 55.716 -83.675
1 126 7 0.1024 -0.881 0 0 -4.023 56.096 -87.439
1 127 17 0.2710 -0.049 0 0 -7.169 57.631 -88.882
1 128 1 0.0843 -0.996 0 0 -8.145 54.429 -90.688
1 129 6 0.1506 -0.283 0 0 -8.024 52.441 -87.409
1 130 0 0.4698 0.6623 0 0 -10.453 54.804 -85.766
1 131 6 0.3614 -0.509 0 0 -12.657 55.016 -88.850
1 132 3 0.1686 -0.853 0 0 -12.982 51.222 -88.663
1 133 12 0.4096 0.6185 0 0 -13.962 51.274 -84.994
1 134 0 0.5783 0.4624 0 0 -16.569 53.971 -85.620
1 135 1 0.2771 -0.984 0 0 -17.897 52.038 -88.625
1 136 17 0.1746 0.2801 0 0 -18.381 48.962 -86.432
1 137 20 0.4216 0.5222 0 0 -20.521 51.096 -84.101
1 138 9 0.3493 0.0000 0 0 -22.329 52.813 -86.984
1 139 11 0.6144 0.7519 0 0 -21.142 56.270 -85.906
1 140 16 0.6746 0.2402 0 0 -18.969 59.061 -87.345
1 141 20 0.7650 -0.055 0 0 -15.285 59.514 -86.569
1 142 11 0.8072 0.2400 0 0 -13.968 63.058 -86.313
1 143 7 0.7590 -0.696 0 0 -10.504 64.322 -85.419
1 144 18 0.8012 0.9771 0 0 -10.102 67.376 -83.266
1 145 17 0.6445 -0.970 0 0 -7.592 69.645 -81.648
1 146 0 0.7108 0.4698 0 0 -8.715 71.581 -78.590
1 147 13 0.3855 -0.762 0 0 -5.532 73.610 -79.069
1 148 18 0.2650 -0.090 0 0 -6.015 74.812 -82.662
1 149 1 0.4578 -0.155 0 0 -9.826 74.472 -82.691
1 150 6 0.4518 -0.357 0 0 -9.647 72.061 -85.629
1 151 9 0.6686 0.0000 0 0 -12.809 69.943 -85.733
1 152 22 0.8132 -0.069 0 0 -14.131 71.145 -82.372
1 153 7 0.7168 -0.897 0 0 -17.394 72.712 -83.540
1 154 3 0.7228 -0.586 0 0 -17.694 69.878 -86.081
1 155 0 0.9156 0.7000 0 0 -17.561 67.239 -83.366
1 156 15 0.9216 0.5507 0 0 -20.194 68.765 -81.116
1 157 20 0.7469 -0.514 0 0 -22.513 69.845 -83.960
1 158 18 0.7710 0.0544 0 0 -22.188 66.411 -85.573
1 159 12 0.8734 0.7580 0 0 -23.314 64.896 -82.280
1 160 22 0.6927 -0.354 0 0 -26.410 67.127 -82.323
1 161 1 0.4819 -0.078 0 0 -27.066 66.029 -85.924
1 162 7 0.5903 0.2558 0 0 -26.771 62.409 -84.783
1 163 11 0.5481 0.5212 0 0 -29.240 62.950 -81.945
1 164 1 0.2469 0.0986 0 0 -31.632 64.395 -84.569
1 165 6 0.1445 0.3065 0 0 -31.523 61.170 -86.584
1 166 10 0.1566 0.7195 0 0 -32.531 58.969 -83.670
