1 1 14 0.0 0.4282 0 0 -36.377 75.932 -77.565
1 2 18 0.0361 0.2175 0 0 -34.829 72.524 -78.157
1 3 7 0.2289 0.0871 0 0 -32.244 71.452 -75.617
1 4 20 0.5180 -0.256 0 0 -29.605 68.887 -76.590
1 5 13 0.6686 -0.797 0 0 -28.042 67.080 -73.645
1 6 12 0.9036 0.1152 0 0 -24.506 66.117 -74.632
1 7 22 0.9457 -0.649 0 0 -22.108 64.049 -72.571
1 8 22 0.9879 0.3799 0 0 -18.352 63.916 -73.172
1 9 22 0.9698 -0.289 0 0 -16.629 60.691 -72.086
1 10 9 0.9277 0.0000 0 0 -13.216 59.088 -72.523
1 11 0 0.7951 -0.536 0 0 -9.979 58.265 -70.734
1 12 9 0.6325 0.0000 0 0 -8.221 60.644 -68.403
1 13 9 0.6265 0.0000 0 0 -6.208 63.321 -70.147
1 14 22 0.8192 0.6056 0 0 -7.505 62.925 -73.714
1 15 9 0.8674 0.0000 0 0 -8.837 66.480 -73.810
1 16 13 0.9518 0.1160 0 0 -12.553 66.238 -72.952
1 17 17 0.8433 -0.597 0 0 -12.448 69.444 -70.908
1 18 0 0.7891 -0.293 0 0 -10.217 71.299 -73.347
1 19 12 0.9096 0.6670 0 0 -12.632 70.468 -76.176
1 20 18 0.8915 0.3477 0 0 -15.687 71.573 -74.250
1 21 11 0.6566 -0.411 0 0 -14.000 74.742 -73.018
1 22 6 0.6084 -0.432 0 0 -12.809 75.596 -76.536
1 23 12 0.7108 0.5476 0 0 -16.368 75.168 -77.834
1 24 11 0.5240 0.3651 0 0 -18.067 77.123 -75.079
1 25 6 0.3132 0.0628 0 0 -15.464 79.695 -74.018
1 26 2 0.2530 -0.238 0 0 -13.197 80.033 -77.068
1 27 10 0.1987 -0.089 0 0 -9.847 79.453 -75.399
1 28 15 0.3373 0.1555 0 0 -7.438 76.539 -74.965
1 29 22 0.3253 0.3593 0 0 -6.757 75.139 -71.499
1 30 3 0.1265 -0.610 0 0 -3.027 74.313 -71.432
1 31 7 0.0783 -0.325 0 0 -2.844 72.911 -67.899
1 32 20 0.2349 0.4845 0 0 -4.203 69.576 -66.759
1 33 3 0.1927 -0.642 0 0 -6.728 69.675 -63.897
1 34 16 0.3554 -0.769 0 0 -8.639 66.401 -63.678
1 35 18 0.4939 0.8661 0 0 -12.407 66.788 -63.817
1 36 11 0.3734 -0.997 0 0 -14.986 65.390 -61.471
1 37 7 0.5060 0.2343 0 0 -18.236 66.369 -63.182
1 38 3 0.5361 -0.234 0 0 -18.796 69.792 -64.755
1 39 17 0.5722 -0.708 0 0 -21.618 71.182 -66.851
1 40 20 0.5481 0.3571 0 0 -21.774 73.921 -69.462
1 41 1 0.3975 -0.571 0 0 -24.800 75.499 -71.119
1 42 13 0.3072 0.1159 0 0 -24.880 77.704 -74.190
1 43 6 0.1024 -0.965 0 0 -27.487 78.844 -76.686
1 44 22 0.1566 0.9940 0 0 -26.293 78.352 -80.264
1 45 22 0.0542 -0.963 0 0 -27.747 78.234 -83.750
1 46 11 0.1867 0.9685 0 0 -27.112 74.894 -85.466
1 47 3 0.0421 0.6724 0 0 -28.396 74.481 -89.019
1 48 9 0.0060 0.0000 0 0 -30.862 77.322 -88.575
1 49 7 0.0120 0.4572 0 0 -32.258 75.987 -85.309
1 50 18 0.0180 -0.737 0 0 -31.793 78.022 -82.159
1 51 5 0.0963 0.7335 0 0 -31.091 75.560 -79.411
1 52 12 0.2409 -0.283 0 0 -29.504 75.072 -76.045
1 53 12 0.5662 0.4762 0 0 -26.520 72.785 -75.615
1 54 3 0.5843 -0.421 0 0 -26.285 71.302 -72.156
1 55 11 0.8253 0.5039 0 0 -22.892 69.623 -71.967
1 56 12 0.8313 -0.402 0 0 -21.703 67.320 -69.228
1 57 3 0.8795 -0.051 0 0 -17.919 67.073 -69.003
1 58 18 0.8373 0.4840 0 0 -17.130 63.830 -67.162
1 59 0 0.6867 -0.955 0 0 -14.157 62.358 -65.289
1 60 9 0.7289 0.0000 0 0 -11.737 60.110 -67.131
1 61 6 0.4277 -0.285 0 0 -9.629 59.421 -64.038
1 62 7 0.2108 -0.587 0 0 -10.907 56.372 -62.157
1 63 7 0.0481 -0.441 0 0 -10.287 58.110 -58.816
1 64 20 0.1746 -0.254 0 0 -12.693 60.891 -59.760
1 65 17 0.3433 -0.034 0 0 -15.256 58.798 -61.638
1 66 0 0.0903 -0.508 0 0 -17.485 58.075 -58.617
1 67 14 0.1325 -0.712 0 0 -21.086 58.467 -59.801
1 68 1 0.4698 0.6433 0 0 -20.365 59.066 -63.483
1 69 3 0.3855 -0.577 0 0 -23.014 56.517 -64.493
1 70 7 0.2228 -0.927 0 0 -25.748 58.491 -62.749
1 71 20 0.4457 -0.293 0 0 -24.693 61.684 -64.508
1 72 14 0.6506 0.5134 0 0 -24.542 59.895 -67.882
1 73 1 0.4036 -0.953 0 0 -28.109 58.525 -67.613
1 74 18 0.4096 -0.372 0 0 -29.909 61.605 -68.925
1 75 9 0.6927 0.0000 0 0 -27.525 62.183 -71.816
1 76 7 0.6385 -0.640 0 0 -29.094 62.290 -75.278
1 77 9 0.8614 0.0000 0 0 -25.837 61.993 -77.223
1 78 15 0.9638 -0.679 0 0 -22.244 61.089 -76.327
1 79 12 0.9939 0.5255 0 0 -18.878 62.293 -77.624
1 80 5 0.9819 -0.781 0 0 -16.535 59.366 -77.109
1 81 22 0.9759 0.4934 0 0 -13.084 60.918 -77.051
1 82 15 0.8855 -0.366 0 0 -9.639 59.377 -77.343
1 83 0 0.7530 -0.375 0 0 -6.294 61.043 -78.139
1 84 11 0.5120 -0.127 0 0 -4.457 60.140 -81.340
1 85 2 0.3012 0.1412 0 0 -1.169 59.931 -79.405
1 86 2 0.3674 0.3773 0 0 -2.602 57.603 -76.759
1 87 18 0.2831 -0.871 0 0 -3.210 54.074 -77.991
1 88 13 0.2951 -0.289 0 0 -4.586 52.961 -74.629
1 89 17 0.6144 0.4608 0 0 -7.267 55.693 -74.740
1 90 15 0.6024 -0.274 0 0 -8.347 54.336 -78.116
1 91 7 0.3915 -0.862 0 0 -8.478 50.778 -76.802
1 92 3 0.5542 -0.173 0 0 -10.562 52.059 -73.858
1 93 11 0.7710 0.6967 0 0 -13.280 53.407 -76.185
1 94 10 0.5301 -0.839 0 0 -15.102 50.082 -76.459
1 95 6 0.4819 -0.959 0 0 -15.600 50.045 -72.683
1 96 20 0.7831 0.3700 0 0 -16.973 53.589 -72.635
1 97 1 0.7409 -0.383 0 0 -19.445 52.606 -75.334
1 98 7 0.4397 -0.738 0 0 -20.435 49.561 -73.255
1 99 6 0.5 0.3119 0 0 -21.013 51.861 -70.278
1 100 11 0.6626 0.9211 0 0 -23.141 54.146 -72.435
1 101 13 0.4156 -0.212 0 0 -25.264 51.213 -73.588
1 102 1 0.2048 -0.073 0 0 -25.680 50.151 -69.951
1 103 22 0.3313 0.7824 0 0 -26.780 53.552 -68.627
1 104 13 0.3192 0.6592 0 0 -29.150 54.186 -71.543
1 105 3 0.0602 -0.508 0 0 -30.334 50.560 -71.644
1 106 17 0.1084 0.3187 0 0 -30.136 50.685 -75.405
1 107 3 0.1385 -0.843 0 0 -27.967 49.405 -78.247
1 108 3 0.2771 -0.396 0 0 -28.912 52.473 -80.296
1 109 22 0.5602 0.3620 0 0 -27.548 55.672 -78.741
1 110 16 0.7349 -0.497 0 0 -26.439 58.817 -80.609
1 111 14 0.8975 -0.223 0 0 -22.635 58.994 -80.496
1 112 22 0.9397 0.0759 0 0 -19.633 60.415 -82.324
1 113 12 0.9337 -0.657 0 0 -16.078 59.013 -82.056
1 114 22 0.9578 0.7111 0 0 -13.550 61.833 -81.597
1 115 9 0.8554 0.0000 0 0 -9.806 61.542 -82.073
1 116 2 0.8493 0.2996 0 0 -8.384 64.570 -80.295
1 117 13 0.5963 0.1093 0 0 -4.907 66.198 -80.196
1 118 5 0.4518 0.2990 0 0 -4.603 66.045 -83.985
1 119 3 0.2168 0.3495 0 0 -2.151 68.973 -83.815
1 120 12 0.1144 0.3858 0 0 0.399 66.527 -82.351
1 121 0 0.0240 -0.923 0 0 2.748 64.520 -84.566
1 122 0 0.0301 0.0057 0 0 3.278 61.612 -82.129
1 123 1 0.0722 0.4465 0 0 0.402 59.707 -83.693
1 124 18 0.0662 -0.004 0 0 -0.114 56.086 -82.698
1 125 22 0.2469 0.8759 0 0 -3.736 55.791 -83.791
1 126 7 0.1204 -0.885 0 0 -4.075 56.071 -87.561
1 127 17 0.2710 -0.029 0 0 -7.208 57.672 -89.003
1 128 1 0.0843 -0.998 0 0 -8.231 54.448 -90.757
1 129 6 0.1506 -0.271 0 0 -8.091 52.461 -87.474
1 130 0 0.4759 0.6549 0 0 -10.554 54.879 -85.915
1 131 6 0.3614 -0.506 0 0 -12.721 55.055 -89.026
1 132 3 0.1686 -0.848 0 0 -13.111 51.269 -88.844
1 133 12 0.4216 0.5928 0 0 -14.053 51.322 -85.164
1 134 0 0.5783 0.4250 0 0 -16.620 54.081 -85.757
1 135 1 0.2891 -0.986 0 0 -18.015 52.146 -88.728
1 136 17 0.1807 0.2479 0 0 -18.572 49.098 -86.526
1 137 20 0.4337 0.5323 0 0 -20.620 51.296 -84.170
1 138 9 0.3493 0.0000 0 0 -22.526 52.968 -87.010
1 139 11 0.6204 0.7602 0 0 -21.209 56.413 -86.097
1 140 16 0.6807 0.2429 0 0 -18.986 59.145 -87.605
1 141 20 0.7650 -0.055 0 0 -15.313 59.609 -86.721
1 142 11 0.8072 0.2570 0 0 -13.990 63.151 -86.477
1 143 7 0.7590 -0.701 0 0 -10.525 64.368 -85.561
1 144 18 0.8012 0.9781 0 0 -10.089 67.465 -83.439
1 145 17 0.6445 -0.968 0 0 -7.576 69.723 -81.778
1 146 0 0.7048 0.4663 0 0 -8.716 71.653 -78.721
1 147 13 0.3795 -0.735 0 0 -5.481 73.597 -79.135
1 148 18 0.2590 -0.130 0 0 -6.001 74.867 -82.698
1 149 1 0.4638 -0.180 0 0 -9.812 74.588 -82.715
1 150 6 0.4578 -0.362 0 0 -9.622 72.245 -85.705
1 151 9 0.6746 0.0000 0 0 -12.838 70.207 -85.854
1 152 22 0.8132 -0.079 0 0 -14.124 71.291 -82.443
1 153 7 0.7168 -0.901 0 0 -17.407 72.834 -83.576
1 154 3 0.7228 -0.599 0 0 -17.721 70.085 -86.171
1 155 0 0.9156 0.6948 0 0 -17.532 67.348 -83.525
1 156 15 0.9216 0.5485 0 0 -20.200 68.811 -81.262
1 157 20 0.7469 -0.505 0 0 -22.487 69.881 -84.122
1 158 18 0.7771 0.0718 0 0 -22.141 66.439 -85.714
1 159 12 0.8734 0.7564 0 0 -23.304 64.929 -82.433
1 160 22 0.6987 -0.369 0 0 -26.391 67.183 -82.520
1 161 1 0.4879 -0.090 0 0 -27.054 66.000 -86.091
1 162 7 0.5903 0.2730 0 0 -26.768 62.400 -84.883
1 163 11 0.5421 0.5243 0 0 -29.286 63.001 -82.096
1 164 1 0.2650 0.0900 0 0 -31.617 64.448 -84.737
1 165 6 0.1626 0.3159 0 0 -31.462 61.194 -86.696
1 166 10 0.1445 0.7927 0 0 -32.715 59.145 -83.794
