0 1 9 0 0 0 0 0 0 0
1 2 17 0.0722 -0.090 0 0 38.249 19.582 -0.052
1 3 18 0.2111 0.2520 0 0 34.512 20.256 -0.373
1 4 7 0.3777 -0.000 0 0 32.135 18.430 1.966
1 5 20 0.6722 -0.169 0 0 28.694 17.284 0.801
1 6 13 0.7833 -0.850 0 0 25.840 16.433 3.162
1 7 12 0.9222 0.1004 0 0 23.780 13.724 1.461
1 8 22 0.9611 -0.573 0 0 20.618 12.249 2.898
1 9 22 0.9777 -0.123 0 0 19.183 8.938 1.766
1 10 22 0.95 0.1643 0 0 15.399 8.875 2.165
1 11 9 0.9055 0.0000 0 0 12.530 6.574 1.226
1 12 0 0.6944 -0.535 0 0 9.895 4.136 2.486
1 13 3 0.5055 -0.726 0 0 10.473 1.006 4.581
1 14 9 0.4833 0.0000 0 0 12.525 -1.635 2.815
1 15 22 0.7 0.6883 0 0 13.412 0.085 -0.449
1 16 9 0.7333 0.0000 0 0 17.132 -0.559 0.092
1 17 13 0.9 0.0860 0 0 18.429 2.765 1.438
1 18 17 0.7277 -0.606 0 0 20.961 0.997 3.666
1 19 0 0.6388 -0.333 0 0 22.068 -1.563 1.083
1 20 12 0.8388 0.6472 0 0 22.798 1.226 -1.379
1 21 18 0.8444 0.3624 0 0 24.757 3.178 1.203
1 22 11 0.5777 -0.798 0 0 26.736 0.177 2.375
1 23 6 0.5277 -0.400 0 0 27.560 -0.840 -1.196
1 24 12 0.6444 0.6872 0 0 28.942 2.662 -1.666
1 25 11 0.4666 0.3675 0 0 30.947 2.717 1.564
1 26 6 0.2388 -0.047 0 0 31.947 -0.917 2.136
1 27 2 0.2277 -0.178 0 0 31.589 -2.539 -1.294
1 28 10 0.1611 -0.120 0 0 29.388 -5.434 -0.170
1 29 15 0.2222 0.1165 0 0 25.689 -6.286 -0.289
1 30 22 0.1944 0.5252 0 0 23.813 -6.645 2.986
1 31 3 0.0833 -0.857 0 0 21.413 -9.523 2.410
1 32 7 0.0777 -0.709 0 0 19.772 -9.074 5.825
1 33 20 0.1444 0.4076 0 0 16.909 -6.676 6.585
1 34 3 0.1555 -0.247 0 0 18.016 -4.674 9.633
1 35 16 0.2555 -0.878 0 0 15.684 -1.644 9.966
1 36 18 0.3944 0.8665 0 0 17.487 1.670 10.430
1 37 11 0.3166 -0.950 0 0 17.021 4.269 13.144
1 38 7 0.4722 0.0944 0 0 19.643 6.643 11.778
1 39 3 0.5166 -0.350 0 0 23.105 5.846 10.466
1 40 17 0.5833 -0.646 0 0 25.787 8.196 9.192
1 41 20 0.5555 0.1723 0 0 28.881 7.520 7.087
1 42 1 0.4555 -0.217 0 0 31.710 9.413 5.431
1 43 13 0.4333 0.1268 0 0 33.495 8.399 2.279
1 44 6 0.2611 -0.899 0 0 36.221 10.302 0.515
1 45 22 0.3222 0.9595 0 0 35.776 9.979 -3.237
1 46 22 0.2055 -0.984 0 0 37.001 11.727 -6.346
1 47 11 0.3333 0.9808 0 0 34.231 13.061 -8.531
1 48 3 0.1666 0.6243 0 0 35.132 14.872 -11.731
1 49 9 0.0666 0.0000 0 0 38.668 15.362 -10.433
1 50 7 0.1166 0.5326 0 0 37.461 16.987 -7.224
1 51 18 0.1277 -0.733 0 0 38.085 15.284 -3.907
1 52 5 0.3555 0.6080 0 0 34.766 15.150 -2.066
1 53 12 0.3666 -0.319 0 0 34.033 14.412 1.555
1 54 12 0.6611 0.4638 0 0 30.653 12.697 1.394
1 55 3 0.6666 -0.447 0 0 28.766 12.926 4.666
1 56 11 0.8722 0.3750 0 0 25.922 10.463 4.200
1 57 12 0.8777 -0.416 0 0 22.821 10.149 6.351
1 58 3 0.8888 -0.271 0 0 20.944 6.855 6.067
1 59 18 0.8111 0.6643 0 0 17.424 7.439 7.384
1 60 0 0.6277 -0.857 0 0 14.657 5.264 8.822
1 61 9 0.6222 0.0000 0 0 11.898 3.924 6.588
1 62 6 0.3833 -0.805 0 0 9.282 5.189 9.017
1 63 7 0.3388 0.4850 0 0 10.001 8.043 11.401
1 64 7 0.1055 -0.310 0 0 8.212 7.827 14.730
1 65 20 0.0944 -0.828 0 0 8.843 11.527 15.358
1 66 17 0.1999 -0.393 0 0 8.337 13.980 12.499
1 67 0 0.1500 -0.912 0 0 10.788 16.275 14.296
1 68 14 0.2944 0.0829 0 0 13.425 13.656 13.524
1 69 1 0.5333 0.0125 0 0 12.463 13.962 9.854
1 70 3 0.4 -0.776 0 0 12.446 17.783 9.902
1 71 6 0.3888 -0.504 0 0 15.987 17.863 11.254
1 72 20 0.6833 0.5158 0 0 17.632 15.779 8.552
1 73 14 0.7388 0.1693 0 0 15.708 17.682 5.905
1 74 1 0.5222 -0.805 0 0 17.134 20.908 7.310
1 75 18 0.5944 -0.095 0 0 20.733 19.646 7.512
1 76 9 0.8555 0.0000 0 0 20.767 17.778 4.194
1 77 7 0.8166 -0.629 0 0 22.304 19.574 1.221
1 78 9 0.9333 0.0000 0 0 21.106 16.906 -1.192
1 79 15 0.9888 -0.831 0 0 18.581 14.084 -1.135
1 80 12 0.9944 0.7610 0 0 18.686 10.591 -2.579
1 81 5 0.9833 -0.262 0 0 15.001 9.816 -2.977
1 82 22 0.9555 0.1184 0 0 14.852 6.046 -3.101
1 83 15 0.8666 -0.220 0 0 11.898 3.844 -4.057
1 84 0 0.6555 -0.513 0 0 11.878 0.148 -4.952
1 85 11 0.4499 -0.125 0 0 10.635 -0.808 -8.411
1 86 2 0.2333 -0.035 0 0 8.377 -3.510 -6.906
1 87 2 0.3277 0.3547 0 0 6.930 -1.154 -4.325
1 88 18 0.2666 -0.893 0 0 4.290 1.162 -5.782
1 89 13 0.3111 -0.150 0 0 3.609 2.880 -2.461
1 90 17 0.6055 0.2932 0 0 7.314 3.669 -2.051
1 91 15 0.6333 -0.210 0 0 7.238 5.390 -5.448
1 92 7 0.4444 -0.933 0 0 4.127 7.306 -4.404
1 93 3 0.6166 -0.255 0 0 5.866 8.329 -1.170
1 94 11 0.8055 0.6604 0 0 8.408 10.315 -3.204
1 95 10 0.6111 -0.936 0 0 5.890 13.121 -3.786
1 96 10 0.5722 -0.746 0 0 5.399 13.362 -0.040
1 97 20 0.7944 0.3836 0 0 9.130 13.407 0.735
1 98 1 0.7777 0.0578 0 0 9.676 16.150 -1.830
1 99 7 0.5111 -0.670 0 0 6.844 18.287 -0.440
1 100 6 0.5666 -0.073 0 0 8.152 17.843 3.105
1 101 11 0.7166 0.9950 0 0 11.702 18.752 2.040
1 102 13 0.5444 -0.035 0 0 10.599 21.826 0.094
1 103 1 0.3000 -0.212 0 0 8.459 23.033 3.018
1 104 22 0.3611 0.5274 0 0 11.221 22.494 5.566
1 105 13 0.4111 0.8337 0 0 13.816 24.192 3.347
1 106 3 0.1888 -0.982 0 0 11.261 26.867 2.501
1 107 17 0.2777 0.4262 0 0 12.532 26.604 -1.072
1 108 7 0.3444 -0.462 0 0 11.460 25.320 -4.485
1 109 3 0.4944 -0.681 0 0 15.051 24.384 -5.392
1 110 22 0.7555 0.2055 0 0 16.509 21.424 -3.518
1 111 16 0.8944 -0.533 0 0 19.177 19.076 -4.940
1 112 14 0.9666 -0.212 0 0 17.642 15.608 -5.308
1 113 22 0.9722 -0.014 0 0 18.051 12.477 -7.348
1 114 12 0.9444 -0.802 0 0 15.239 9.989 -7.892
1 115 22 0.9388 0.5674 0 0 16.470 6.424 -7.363
1 116 9 0.8277 0.0000 0 0 14.578 3.339 -8.505
1 117 2 0.7611 0.1287 0 0 16.311 0.577 -6.557
1 118 13 0.4888 0.0341 0 0 16.165 -3.241 -6.799
1 119 5 0.3722 -0.225 0 0 16.187 -3.222 -10.602
1 120 3 0.1722 0.3028 0 0 17.522 -6.787 -10.465
1 121 12 0.0999 0.3710 0 0 13.996 -8.047 -9.660
1 122 16 0.0500 -0.417 0 0 11.360 -9.357 -12.138
1 123 17 0.0611 0.0544 0 0 8.577 -8.126 -9.810
1 124 1 0.1111 0.5118 0 0 8.462 -4.602 -11.340
1 125 18 0.0888 -0.067 0 0 5.215 -2.722 -10.609
1 126 22 0.2444 0.8821 0 0 6.612 0.781 -11.176
1 127 3 0.1777 -0.571 0 0 7.588 1.246 -14.816
1 128 18 0.2888 -0.022 0 0 10.648 3.243 -15.860
1 129 13 0.1833 -0.799 0 0 8.551 5.733 -17.829
1 130 6 0.25 -0.200 0 0 6.471 6.879 -14.880
1 131 0 0.55 0.3984 0 0 9.691 7.231 -12.873
1 132 6 0.4388 -0.461 0 0 11.272 9.211 -15.712
1 133 3 0.2833 -0.893 0 0 8.126 11.306 -16.089
1 134 12 0.5 0.5105 0 0 8.160 12.158 -12.398
1 135 0 0.6777 0.3879 0 0 11.850 13.069 -12.384
1 136 1 0.4166 -0.732 0 0 11.386 15.218 -15.498
1 137 17 0.35 -0.171 0 0 8.496 16.967 -13.747
1 138 20 0.6 0.4558 0 0 10.711 17.732 -10.725
1 139 9 0.5388 0.0000 0 0 13.612 18.652 -12.981
1 140 11 0.7722 0.7303 0 0 15.927 16.142 -11.287
1 141 16 0.8222 0.3130 0 0 17.912 13.115 -12.504
1 142 15 0.8333 -0.311 0 0 16.528 9.591 -12.378
1 143 11 0.85 0.3655 0 0 18.873 6.665 -11.834
1 144 7 0.7111 -0.799 0 0 18.034 2.955 -11.688
1 145 18 0.7222 0.9590 0 0 20.081 0.918 -9.247
1 146 17 0.5611 -0.991 0 0 20.561 -2.486 -7.754
1 147 0 0.5888 0.4218 0 0 22.223 -2.666 -4.346
1 148 13 0.2722 -0.795 0 0 22.395 -6.416 -4.896
1 149 18 0.2166 -0.115 0 0 24.561 -6.174 -8.030
1 150 1 0.4055 0.1060 0 0 25.875 -2.648 -7.382
1 151 6 0.4277 -0.287 0 0 24.526 -1.459 -10.749
1 152 9 0.65 0.0000 0 0 24.186 2.325 -10.713
1 153 22 0.7666 -0.214 0 0 25.178 2.808 -7.070
1 154 3 0.7055 -0.901 0 0 28.203 5.100 -7.573
1 155 3 0.7444 -0.470 0 0 26.316 6.922 -10.318
1 156 0 0.9111 0.4315 0 0 23.382 7.676 -8.014
1 157 15 0.9166 0.3023 0 0 25.590 9.242 -5.352
1 158 20 0.8 -0.682 0 0 27.934 10.977 -7.788
1 159 18 0.8833 0.0062 0 0 25.006 12.460 -9.659
1 160 12 0.9277 0.8352 0 0 23.602 13.855 -6.410
1 161 22 0.8611 -0.504 0 0 26.954 15.545 -5.735
1 162 1 0.6888 -0.207 0 0 26.847 17.067 -9.214
1 163 7 0.7888 0.2527 0 0 23.304 18.280 -8.513
1 164 11 0.75 0.5127 0 0 24.467 19.995 -5.311
1 165 1 0.4777 -0.041 0 0 27.271 21.733 -7.233
1 166 13 0.4222 0.3072 0 0 24.822 23.018 -9.842
1 167 10 0.4611 0.3116 0 0 22.592 24.331 -7.063
1 168 13 0.3055 0.3339 0 0 25.481 26.104 -5.321
1 169 7 0.1388 -0.304 0 0 26.354 27.791 -8.603
1 170 13 0.1333 0.2383 0 0 22.745 28.768 -9.265
1 171 14 0.1222 0.7155 0 0 22.436 30.093 -5.700
1 172 17 0.0555 0.1561 0 0 25.490 32.303 -6.104
1 173 13 0.0333 0.0818 0 0 24.124 33.672 -9.364
1 174 3 0.0444 -0.424 0 0 20.678 33.584 -7.743
1 175 9 0.0388 0.0000 0 0 17.570 33.965 -9.891
1 176 13 0.0277 -0.268 0 0 16.827 37.446 -8.614
1 177 13 0.0111 0.6721 0 0 17.734 39.580 -5.593
1 178 13 0.0055 -0.993 0 0 21.171 39.375 -7.230
1 179 13 0.0166 -0.937 0 0 23.621 37.984 -8.117
1 180 13 0.0222 0.8271 0 0 26.856 36.510 -9.530
1 181 13 0.0 0.4505 0 0 27.815 36.704 -13.214
0 182 17 0 0 0 0 27.815 36.704 -13.214
0 183 13 0 0 0 0 27.815 36.704 -13.214
0 184 18 0 0 0 0 27.815 36.704 -13.214
0 185 13 0 0 0 0 27.815 36.704 -13.214
0 186 5 0 0 0 0 27.815 36.704 -13.214
0 187 22 0 0 0 0 27.815 36.704 -13.214
0 188 11 0 0 0 0 27.815 36.704 -13.214
0 189 14 0 0 0 0 27.815 36.704 -13.214
