0 1 9 0 0 0 0 0 0 0
1 2 17 0.0777 -0.717 0 0 38.285 18.788 2.804
1 3 18 0.1888 0.1471 0 0 34.705 19.957 2.209
1 4 7 0.3888 -0.034 0 0 32.152 18.301 4.445
1 5 20 0.6777 -0.155 0 0 28.711 17.294 3.228
1 6 13 0.7666 -0.853 0 0 25.949 16.318 5.652
1 7 12 0.9222 0.1305 0 0 23.765 13.665 3.962
1 8 22 0.95 -0.580 0 0 20.558 12.182 5.327
1 9 22 0.9777 -0.082 0 0 19.109 8.898 4.012
1 10 22 0.9555 0.1375 0 0 15.321 8.932 4.428
1 11 9 0.9055 0.0000 0 0 12.466 6.603 3.412
1 12 0 0.6944 -0.520 0 0 10.037 3.974 4.709
1 13 3 0.5555 -0.883 0 0 11.083 1.027 6.865
1 14 9 0.4944 0.0000 0 0 12.504 -1.890 4.890
1 15 22 0.7 0.6862 0 0 13.405 -0.018 1.676
1 16 9 0.7444 0.0000 0 0 17.173 -0.595 2.113
1 17 13 0.9 0.1693 0 0 18.493 2.687 3.614
1 18 17 0.7333 -0.566 0 0 20.868 0.805 5.930
1 19 0 0.6333 -0.312 0 0 21.864 -1.727 3.251
1 20 12 0.8444 0.6588 0 0 22.763 1.106 0.853
1 21 18 0.8388 0.4106 0 0 24.698 2.987 3.488
1 22 11 0.5777 -0.514 0 0 26.597 -0.110 4.715
1 23 6 0.5222 -0.395 0 0 27.535 -0.991 1.112
1 24 12 0.6444 0.6770 0 0 28.909 2.496 0.708
1 25 11 0.4666 0.3663 0 0 30.877 2.437 3.986
1 26 6 0.2333 -0.026 0 0 31.690 -1.261 4.508
1 27 2 0.2166 -0.030 0 0 31.381 -2.876 1.049
1 28 10 0.1555 -0.172 0 0 29.138 -5.777 1.988
1 29 15 0.2055 0.1688 0 0 25.458 -6.561 2.049
1 30 22 0.1833 0.5775 0 0 23.363 -7.183 5.163
1 31 3 0.0833 -0.700 0 0 20.728 -9.807 4.230
1 32 7 0.0722 -0.765 0 0 19.724 -9.429 7.855
1 33 20 0.1222 0.5500 0 0 17.019 -7.295 9.221
1 34 3 0.1500 -0.329 0 0 18.214 -4.792 11.745
1 35 16 0.25 -0.848 0 0 15.808 -1.888 12.200
1 36 18 0.4 0.8835 0 0 17.561 1.412 12.718
1 37 11 0.3166 -0.913 0 0 17.062 4.034 15.383
1 38 7 0.4722 0.2476 0 0 19.765 6.361 14.064
1 39 3 0.5 -0.413 0 0 23.217 5.382 12.897
1 40 17 0.5888 -0.561 0 0 25.695 7.741 11.312
1 41 20 0.5333 0.1477 0 0 28.835 7.106 9.291
1 42 1 0.4388 -0.261 0 0 31.798 8.994 7.965
1 43 13 0.4222 0.2047 0 0 33.605 8.346 4.716
1 44 6 0.2611 -0.928 0 0 36.331 10.229 2.918
1 45 22 0.3277 0.9695 0 0 35.733 10.175 -0.839
1 46 22 0.1944 -0.994 0 0 37.092 11.895 -3.932
1 47 11 0.3388 0.9845 0 0 34.301 13.156 -6.146
1 48 3 0.1666 0.6263 0 0 35.093 15.046 -9.351
1 49 9 0.0666 0.0000 0 0 38.644 15.470 -8.066
1 50 7 0.0999 0.5533 0 0 37.659 17.190 -4.812
1 51 18 0.1388 -0.661 0 0 38.099 15.371 -1.517
1 52 5 0.35 0.6123 0 0 34.810 15.139 0.347
1 53 12 0.3833 -0.390 0 0 34.121 14.279 3.958
1 54 12 0.6555 0.4860 0 0 30.696 12.609 3.945
1 55 3 0.6666 -0.619 0 0 28.801 12.626 7.229
1 56 11 0.8722 0.3850 0 0 25.838 10.363 6.651
1 57 12 0.8666 -0.446 0 0 22.766 9.826 8.778
1 58 3 0.8833 -0.281 0 0 20.867 6.562 8.287
1 59 18 0.8 0.6595 0 0 17.411 7.273 9.698
1 60 0 0.6222 -0.904 0 0 14.509 5.193 11.027
1 61 9 0.65 0.0000 0 0 11.840 4.359 8.481
1 62 6 0.3555 -0.553 0 0 9.512 3.119 11.236
1 63 7 0.3000 0.0654 0 0 7.457 6.348 11.818
1 64 7 0.1166 -0.386 0 0 5.804 7.797 14.909
1 65 20 0.2444 0.3587 0 0 8.255 10.619 14.020
1 66 17 0.2222 -0.776 0 0 7.441 14.194 13.239
1 67 0 0.1444 -0.577 0 0 9.301 14.367 16.516
1 68 14 0.2944 0.0983 0 0 12.666 12.941 15.491
1 69 1 0.5611 0.2707 0 0 12.672 14.049 11.880
1 70 3 0.3944 -0.727 0 0 12.974 17.757 12.598
1 71 6 0.3666 -0.485 0 0 16.511 18.122 14.032
1 72 20 0.6388 0.4890 0 0 18.186 15.902 11.447
1 73 14 0.7166 0.2504 0 0 16.179 17.622 8.732
1 74 1 0.4777 -0.827 0 0 17.467 21.138 9.994
1 75 18 0.5833 -0.280 0 0 21.053 19.517 10.031
1 76 9 0.8277 0.0000 0 0 21.076 17.677 6.711
1 77 7 0.8055 -0.601 0 0 22.340 19.477 3.604
1 78 9 0.9277 0.0000 0 0 20.961 16.859 1.186
1 79 15 0.9888 -0.874 0 0 18.571 13.951 1.349
1 80 12 0.9944 0.9741 0 0 18.707 10.530 -0.251
1 81 5 0.9833 -0.258 0 0 15.016 9.766 -0.687
1 82 22 0.9611 0.1163 0 0 14.881 5.979 -0.941
1 83 15 0.8777 -0.200 0 0 11.907 3.773 -1.909
1 84 0 0.6611 -0.488 0 0 11.908 0.083 -2.831
1 85 11 0.4555 -0.129 0 0 10.694 -0.819 -6.289
1 86 2 0.2277 -0.048 0 0 8.385 -3.566 -4.863
1 87 2 0.3333 0.3695 0 0 6.895 -1.253 -2.238
1 88 18 0.2666 -0.883 0 0 4.221 1.129 -3.553
1 89 13 0.3111 -0.147 0 0 3.588 2.859 -0.250
1 90 17 0.6055 0.2757 0 0 7.342 3.561 0.124
1 91 15 0.6277 -0.218 0 0 7.273 5.371 -3.254
1 92 7 0.4499 -0.929 0 0 4.160 7.280 -2.275
1 93 3 0.6111 -0.207 0 0 5.883 8.216 1.009
1 94 11 0.8111 0.6830 0 0 8.461 10.269 -0.893
1 95 10 0.6166 -0.950 0 0 5.967 13.072 -1.465
1 96 10 0.5722 -0.714 0 0 5.348 13.295 2.279
1 97 20 0.7888 0.3517 0 0 9.099 13.216 3.180
1 98 1 0.7944 -0.236 0 0 9.758 15.923 0.605
1 99 7 0.5166 -0.695 0 0 6.954 18.109 1.953
1 100 6 0.55 0.0822 0 0 8.218 17.679 5.493
1 101 11 0.7277 0.9995 0 0 11.838 18.493 4.588
1 102 13 0.5388 -0.001 0 0 10.747 21.634 2.682
1 103 1 0.3055 -0.169 0 0 8.597 22.724 5.621
1 104 22 0.3777 0.4051 0 0 11.163 21.904 8.372
1 105 13 0.4277 0.8439 0 0 14.058 23.505 6.462
1 106 3 0.2111 -0.998 0 0 11.662 26.270 5.330
1 107 17 0.3222 0.3751 0 0 12.896 26.150 1.725
1 108 7 0.3611 -0.450 0 0 11.690 25.220 -1.724
1 109 3 0.5055 -0.350 0 0 15.327 24.507 -2.690
1 110 22 0.7555 0.2164 0 0 16.609 21.384 -0.929
1 111 16 0.8944 -0.528 0 0 19.223 19.094 -2.527
1 112 14 0.9666 -0.303 0 0 17.698 15.650 -2.934
1 113 22 0.9722 -0.011 0 0 18.135 12.496 -5.009
1 114 12 0.9444 -0.821 0 0 15.357 9.936 -5.612
1 115 22 0.9388 0.5815 0 0 16.609 6.391 -5.158
1 116 9 0.8333 0.0000 0 0 14.677 3.317 -6.336
1 117 2 0.7611 0.1437 0 0 16.295 0.437 -4.492
1 118 13 0.4888 0.0384 0 0 16.014 -3.382 -4.826
1 119 5 0.3722 0.5995 0 0 16.210 -3.379 -8.652
1 120 3 0.1611 0.3121 0 0 17.539 -6.932 -8.415
1 121 12 0.0944 0.3902 0 0 14.018 -8.179 -7.473
1 122 16 0.0555 -0.401 0 0 11.222 -9.482 -9.876
1 123 17 0.0444 -0.894 0 0 7.754 -7.927 -10.633
1 124 1 0.1055 0.5869 0 0 8.395 -4.408 -9.413
1 125 18 0.0888 -0.074 0 0 5.213 -2.620 -8.489
1 126 22 0.2388 0.8657 0 0 6.661 0.850 -9.057
1 127 3 0.1722 -0.919 0 0 7.495 1.452 -12.713
1 128 18 0.2777 -0.035 0 0 10.696 3.186 -13.717
1 129 13 0.1777 -0.614 0 0 8.651 5.725 -15.701
1 130 6 0.2555 -0.230 0 0 6.682 6.816 -12.666
1 131 0 0.5666 0.4671 0 0 9.813 7.379 -10.617
1 132 6 0.4444 -0.512 0 0 11.484 9.228 -13.498
1 133 3 0.2833 -0.893 0 0 8.369 11.371 -13.953
1 134 12 0.5111 0.5206 0 0 8.279 12.186 -10.179
1 135 0 0.6833 0.4081 0 0 11.990 13.173 -10.195
1 136 1 0.4055 -0.884 0 0 11.496 15.324 -13.314
1 137 17 0.3444 -0.148 0 0 8.637 17.120 -11.567
1 138 20 0.6 0.4319 0 0 10.889 17.717 -8.534
1 139 9 0.5277 0.0000 0 0 13.802 18.736 -10.788
1 140 11 0.7777 0.7203 0 0 16.081 16.153 -9.069
1 141 16 0.8222 0.3350 0 0 18.109 13.117 -10.241
1 142 15 0.85 -0.346 0 0 16.669 9.600 -10.083
1 143 11 0.8611 0.3420 0 0 18.996 6.648 -9.596
1 144 7 0.7111 -0.723 0 0 18.089 2.965 -9.492
1 145 18 0.7222 0.9465 0 0 20.080 0.856 -7.091
1 146 17 0.5444 -0.991 0 0 20.545 -2.618 -5.631
1 147 0 0.5944 0.4274 0 0 22.205 -2.673 -2.248
1 148 13 0.2722 -0.778 0 0 22.390 -6.461 -2.747
1 149 18 0.1999 -0.084 0 0 24.707 -6.214 -5.773
1 150 1 0.4166 0.1071 0 0 26.047 -2.725 -5.002
1 151 6 0.4333 -0.380 0 0 24.722 -1.467 -8.362
1 152 9 0.6722 0.0000 0 0 24.289 2.304 -8.311
1 153 22 0.7722 -0.277 0 0 25.316 2.755 -4.665
1 154 3 0.7055 -0.888 0 0 28.309 5.066 -5.156
1 155 3 0.75 -0.269 0 0 26.464 6.954 -7.923
1 156 0 0.9111 0.4276 0 0 23.485 7.594 -5.640
1 157 15 0.9166 0.3247 0 0 25.635 9.156 -2.909
1 158 20 0.8166 -0.706 0 0 28.037 10.959 -5.242
1 159 18 0.8888 -0.009 0 0 25.129 12.408 -7.231
1 160 12 0.9333 0.8483 0 0 23.686 13.824 -3.937
1 161 22 0.8555 -0.502 0 0 27.041 15.560 -3.215
1 162 1 0.6888 -0.208 0 0 26.935 17.043 -6.744
1 163 7 0.7833 0.2669 0 0 23.396 18.336 -6.085
1 164 11 0.7388 0.5073 0 0 24.593 19.999 -2.871
1 165 1 0.4833 -0.040 0 0 27.500 21.645 -4.706
1 166 13 0.4111 0.3172 0 0 25.169 22.916 -7.404
1 167 10 0.4611 0.3373 0 0 22.797 24.279 -4.763
1 168 13 0.2888 0.3272 0 0 25.702 26.008 -2.958
1 169 7 0.1277 -0.414 0 0 26.757 27.712 -6.159
1 170 13 0.1333 0.2163 0 0 23.142 28.612 -7.055
1 171 14 0.1111 0.6521 0 0 22.505 30.079 -3.571
1 172 17 0.0611 0.2079 0 0 25.545 32.371 -3.994
1 173 13 0.0388 0.0350 0 0 24.074 33.717 -7.261
1 174 3 0.0500 -0.709 0 0 20.532 33.134 -5.847
1 175 9 0.0333 0.0000 0 0 17.763 34.176 -8.253
1 176 13 0.0277 -0.538 0 0 17.977 37.866 -7.266
1 177 13 0.0 0.7043 0 0 18.463 40.203 -4.248
1 178 13 0.0055 0.6977 0 0 22.237 39.667 -4.196
1 179 13 0.0111 -0.840 0 0 23.661 37.913 -7.276
1 180 13 0.0166 0.8717 0 0 27.356 36.873 -7.314
1 181 13 0.0222 0.8068 0 0 29.162 35.033 -10.124
0 182 17 0 0 0 0 29.162 35.033 -10.124
0 183 13 0 0 0 0 29.162 35.033 -10.124
0 184 18 0 0 0 0 29.162 35.033 -10.124
0 185 13 0 0 0 0 29.162 35.033 -10.124
0 186 5 0 0 0 0 29.162 35.033 -10.124
0 187 22 0 0 0 0 29.162 35.033 -10.124
0 188 11 0 0 0 0 29.162 35.033 -10.124
0 189 14 0 0 0 0 29.162 35.033 -10.124
