0 1 9 0 0 0 0 0 0 0
1 2 17 0.0722 -0.704 0 0 38.659 19.544 1.423
1 3 18 0.2111 0.2052 0 0 34.925 20.234 1.245
1 4 7 0.3722 -0.091 0 0 32.459 18.699 3.682
1 5 20 0.6666 -0.127 0 0 28.989 17.527 2.608
1 6 13 0.7833 -0.811 0 0 26.147 16.598 4.949
1 7 12 0.9277 0.0725 0 0 24.076 13.795 3.409
1 8 22 0.9611 -0.549 0 0 20.892 12.476 5.018
1 9 22 0.9777 -0.088 0 0 19.406 9.121 3.962
1 10 22 0.9555 0.1607 0 0 15.614 9.065 4.418
1 11 9 0.9055 0.0000 0 0 12.708 6.729 3.608
1 12 0 0.6944 -0.530 0 0 10.139 4.276 4.993
1 13 3 0.5055 -0.737 0 0 10.799 1.133 7.044
1 14 9 0.4833 0.0000 0 0 12.780 -1.539 5.287
1 15 22 0.7 0.6734 0 0 13.580 0.166 1.988
1 16 9 0.7333 0.0000 0 0 17.321 -0.466 2.472
1 17 13 0.9 0.1235 0 0 18.648 2.826 3.802
1 18 17 0.7277 -0.629 0 0 21.271 1.080 5.938
1 19 0 0.6388 -0.334 0 0 22.277 -1.499 3.339
1 20 12 0.8388 0.6733 0 0 22.978 1.249 0.789
1 21 18 0.8555 0.3247 0 0 24.984 3.311 3.229
1 22 11 0.5833 -0.810 0 0 26.983 0.301 4.428
1 23 6 0.5333 -0.415 0 0 27.684 -0.787 0.845
1 24 12 0.6444 0.6909 0 0 29.132 2.668 0.234
1 25 11 0.4722 0.4152 0 0 31.191 2.718 3.436
1 26 6 0.2444 -0.087 0 0 32.162 -0.913 4.093
1 27 2 0.2277 -0.217 0 0 31.779 -2.506 0.641
1 28 10 0.1666 -0.159 0 0 29.612 -5.368 1.873
1 29 15 0.2222 0.0881 0 0 25.923 -6.237 1.795
1 30 22 0.1999 0.5066 0 0 24.080 -6.510 5.106
1 31 3 0.0833 -0.869 0 0 21.620 -9.386 4.808
1 32 7 0.0777 -0.772 0 0 20.239 -8.900 8.323
1 33 20 0.1500 0.3943 0 0 17.322 -6.544 8.988
1 34 3 0.1555 -0.246 0 0 18.353 -4.476 12.013
1 35 16 0.25 -0.905 0 0 15.974 -1.498 12.505
1 36 18 0.4 0.8757 0 0 17.792 1.831 12.726
1 37 11 0.3166 -0.964 0 0 17.512 4.377 15.486
1 38 7 0.4666 0.0710 0 0 20.190 6.627 14.025
1 39 3 0.5111 -0.357 0 0 23.681 6.026 12.631
1 40 17 0.55 -0.455 0 0 26.453 8.463 11.660
1 41 20 0.5722 0.1660 0 0 29.044 7.688 9.021
1 42 1 0.4388 -0.433 0 0 32.085 9.323 7.504
1 43 13 0.4444 0.1820 0 0 33.470 8.626 4.050
1 44 6 0.2722 -0.928 0 0 36.238 10.413 2.197
1 45 22 0.3277 0.9100 0 0 35.946 10.087 -1.564
1 46 22 0.2055 -0.998 0 0 37.190 11.946 -4.604
1 47 11 0.3222 0.9887 0 0 34.495 13.236 -6.928
1 48 3 0.1611 0.6523 0 0 35.330 15.114 -10.122
1 49 9 0.0666 0.0000 0 0 38.822 15.806 -8.796
1 50 7 0.1166 0.5326 0 0 37.635 17.099 -5.430
1 51 18 0.1277 -0.749 0 0 38.298 15.411 -2.100
1 52 5 0.3555 0.5681 0 0 34.932 15.187 -0.383
1 53 12 0.3666 -0.960 0 0 34.368 14.557 3.288
1 54 12 0.6555 0.4931 0 0 30.905 12.966 3.401
1 55 3 0.6722 -0.823 0 0 28.970 13.229 6.665
1 56 11 0.8833 0.3590 0 0 26.210 10.680 6.177
1 57 12 0.8666 -0.402 0 0 23.248 10.396 8.528
1 58 3 0.8888 -0.203 0 0 21.299 7.140 8.324
1 59 18 0.7888 0.6770 0 0 17.826 7.654 9.767
1 60 0 0.6166 -0.883 0 0 15.008 5.513 11.173
1 61 9 0.6222 0.0000 0 0 12.179 4.256 8.966
1 62 6 0.3944 -0.765 0 0 9.816 5.708 11.532
1 63 7 0.3333 0.4536 0 0 10.572 8.416 14.074
1 64 7 0.0999 -0.251 0 0 8.650 8.386 17.359
1 65 20 0.0888 -0.821 0 0 9.286 12.098 17.887
1 66 17 0.1722 -0.419 0 0 8.671 14.643 15.132
1 67 0 0.1444 -0.897 0 0 11.380 16.896 16.590
1 68 14 0.2777 0.0234 0 0 14.004 14.274 15.790
1 69 1 0.5222 -0.289 0 0 12.935 14.258 12.124
1 70 3 0.4111 -0.703 0 0 12.924 18.053 12.021
1 71 6 0.3833 -0.470 0 0 16.486 18.136 13.345
1 72 20 0.6888 0.5144 0 0 18.070 16.220 10.470
1 73 14 0.7388 0.1493 0 0 15.869 17.977 7.912
1 74 1 0.5166 -0.784 0 0 17.337 21.300 9.107
1 75 18 0.6 -0.227 0 0 20.973 20.205 9.126
1 76 9 0.8611 0.0000 0 0 21.147 18.032 6.013
1 77 7 0.8166 -0.664 0 0 22.548 19.769 2.944
1 78 9 0.9333 0.0000 0 0 21.417 16.962 0.655
1 79 15 0.9888 -0.842 0 0 18.851 14.194 0.983
1 80 12 0.9944 0.7384 0 0 18.870 10.697 -0.484
1 81 5 0.9833 -0.244 0 0 15.186 9.834 -0.788
1 82 22 0.95 0.1323 0 0 14.926 6.054 -0.772
1 83 15 0.8722 -0.198 0 0 11.968 3.869 -1.665
1 84 0 0.65 -0.524 0 0 11.858 0.161 -2.451
1 85 11 0.4555 -0.178 0 0 10.624 -0.796 -5.920
1 86 2 0.2388 -0.017 0 0 8.482 -3.525 -4.336
1 87 2 0.3388 0.3565 0 0 6.988 -1.155 -1.770
1 88 18 0.2611 -0.873 0 0 4.328 1.190 -3.160
1 89 13 0.3111 -0.164 0 0 3.698 2.854 0.198
1 90 17 0.6055 0.2852 0 0 7.403 3.737 0.519
1 91 15 0.6333 -0.231 0 0 7.215 5.380 -2.923
1 92 7 0.4333 -0.928 0 0 4.137 7.354 -1.914
1 93 3 0.6111 -0.262 0 0 6.000 8.448 1.244
1 94 11 0.8111 0.6305 0 0 8.560 10.292 -0.883
1 95 10 0.6277 -0.879 0 0 6.147 13.162 -1.498
1 96 10 0.5777 -0.722 0 0 5.673 13.609 2.250
1 97 20 0.8 0.3488 0 0 9.416 13.618 2.955
1 98 1 0.7944 0.0742 0 0 10.030 16.244 0.276
1 99 7 0.5555 -0.669 0 0 7.201 18.423 1.619
1 100 6 0.5444 -0.563 0 0 8.307 18.272 5.252
1 101 11 0.7111 0.9977 0 0 11.886 19.031 4.203
1 102 13 0.5388 -0.006 0 0 10.752 22.065 2.192
1 103 1 0.3000 -0.290 0 0 8.632 23.211 5.147
1 104 22 0.3611 0.5554 0 0 11.505 22.861 7.609
1 105 13 0.3888 0.8377 0 0 13.930 24.559 5.206
1 106 3 0.1944 -0.991 0 0 11.364 27.202 4.281
1 107 17 0.2833 0.4990 0 0 12.718 26.732 0.771
1 108 7 0.3444 -0.434 0 0 11.698 25.458 -2.657
1 109 3 0.5 -0.687 0 0 15.233 24.404 -3.595
1 110 22 0.7555 0.1778 0 0 16.630 21.489 -1.642
1 111 16 0.8944 -0.478 0 0 19.197 19.148 -3.174
1 112 14 0.9666 -0.170 0 0 17.768 15.617 -3.375
1 113 22 0.9722 -0.004 0 0 18.193 12.401 -5.323
1 114 12 0.9444 -0.790 0 0 15.323 9.932 -5.725
1 115 22 0.9388 0.6013 0 0 16.517 6.389 -5.179
1 116 9 0.8277 0.0000 0 0 14.572 3.250 -6.071
1 117 2 0.7611 0.1929 0 0 16.283 0.465 -4.178
1 118 13 0.4888 0.0142 0 0 16.157 -3.337 -4.387
1 119 5 0.3777 0.3386 0 0 16.150 -3.266 -8.205
1 120 3 0.1777 0.3028 0 0 17.468 -6.833 -8.004
1 121 12 0.1055 0.3971 0 0 14.034 -8.144 -6.910
1 122 16 0.0444 -0.394 0 0 11.395 -9.662 -9.262
1 123 17 0.0611 0.1150 0 0 8.643 -8.334 -6.960
1 124 1 0.1111 0.4939 0 0 8.442 -4.849 -8.567
1 125 18 0.0944 -0.056 0 0 5.244 -2.834 -7.997
1 126 22 0.2555 0.8608 0 0 6.692 0.606 -8.711
1 127 3 0.1833 -0.950 0 0 7.571 1.199 -12.360
1 128 18 0.3055 -0.115 0 0 10.759 2.961 -13.402
1 129 13 0.1888 -0.779 0 0 8.696 5.406 -15.467
1 130 6 0.2333 -0.177 0 0 6.375 6.570 -12.685
1 131 0 0.5277 0.4729 0 0 9.484 7.139 -10.568
1 132 6 0.4499 -0.515 0 0 11.270 8.990 -13.398
1 133 3 0.2888 -0.880 0 0 8.202 11.174 -13.889
1 134 12 0.4944 0.4977 0 0 8.091 12.016 -10.185
1 135 0 0.6777 0.3971 0 0 11.766 13.015 -10.167
1 136 1 0.4166 -0.650 0 0 11.261 15.079 -13.319
1 137 17 0.35 -0.264 0 0 8.439 16.954 -11.594
1 138 20 0.5944 0.4750 0 0 10.671 17.833 -8.636
1 139 9 0.5611 0.0000 0 0 13.630 18.651 -10.858
1 140 11 0.7722 0.7144 0 0 15.858 16.041 -9.232
1 141 16 0.8222 0.3248 0 0 17.934 13.061 -10.388
1 142 15 0.8444 -0.327 0 0 16.530 9.539 -10.224
1 143 11 0.8333 0.2486 0 0 18.684 6.450 -9.755
1 144 7 0.7166 -0.727 0 0 17.744 2.804 -9.284
1 145 18 0.7222 0.9524 0 0 19.996 0.786 -7.007
1 146 17 0.5666 -0.996 0 0 20.631 -2.546 -5.384
1 147 0 0.5888 0.4753 0 0 22.589 -2.655 -2.135
1 148 13 0.2666 -0.756 0 0 22.848 -6.387 -2.710
1 149 18 0.2166 -0.032 0 0 24.551 -6.188 -6.130
1 150 1 0.4222 0.0973 0 0 25.746 -2.613 -5.510
1 151 6 0.4277 -0.271 0 0 24.255 -1.403 -8.787
1 152 9 0.6611 0.0000 0 0 23.928 2.377 -8.700
1 153 22 0.7666 -0.241 0 0 25.172 2.849 -5.123
1 154 3 0.7055 -0.911 0 0 28.246 5.059 -5.727
1 155 3 0.75 -0.713 0 0 26.295 6.923 -8.400
1 156 0 0.9111 0.4425 0 0 23.412 7.747 -6.056
1 157 15 0.9166 0.3024 0 0 25.719 9.280 -3.461
1 158 20 0.8055 -0.648 0 0 28.010 11.060 -5.941
1 159 18 0.8777 0.0370 0 0 25.109 12.542 -7.848
1 160 12 0.9222 0.8493 0 0 23.783 13.852 -4.545
1 161 22 0.85 -0.513 0 0 27.124 15.564 -3.885
1 162 1 0.6833 -0.246 0 0 26.886 17.060 -7.375
1 163 7 0.7777 0.2314 0 0 23.376 18.344 -6.618
1 164 11 0.7444 0.5215 0 0 24.619 20.093 -3.466
1 165 1 0.4777 -0.045 0 0 27.413 21.763 -5.468
1 166 13 0.4055 0.3016 0 0 24.926 23.070 -8.055
1 167 10 0.4611 0.3155 0 0 22.711 24.427 -5.289
1 168 13 0.2944 0.3314 0 0 25.672 26.220 -3.681
1 169 7 0.1388 -0.523 0 0 26.526 27.588 -7.118
1 170 13 0.1333 0.3011 0 0 22.906 28.643 -7.520
1 171 14 0.1222 0.5768 0 0 22.573 29.923 -3.921
1 172 17 0.0555 0.1454 0 0 25.537 32.243 -4.533
1 173 13 0.0388 0.0263 0 0 24.037 33.636 -7.738
1 174 3 0.0500 0.7953 0 0 20.505 32.969 -6.494
1 175 9 0.0333 0.0000 0 0 18.419 34.624 -7.248
1 176 13 0.0222 -0.029 0 0 16.773 38.016 -6.983
1 177 13 0.0111 0.3580 0 0 18.408 39.380 -3.834
1 178 13 0.0 0.5556 0 0 21.967 39.817 -5.151
1 179 13 0.0277 0.8428 0 0 23.734 37.566 -6.111
1 180 13 0.0166 0.4733 0 0 26.922 37.072 -8.195
1 181 13 0.0055 0.6777 0 0 27.535 36.243 -11.875
0 182 17 0 0 0 0 27.535 36.243 -11.875
0 183 13 0 0 0 0 27.535 36.243 -11.875
0 184 18 0 0 0 0 27.535 36.243 -11.875
0 185 13 0 0 0 0 27.535 36.243 -11.875
0 186 5 0 0 0 0 27.535 36.243 -11.875
0 187 22 0 0 0 0 27.535 36.243 -11.875
0 188 11 0 0 0 0 27.535 36.243 -11.875
0 189 14 0 0 0 0 27.535 36.243 -11.875
