0 1 9 0 0 0 0 0 0 0
1 2 17 0.0790 -0.693 0 0 38.318 18.654 3.113
1 3 18 0.2259 0.1926 0 0 34.708 19.618 2.349
1 4 7 0.3841 -0.104 0 0 32.126 18.035 4.652
1 5 20 0.6836 -0.122 0 0 28.660 16.957 3.498
1 6 13 0.7740 -0.855 0 0 25.791 16.144 5.876
1 7 12 0.9152 0.2102 0 0 23.603 13.557 4.167
1 8 22 0.9548 -0.608 0 0 20.327 12.119 5.420
1 9 22 0.9774 -0.041 0 0 18.886 8.865 4.081
1 10 22 0.9491 0.1161 0 0 15.081 8.917 4.349
1 11 9 0.9039 0.0000 0 0 12.262 6.628 3.273
1 12 0 0.6779 -0.544 0 0 9.765 4.047 4.508
1 13 3 0.5254 -0.542 0 0 10.856 1.129 6.703
1 14 9 0.4576 0.0000 0 0 12.162 -1.864 4.795
1 15 22 0.6892 0.6805 0 0 13.222 -0.145 1.565
1 16 9 0.7288 0.0000 0 0 16.936 -0.740 2.143
1 17 13 0.8926 0.1246 0 0 18.159 2.522 3.710
1 18 17 0.7118 -0.642 0 0 20.459 0.607 6.056
1 19 0 0.6384 -0.345 0 0 21.621 -1.883 3.439
1 20 12 0.8361 0.6370 0 0 22.520 0.960 1.064
1 21 18 0.8305 0.3608 0 0 24.426 2.819 3.758
1 22 11 0.5819 -0.618 0 0 26.237 -0.287 4.986
1 23 6 0.5593 -0.424 0 0 27.223 -1.138 1.410
1 24 12 0.6497 0.7074 0 0 28.696 2.334 0.999
1 25 11 0.4802 0.3288 0 0 30.619 2.210 4.284
1 26 6 0.2542 -0.078 0 0 31.442 -1.462 4.877
1 27 2 0.2372 -0.080 0 0 31.221 -2.925 1.350
1 28 10 0.1581 -0.177 0 0 29.003 -5.900 2.242
1 29 15 0.2146 0.1380 0 0 25.300 -6.738 2.019
1 30 22 0.1864 0.5362 0 0 23.271 -7.186 5.191
1 31 3 0.0960 -0.580 0 0 20.432 -9.598 4.462
1 32 7 0.0734 -0.791 0 0 19.896 -9.098 8.180
1 33 20 0.1468 -0.816 0 0 17.795 -6.219 9.500
1 34 3 0.1525 -0.562 0 0 17.010 -3.866 12.382
1 35 16 0.2994 -0.734 0 0 14.413 -1.243 11.371
1 36 18 0.1920 -0.956 0 0 14.273 0.479 14.771
1 37 11 0.2598 -0.313 0 0 17.671 2.094 15.369
1 38 7 0.4519 0.3244 0 0 19.263 5.134 13.735
1 39 3 0.4745 -0.444 0 0 22.940 4.828 12.848
1 40 17 0.5932 -0.497 0 0 25.308 7.435 11.488
1 41 20 0.5649 0.1141 0 0 28.522 6.837 9.584
1 42 1 0.4350 -0.274 0 0 31.468 8.845 8.355
1 43 13 0.4124 0.2246 0 0 33.391 8.182 5.158
1 44 6 0.2711 -0.901 0 0 36.279 9.942 3.429
1 45 22 0.3333 0.9559 0 0 35.931 9.837 -0.352
1 46 22 0.1977 -0.989 0 0 37.265 11.697 -3.374
1 47 11 0.3559 0.9859 0 0 34.556 12.910 -5.733
1 48 3 0.1807 0.6488 0 0 35.453 14.752 -8.943
1 49 9 0.0677 0.0000 0 0 38.983 15.316 -7.673
1 50 7 0.1186 0.5196 0 0 37.740 16.792 -4.398
1 51 18 0.1412 -0.750 0 0 38.173 15.295 -0.922
1 52 5 0.3672 0.6053 0 0 34.825 14.830 0.815
1 53 12 0.3785 -0.474 0 0 33.961 13.856 4.346
1 54 12 0.6553 0.4882 0 0 30.537 12.242 4.194
1 55 3 0.6723 -0.606 0 0 28.537 12.251 7.399
1 56 11 0.8813 0.4381 0 0 25.503 10.067 6.807
1 57 12 0.8531 -0.403 0 0 22.427 9.586 8.965
1 58 3 0.8757 -0.315 0 0 20.525 6.346 8.331
1 59 18 0.7853 0.6045 0 0 17.016 7.090 9.638
1 60 0 0.5875 -0.705 0 0 14.541 4.659 11.223
1 61 9 0.4632 0.0000 0 0 10.830 5.537 11.106
1 62 6 0.5197 -0.177 0 0 8.711 8.086 9.209
0 63 7 0 0 0 0 8.711 8.086 9.209
0 64 7 0 0 0 0 8.711 8.086 9.209
0 65 20 0 0 0 0 8.711 8.086 9.209
1 66 17 0.1242 0.3368 0 0 9.124 14.704 16.456
1 67 0 0.0847 -0.974 0 0 11.883 16.502 18.364
1 68 14 0.2203 0.2539 0 0 14.514 14.166 16.939
1 69 1 0.4237 -0.228 0 0 13.319 14.193 13.342
1 70 3 0.3502 -0.657 0 0 13.173 17.962 13.047
1 71 6 0.3276 -0.557 0 0 16.753 18.431 14.299
1 72 20 0.6271 0.4880 0 0 18.296 15.936 11.886
1 73 14 0.6949 0.1265 0 0 16.312 17.403 8.981
1 74 1 0.4971 -0.849 0 0 17.599 20.868 9.889
1 75 18 0.5762 -0.270 0 0 21.132 19.433 10.119
1 76 9 0.8135 0.0000 0 0 21.059 17.642 6.760
1 77 7 0.8079 -0.578 0 0 22.371 19.408 3.653
1 78 9 0.9265 0.0000 0 0 21.065 16.852 1.166
1 79 15 0.9887 -0.885 0 0 18.570 14.011 1.253
1 80 12 0.9943 0.9373 0 0 18.633 10.590 -0.321
1 81 5 0.9830 -0.283 0 0 14.944 9.765 -0.768
1 82 22 0.9604 0.1658 0 0 14.762 6.000 -1.039
1 83 15 0.8587 -0.183 0 0 11.873 3.777 -2.090
1 84 0 0.6440 -0.519 0 0 11.844 0.086 -3.004
1 85 11 0.4406 -0.163 0 0 10.768 -0.836 -6.544
1 86 2 0.2316 -0.065 0 0 8.431 -3.523 -5.158
1 87 2 0.3220 0.3672 0 0 6.891 -1.264 -2.514
1 88 18 0.2655 -0.876 0 0 4.224 1.063 -3.897
1 89 13 0.2881 -0.124 0 0 3.515 2.793 -0.598
1 90 17 0.6045 0.3023 0 0 7.218 3.577 -0.179
1 91 15 0.6327 -0.195 0 0 7.214 5.327 -3.580
1 92 7 0.4180 -0.925 0 0 4.088 7.261 -2.651
1 93 3 0.6158 -0.252 0 0 5.713 8.181 0.683
1 94 11 0.7909 0.6590 0 0 8.340 10.190 -1.223
1 95 10 0.6214 -0.938 0 0 5.847 13.029 -1.689
1 96 10 0.5310 -0.727 0 0 5.295 13.204 2.062
1 97 20 0.7627 0.2680 0 0 9.003 13.109 2.962
1 98 1 0.7683 -0.193 0 0 9.720 15.865 0.445
1 99 7 0.5141 -0.656 0 0 6.935 18.053 1.832
1 100 6 0.5536 0.0442 0 0 8.180 17.498 5.381
1 101 11 0.7062 0.9975 0 0 11.743 18.401 4.389
1 102 13 0.5480 0.0037 0 0 10.745 21.583 2.565
1 103 1 0.3050 -0.182 0 0 8.699 22.638 5.596
1 104 22 0.3615 0.4922 0 0 11.280 21.873 8.292
1 105 13 0.3954 0.8502 0 0 14.049 23.569 6.342
1 106 3 0.2090 -0.996 0 0 11.642 26.302 5.193
1 107 17 0.3163 0.4061 0 0 12.796 26.090 1.566
1 108 7 0.3446 -0.427 0 0 11.510 25.099 -1.870
1 109 3 0.5028 -0.219 0 0 15.088 24.349 -2.892
1 110 22 0.7401 0.2343 0 0 16.655 21.417 -1.037
1 111 16 0.8983 -0.511 0 0 19.288 19.075 -2.540
1 112 14 0.9661 -0.327 0 0 17.694 15.657 -3.062
1 113 22 0.9717 0.0697 0 0 18.173 12.495 -5.076
1 114 12 0.9435 -0.835 0 0 15.409 9.970 -5.723
1 115 22 0.9378 0.5845 0 0 16.651 6.406 -5.235
1 116 9 0.8192 0.0000 0 0 14.775 3.331 -6.426
1 117 2 0.7514 0.1448 0 0 16.285 0.412 -4.498
1 118 13 0.4858 -0.001 0 0 16.063 -3.412 -4.855
1 119 5 0.3728 0.6138 0 0 16.352 -3.348 -8.651
1 120 3 0.1694 0.2751 0 0 17.653 -6.914 -8.477
1 121 12 0.1016 0.3459 0 0 14.097 -8.147 -7.744
1 122 16 0.0564 -0.394 0 0 11.497 -9.461 -10.267
1 123 17 0.0451 -0.875 0 0 8.023 -8.048 -11.050
1 124 1 0.1073 0.6076 0 0 8.601 -4.531 -9.771
1 125 18 0.0903 -0.044 0 0 5.379 -2.708 -8.917
1 126 22 0.2485 0.8674 0 0 6.855 0.769 -9.394
1 127 3 0.1751 -0.974 0 0 7.891 1.370 -13.011
1 128 18 0.2937 -0.060 0 0 11.119 3.097 -13.991
1 129 13 0.1638 -0.862 0 0 9.109 5.576 -16.049
1 130 6 0.2429 -0.159 0 0 6.895 6.680 -13.172
1 131 0 0.5367 0.5182 0 0 9.968 7.275 -10.968
1 132 6 0.4463 -0.456 0 0 11.826 9.081 -13.771
1 133 3 0.2824 -0.906 0 0 8.775 11.297 -14.358
1 134 12 0.4915 0.5295 0 0 8.520 12.148 -10.656
1 135 0 0.6610 0.3955 0 0 12.213 13.050 -10.472
1 136 1 0.3898 -0.906 0 0 11.770 15.228 -13.560
1 137 17 0.3389 -0.196 0 0 8.849 17.037 -11.915
1 138 20 0.5988 0.4210 0 0 10.982 17.662 -8.811
1 139 9 0.5423 0.0000 0 0 14.001 18.724 -10.869
1 140 11 0.7796 0.6971 0 0 16.205 16.104 -9.181
1 141 16 0.8248 0.3426 0 0 18.248 13.066 -10.273
1 142 15 0.8474 -0.349 0 0 16.825 9.542 -10.209
1 143 11 0.8644 0.3848 0 0 19.162 6.613 -9.574
1 144 7 0.7175 -0.773 0 0 18.311 2.915 -9.476
1 145 18 0.7231 0.9524 0 0 20.193 0.775 -6.957
1 146 17 0.5706 -0.994 0 0 20.625 -2.674 -5.526
1 147 0 0.6101 0.4341 0 0 22.184 -2.788 -2.071
1 148 13 0.2768 -0.802 0 0 22.327 -6.560 -2.628
1 149 18 0.2033 -0.063 0 0 24.620 -6.399 -5.680
1 150 1 0.4011 0.1166 0 0 25.965 -2.947 -4.777
1 151 6 0.4293 -0.379 0 0 24.853 -1.586 -8.157
1 152 9 0.6666 0.0000 0 0 24.369 2.182 -8.153
1 153 22 0.7966 -0.225 0 0 25.262 2.645 -4.476
1 154 3 0.7344 -0.887 0 0 28.293 4.900 -4.916
1 155 3 0.7570 -0.319 0 0 26.484 6.701 -7.744
1 156 0 0.9096 0.4440 0 0 23.483 7.559 -5.535
1 157 15 0.9209 0.3034 0 0 25.595 9.089 -2.771
1 158 20 0.8418 -0.670 0 0 28.060 10.856 -5.088
1 159 18 0.8870 0.0036 0 0 25.198 12.284 -7.124
1 160 12 0.9322 0.8295 0 0 23.729 13.785 -3.960
1 161 22 0.8700 -0.466 0 0 27.076 15.447 -3.189
1 162 1 0.7005 -0.199 0 0 27.072 16.899 -6.702
1 163 7 0.8022 0.2518 0 0 23.532 18.206 -6.094
1 164 11 0.7457 0.5179 0 0 24.634 19.861 -2.859
1 165 1 0.5084 -0.020 0 0 27.517 21.528 -4.698
1 166 13 0.4067 0.3184 0 0 25.206 22.892 -7.383
1 167 10 0.4689 0.3053 0 0 22.928 24.282 -4.675
1 168 13 0.3107 0.3128 0 0 25.889 25.924 -2.929
1 169 7 0.1299 -0.355 0 0 26.792 27.775 -6.112
1 170 13 0.1355 0.3199 0 0 23.169 28.580 -6.916
1 171 14 0.1129 0.5950 0 0 22.670 30.095 -3.451
1 172 17 0.0621 0.1357 0 0 25.625 32.477 -3.707
1 173 13 0.0395 0.0777 0 0 24.358 33.760 -7.058
1 174 3 0.0508 -0.704 0 0 20.769 33.228 -5.851
1 175 9 0.0338 0.0000 0 0 17.861 34.123 -8.135
1 176 13 0.0282 -0.446 0 0 17.833 37.818 -7.276
1 177 13 0.0 0.6828 0 0 18.552 40.201 -4.379
1 178 13 0.0056 0.5486 0 0 22.356 39.905 -4.436
1 179 13 0.0112 -0.761 0 0 23.968 37.812 -7.196
1 180 13 0.0169 0.8767 0 0 27.627 36.734 -7.113
1 181 13 0.0225 0.6663 0 0 29.557 35.048 -9.930
0 182 17 0 0 0 0 29.557 35.048 -9.930
0 183 13 0 0 0 0 29.557 35.048 -9.930
0 184 18 0 0 0 0 29.557 35.048 -9.930
0 185 13 0 0 0 0 29.557 35.048 -9.930
0 186 5 0 0 0 0 29.557 35.048 -9.930
0 187 22 0 0 0 0 29.557 35.048 -9.930
0 188 11 0 0 0 0 29.557 35.048 -9.930
0 189 14 0 0 0 0 29.557 35.048 -9.930
