0 1 9 0 0 0 0 0 0 0
0 2 16 0 0 0 0 0 0 0
0 3 12 0 0 0 0 0 0 0
0 4 9 0 0 0 0 0 0 0
0 5 17 0 0 0 0 0 0 0
1 6 14 0.0240 0.3652 0 0 -3.838 35.805 37.604
1 7 18 0.1024 0.0847 0 0 -0.815 35.274 39.878
1 8 7 0.2951 -0.149 0 0 1.997 33.012 38.610
1 9 20 0.5361 -0.189 0 0 3.982 30.734 40.972
1 10 13 0.6987 -0.775 0 0 7.208 28.961 40.059
1 11 12 0.9036 0.1257 0 0 7.246 25.645 41.951
1 12 22 0.9578 -0.680 0 0 10.025 23.084 41.888
1 13 22 0.9879 0.3816 0 0 9.603 19.415 42.834
1 14 22 0.9698 -0.243 0 0 12.845 17.778 44.106
1 15 9 0.9156 0.0000 0 0 13.966 14.549 45.776
1 16 0 0.7650 -0.521 0 0 15.707 11.213 45.259
1 17 9 0.6024 0.0000 0 0 15.233 8.918 42.232
1 18 9 0.5963 0.0000 0 0 11.937 7.007 42.329
1 19 22 0.8072 0.5715 0 0 10.221 8.877 45.195
1 20 9 0.8493 0.0000 0 0 7.291 9.924 42.956
1 21 13 0.9457 -0.043 0 0 8.204 13.483 41.775
1 22 17 0.8373 -0.668 0 0 6.728 12.905 38.292
1 23 0 0.7891 -0.259 0 0 3.733 10.895 39.555
1 24 12 0.9096 0.6402 0 0 2.805 13.783 41.873
1 25 18 0.8975 0.2483 0 0 3.299 16.496 39.254
1 26 11 0.6746 -0.522 0 0 1.313 14.538 36.625
1 27 6 0.6506 -0.482 0 0 -1.531 13.839 39.075
1 28 12 0.7409 0.5507 0 0 -1.889 17.567 39.789
1 29 11 0.5662 0.2991 0 0 -1.548 18.831 36.199
1 30 6 0.3614 -0.372 0 0 -3.216 16.091 34.092
1 31 2 0.0903 -0.377 0 0 -6.214 16.997 31.956
1 32 10 0.0481 0.5695 0 0 -6.625 13.261 31.303
1 33 15 0.0 -0.689 0 0 -6.813 13.495 27.510
1 34 22 0.0180 0.3467 0 0 -3.768 11.214 27.590
1 35 3 0.0120 -0.971 0 0 -4.611 8.133 29.735
1 36 7 0.0602 -0.565 0 0 -1.122 7.294 30.983
1 37 20 0.1566 0.2351 0 0 1.775 9.713 31.038
1 38 3 0.3253 -0.424 0 0 4.944 8.553 32.777
1 39 16 0.3975 0.8359 0 0 7.638 11.130 31.960
1 40 18 0.2650 -0.988 0 0 11.234 9.911 31.626
1 41 11 0.3493 -0.665 0 0 12.847 13.343 31.474
1 42 7 0.5542 -0.023 0 0 12.676 16.450 33.691
1 43 3 0.5180 -0.803 0 0 10.159 18.971 32.338
1 44 17 0.5903 -0.258 0 0 7.924 21.929 33.136
1 45 20 0.5722 0.2433 0 0 4.111 21.784 33.421
1 46 1 0.4638 -0.600 0 0 1.325 24.317 33.973
1 47 13 0.4457 0.1073 0 0 -1.870 24.202 35.992
1 48 6 0.2409 -0.970 0 0 -4.445 26.935 36.501
1 49 22 0.2590 0.8438 0 0 -6.284 26.724 39.811
1 50 22 0.1144 -0.989 0 0 -8.225 28.942 42.196
1 51 11 0.1927 0.9811 0 0 -6.595 28.956 45.630
1 52 3 0.0662 0.6214 0 0 -8.493 30.910 48.335
1 53 9 0.0060 0.0000 0 0 -10.353 32.980 45.727
1 54 7 0.0421 0.5065 0 0 -7.151 33.898 43.842
1 55 18 0.0542 -0.674 0 0 -6.695 32.542 40.299
1 56 5 0.2289 0.5262 0 0 -3.181 31.071 40.166
1 57 12 0.3433 -0.425 0 0 -1.024 29.858 37.359
1 58 12 0.6265 0.4455 0 0 1.314 27.200 38.699
1 59 3 0.6445 -0.867 0 0 4.454 26.527 36.716
1 60 11 0.8614 0.4756 0 0 5.743 23.204 38.008
1 61 12 0.8554 -0.498 0 0 9.222 21.897 37.343
1 62 3 0.8855 -0.209 0 0 9.606 18.177 37.783
1 63 18 0.8433 0.4485 0 0 13.378 17.785 38.358
1 64 0 0.6867 -0.981 0 0 15.601 14.717 38.150
1 65 9 0.6686 0.0000 0 0 17.173 13.338 41.340
1 66 6 0.5 0.0682 0 0 20.635 14.639 42.346
1 67 7 0.2710 0.5521 0 0 22.232 11.521 40.866
1 68 7 0.2469 0.3183 0 0 21.203 12.545 37.315
1 69 20 0.1265 -0.616 0 0 23.024 15.331 35.487
1 70 17 0.2108 0.8557 0 0 21.055 18.493 34.697
1 71 0 0.0722 -0.735 0 0 22.852 21.521 33.208
1 72 14 0.1746 -0.197 0 0 20.128 23.967 34.250
1 73 1 0.4277 0.4585 0 0 19.747 22.785 37.860
1 74 3 0.3192 -0.685 0 0 21.274 25.896 39.454
1 75 6 0.2530 -0.953 0 0 19.086 28.252 37.387
1 76 20 0.5240 0.0629 0 0 16.077 26.055 38.202
1 77 14 0.6204 0.2397 0 0 16.695 26.738 41.901
1 78 1 0.3734 -0.844 0 0 17.338 30.465 41.314
1 79 18 0.4337 -0.207 0 0 14.030 30.731 39.383
1 80 9 0.7168 0.0000 0 0 12.031 28.514 41.733
1 81 7 0.6566 -0.569 0 0 9.952 30.388 44.311
1 82 9 0.8734 0.0000 0 0 8.938 27.341 46.371
1 83 15 0.9638 -0.732 0 0 10.123 23.748 46.609
1 84 12 0.9939 0.5835 0 0 8.335 20.485 47.279
1 85 5 0.9819 -0.716 0 0 10.931 18.265 48.968
1 86 22 0.9759 0.5087 0 0 9.734 14.729 48.316
1 87 15 0.8674 -0.349 0 0 10.833 11.426 49.879
1 88 0 0.7108 -0.391 0 0 9.033 8.048 49.904
1 89 11 0.4939 -0.122 0 0 7.734 6.699 53.261
1 90 2 0.3072 0.1359 0 0 9.063 3.245 52.310
1 91 2 0.3554 0.3682 0 0 12.578 4.465 51.389
1 92 18 0.2349 -0.896 0 0 14.718 5.512 54.333
1 93 13 0.3012 -0.278 0 0 17.592 6.635 52.088
1 94 17 0.5783 0.4134 0 0 15.266 9.043 50.226
1 95 15 0.5602 -0.255 0 0 14.362 10.526 53.626
1 96 7 0.3915 -0.892 0 0 18.015 10.908 54.677
1 97 3 0.5060 -0.208 0 0 18.668 12.492 51.253
1 98 11 0.7349 0.6690 0 0 16.309 15.402 52.067
1 99 10 0.4819 -0.941 0 0 19.192 17.188 53.870
1 100 6 0.4698 -0.826 0 0 21.121 17.273 50.549
1 101 20 0.7710 0.3758 0 0 18.260 18.862 48.578
1 102 1 0.6626 -0.326 0 0 17.735 21.483 51.282
1 103 7 0.4156 -0.740 0 0 21.473 22.325 51.383
1 104 6 0.4518 0.3421 0 0 21.570 22.631 47.578
1 105 11 0.6084 0.9559 0 0 18.644 25.068 47.596
1 106 13 0.3855 -0.646 0 0 20.204 27.083 50.446
1 107 1 0.1445 -0.056 0 0 23.564 27.201 48.646
1 108 22 0.1987 0.5158 0 0 22.103 28.381 45.335
1 109 13 0.2771 0.8015 0 0 19.497 30.813 46.730
1 110 3 0.0843 -0.999 0 0 21.761 31.943 49.632
1 111 17 0.1385 0.3933 0 0 18.818 31.911 52.046
1 112 3 0.1807 -0.794 0 0 17.600 30.048 55.128
1 113 3 0.3313 -0.467 0 0 14.051 31.209 54.518
1 114 22 0.5481 0.3471 0 0 13.027 29.610 51.214
1 115 16 0.7530 -0.519 0 0 9.380 28.486 50.905
1 116 14 0.8915 -0.151 0 0 9.252 24.679 51.086
1 117 22 0.9397 0.0936 0 0 6.997 21.770 51.997
1 118 12 0.9337 -0.701 0 0 8.299 18.333 53.075
1 119 22 0.9518 0.7663 0 0 6.357 15.619 51.274
1 120 9 0.8313 0.0000 0 0 6.218 11.995 52.404
1 121 2 0.8253 0.3057 0 0 4.897 10.229 49.304
1 122 13 0.5843 0.0863 0 0 3.598 6.627 48.781
1 123 5 0.4397 0.3264 0 0 1.480 6.786 51.961
1 124 3 0.2228 0.3694 0 0 -0.821 4.158 50.373
1 125 12 0.1325 0.3553 0 0 1.889 1.542 51.106
1 126 0 0.0301 -0.921 0 0 1.875 -0.610 54.249
1 127 0 0.0361 -0.161 0 0 5.660 -1.251 54.137
1 128 1 0.0963 0.5130 0 0 6.542 2.009 55.880
1 129 18 0.0783 0.1155 0 0 10.134 2.605 57.013
1 130 22 0.2168 0.8496 0 0 9.804 6.334 57.856
1 131 7 0.1204 -0.915 0 0 7.337 7.107 60.665
1 132 17 0.2891 -0.028 0 0 5.192 10.238 60.287
1 133 1 0.1084 -0.771 0 0 6.545 11.509 63.633
1 134 6 0.1506 -0.231 0 0 10.149 11.330 62.342
1 135 0 0.4578 0.6732 0 0 9.251 13.422 59.283
1 136 6 0.3795 -0.393 0 0 7.232 15.905 61.382
1 137 3 0.1626 -0.839 0 0 10.339 16.346 63.547
1 138 12 0.4036 0.5075 0 0 12.493 17.018 60.487
1 139 0 0.5301 0.4344 0 0 9.939 19.457 59.027
1 140 1 0.2831 -0.638 0 0 9.729 21.173 62.452
1 141 17 0.1686 0.2343 0 0 13.543 21.543 62.481
1 142 20 0.4216 0.5555 0 0 13.322 23.252 59.052
1 143 9 0.3674 0.0000 0 0 10.318 25.380 60.062
1 144 11 0.6325 0.7452 0 0 8.235 23.974 57.182
1 145 16 0.6807 0.2213 0 0 4.931 22.066 56.742
1 146 20 0.7831 -0.097 0 0 4.889 18.280 56.385
1 147 11 0.8132 0.5428 0 0 2.248 16.581 54.194
1 148 7 0.7590 -0.721 0 0 1.848 12.882 53.347
1 149 18 0.8012 0.9828 0 0 0.709 12.017 49.848
1 150 17 0.6385 -0.972 0 0 -0.127 9.153 47.554
1 151 0 0.7048 0.5058 0 0 0.191 9.796 43.809
1 152 13 0.4096 -0.268 0 0 -1.725 6.514 43.351
1 153 18 0.3132 -0.129 0 0 -4.827 7.366 45.428
1 154 1 0.4879 -0.021 0 0 -4.431 11.176 45.044
1 155 6 0.4759 -0.293 0 0 -4.479 11.586 48.832
1 156 9 0.6927 0.0000 0 0 -2.801 14.859 49.783
1 157 22 0.8192 -0.023 0 0 -1.641 15.771 46.274
1 158 7 0.7469 -0.875 0 0 -3.628 19.012 45.876
1 159 3 0.7289 -0.410 0 0 -3.004 19.888 49.550
1 160 0 0.9216 0.6690 0 0 0.788 19.560 49.088
1 161 15 0.9277 0.5748 0 0 0.905 21.952 46.106
1 162 20 0.7771 -0.377 0 0 -1.603 24.446 47.533
1 163 18 0.7951 0.0512 0 0 0.212 24.460 50.893
1 164 12 0.8795 0.7713 0 0 3.393 25.379 49.002
1 165 22 0.7228 -0.309 0 0 1.588 28.232 47.211
1 166 1 0.5120 -0.124 0 0 0.328 29.495 50.576
1 167 7 0.6144 0.2370 0 0 3.909 29.332 51.947
1 168 11 0.5421 0.5763 0 0 5.143 31.478 49.017
1 169 1 0.3373 -0.091 0 0 2.247 33.893 49.524
1 170 6 0.1867 0.2149 0 0 2.956 34.133 53.296
1 171 10 0.2048 0.2008 0 0 6.683 34.722 52.683
