0 1 9 0 0 0 0 0 0 0
0 2 16 0 0 0 0 0 0 0
0 3 12 0 0 0 0 0 0 0
0 4 9 0 0 0 0 0 0 0
0 5 17 0 0 0 0 0 0 0
1 6 14 0.0240 0.2490 0 0 -3.844 35.780 37.584
1 7 18 0.1024 0.0899 0 0 -0.839 35.301 39.846
1 8 7 0.2891 -0.120 0 0 1.945 33.024 38.561
1 9 20 0.5361 -0.187 0 0 3.948 30.750 40.916
1 10 13 0.6927 -0.775 0 0 7.194 28.987 40.047
1 11 12 0.9036 0.1301 0 0 7.213 25.652 41.914
1 12 22 0.9578 -0.689 0 0 9.987 23.090 41.893
1 13 22 0.9879 0.3768 0 0 9.557 19.416 42.866
1 14 22 0.9698 -0.228 0 0 12.801 17.790 44.133
1 15 9 0.9156 0.0000 0 0 13.889 14.523 45.738
1 16 0 0.7650 -0.532 0 0 15.663 11.214 45.291
1 17 22 0.5963 -0.934 0 0 15.194 8.819 42.347
1 18 9 0.6024 0.0000 0 0 11.848 6.982 42.385
1 19 22 0.8132 0.5798 0 0 10.165 8.861 45.248
1 20 9 0.8493 0.0000 0 0 7.217 9.920 43.045
1 21 13 0.9457 -0.059 0 0 8.177 13.447 41.802
1 22 17 0.8373 -0.667 0 0 6.689 12.899 38.340
1 23 0 0.7951 -0.242 0 0 3.696 10.907 39.634
1 24 12 0.9096 0.6171 0 0 2.739 13.801 41.922
1 25 18 0.8975 0.2581 0 0 3.297 16.518 39.298
1 26 11 0.6686 -0.513 0 0 1.393 14.576 36.584
1 27 6 0.6445 -0.422 0 0 -1.501 13.785 38.937
1 28 12 0.7289 0.5590 0 0 -1.886 17.490 39.732
1 29 11 0.5602 0.3060 0 0 -1.525 18.865 36.178
1 30 6 0.3554 -0.377 0 0 -3.209 16.126 34.062
1 31 2 0.0903 -0.367 0 0 -6.237 17.001 31.955
1 32 10 0.0481 0.5760 0 0 -6.643 13.279 31.270
1 33 15 0.0 -0.686 0 0 -6.797 13.543 27.485
1 34 22 0.0180 0.3296 0 0 -3.763 11.264 27.633
1 35 3 0.0120 -0.959 0 0 -4.604 8.172 29.741
1 36 7 0.0602 -0.490 0 0 -1.148 7.302 31.064
1 37 20 0.1566 0.2362 0 0 1.811 9.651 31.026
1 38 3 0.3192 -0.406 0 0 5.020 8.556 32.729
1 39 16 0.3855 0.8670 0 0 7.724 11.128 31.888
1 40 18 0.2469 -0.994 0 0 11.330 9.937 31.519
1 41 11 0.3493 -0.649 0 0 12.896 13.400 31.461
1 42 7 0.5481 0.0169 0 0 12.651 16.518 33.657
1 43 3 0.5180 -0.803 0 0 10.120 19.016 32.327
1 44 17 0.5903 -0.212 0 0 7.885 21.953 33.181
1 45 20 0.5722 0.2429 0 0 4.097 21.815 33.417
1 46 1 0.4638 -0.591 0 0 1.283 24.288 33.939
1 47 13 0.4457 0.1906 0 0 -1.905 24.287 35.939
1 48 6 0.2289 -0.969 0 0 -4.521 26.984 36.477
1 49 22 0.2650 0.8533 0 0 -6.301 26.738 39.810
1 50 22 0.1144 -0.987 0 0 -8.235 28.943 42.196
1 51 11 0.1987 0.9811 0 0 -6.584 29.020 45.626
1 52 3 0.0662 0.5980 0 0 -8.475 30.976 48.318
1 53 9 0.0060 0.0000 0 0 -10.362 33.026 45.699
1 54 7 0.0421 0.5008 0 0 -7.169 33.923 43.773
1 55 18 0.0542 -0.682 0 0 -6.715 32.515 40.271
1 56 5 0.2409 0.5321 0 0 -3.213 31.013 40.182
1 57 12 0.3433 -0.455 0 0 -1.058 29.878 37.337
1 58 12 0.6265 0.4548 0 0 1.325 27.236 38.667
1 59 3 0.6506 -0.843 0 0 4.471 26.477 36.668
1 60 11 0.8614 0.4914 0 0 5.732 23.163 38.030
1 61 12 0.8554 -0.476 0 0 9.213 21.868 37.344
1 62 3 0.8855 -0.194 0 0 9.567 18.132 37.775
1 63 18 0.8433 0.4720 0 0 13.336 17.805 38.396
1 64 0 0.6867 -0.977 0 0 15.611 14.790 38.155
1 65 9 0.6626 0.0000 0 0 17.195 13.363 41.337
1 66 6 0.5 0.1521 0 0 20.683 14.608 42.312
1 67 7 0.3132 0.6594 0 0 21.875 11.276 40.882
1 68 7 0.2590 -0.080 0 0 21.161 12.594 37.357
1 69 20 0.1325 -0.620 0 0 23.018 15.358 35.558
1 70 17 0.2228 0.8557 0 0 21.028 18.494 34.733
1 71 0 0.0722 -0.734 0 0 22.822 21.512 33.225
1 72 14 0.1807 -0.193 0 0 20.151 24.012 34.269
1 73 1 0.4277 0.4406 0 0 19.728 22.750 37.836
1 74 3 0.3253 -0.652 0 0 21.217 25.901 39.424
1 75 6 0.2530 -0.666 0 0 19.043 28.320 37.409
1 76 20 0.5240 0.0525 0 0 16.021 26.102 38.152
1 77 14 0.6204 0.2621 0 0 16.655 26.755 41.839
1 78 1 0.3734 -0.843 0 0 17.301 30.475 41.273
1 79 18 0.4337 -0.212 0 0 13.987 30.750 39.345
1 80 9 0.7168 0.0000 0 0 12.041 28.516 41.739
1 81 7 0.6566 -0.600 0 0 9.865 30.385 44.244
1 82 9 0.8734 0.0000 0 0 8.899 27.373 46.354
1 83 15 0.9638 -0.724 0 0 10.068 23.791 46.600
1 84 12 0.9939 0.5674 0 0 8.313 20.514 47.332
1 85 5 0.9819 -0.716 0 0 10.903 18.264 48.964
1 86 22 0.9759 0.5163 0 0 9.687 14.722 48.327
1 87 15 0.8674 -0.333 0 0 10.801 11.432 49.916
1 88 0 0.7108 -0.385 0 0 8.982 8.055 49.989
1 89 11 0.4879 -0.106 0 0 7.722 6.675 53.333
1 90 2 0.3072 0.1440 0 0 9.022 3.214 52.367
1 91 2 0.3614 0.3980 0 0 12.514 4.501 51.428
1 92 18 0.2349 -0.890 0 0 14.722 5.501 54.370
1 93 13 0.3012 -0.316 0 0 17.574 6.654 52.112
1 94 17 0.5783 0.4003 0 0 15.209 9.047 50.251
1 95 15 0.5662 -0.249 0 0 14.338 10.553 53.643
1 96 7 0.3975 -0.900 0 0 18.019 10.903 54.664
1 97 3 0.5120 -0.208 0 0 18.666 12.522 51.244
1 98 11 0.7349 0.6571 0 0 16.300 15.408 52.049
1 99 10 0.4939 -0.934 0 0 19.180 17.227 53.820
1 100 6 0.4698 -0.814 0 0 21.130 17.308 50.522
1 101 20 0.7710 0.3689 0 0 18.215 18.864 48.572
1 102 1 0.6746 -0.330 0 0 17.647 21.508 51.235
1 103 7 0.4156 -0.740 0 0 21.396 22.326 51.355
1 104 6 0.4578 0.3429 0 0 21.511 22.630 47.554
1 105 11 0.6084 0.9663 0 0 18.588 25.067 47.573
1 106 13 0.3915 -0.052 0 0 20.162 27.089 50.398
1 107 1 0.1506 -0.062 0 0 23.552 27.213 48.650
1 108 22 0.2168 0.5146 0 0 22.061 28.398 45.370
1 109 13 0.2771 0.8005 0 0 19.441 30.834 46.712
1 110 3 0.0843 -0.999 0 0 21.742 32.003 49.577
1 111 17 0.1385 0.3819 0 0 18.811 31.947 52.010
1 112 3 0.1746 -0.734 0 0 17.606 30.186 55.161
1 113 3 0.3373 -0.429 0 0 14.019 31.176 54.487
1 114 22 0.5542 0.3696 0 0 12.996 29.633 51.166
1 115 16 0.7469 -0.511 0 0 9.330 28.540 50.931
1 116 14 0.8915 -0.153 0 0 9.242 24.724 51.097
1 117 22 0.9397 0.1052 0 0 7.001 21.808 52.010
1 118 12 0.9337 -0.693 0 0 8.282 18.377 53.069
1 119 22 0.9518 0.7612 0 0 6.301 15.629 51.327
1 120 9 0.8313 0.0000 0 0 6.217 12.009 52.435
1 121 2 0.8253 0.2972 0 0 4.889 10.203 49.355
1 122 13 0.5843 0.0911 0 0 3.569 6.615 48.893
1 123 5 0.4397 0.3273 0 0 1.467 6.803 52.079
1 124 3 0.2048 0.3688 0 0 -0.862 4.166 50.522
1 125 12 0.1265 0.3767 0 0 1.880 1.578 51.288
1 126 0 0.0301 -0.925 0 0 1.903 -0.583 54.428
1 127 0 0.0361 -0.113 0 0 5.693 -1.220 54.189
1 128 1 0.0963 0.5037 0 0 6.540 2.033 55.963
1 129 18 0.0783 0.1019 0 0 10.143 2.641 57.072
1 130 22 0.2108 0.8339 0 0 9.809 6.368 57.898
1 131 7 0.1204 -0.908 0 0 7.344 7.146 60.699
1 132 17 0.2710 -0.014 0 0 5.204 10.288 60.380
1 133 1 0.1084 -0.704 0 0 6.572 11.610 63.703
1 134 6 0.1445 -0.251 0 0 10.187 11.467 62.435
1 135 0 0.4518 0.6500 0 0 9.260 13.471 59.333
1 136 6 0.3795 -0.388 0 0 7.268 15.956 61.456
1 137 3 0.1626 -0.833 0 0 10.408 16.455 63.587
1 138 12 0.4036 0.5141 0 0 12.502 17.099 60.500
1 139 0 0.5301 0.4565 0 0 9.975 19.542 59.013
1 140 1 0.2831 -0.631 0 0 9.775 21.234 62.446
1 141 17 0.1686 0.1979 0 0 13.585 21.617 62.484
1 142 20 0.4216 0.5507 0 0 13.376 23.279 59.040
1 143 9 0.3674 0.0000 0 0 10.335 25.358 60.054
1 144 11 0.6325 0.7350 0 0 8.242 23.995 57.157
1 145 16 0.7048 0.2323 0 0 4.923 22.112 56.734
1 146 20 0.7771 -0.094 0 0 4.871 18.300 56.413
1 147 11 0.8072 0.2879 0 0 2.190 16.615 54.247
1 148 7 0.7590 -0.717 0 0 1.831 12.920 53.413
1 149 18 0.8012 0.9819 0 0 0.641 12.077 49.923
1 150 17 0.6385 -0.971 0 0 -0.182 9.200 47.636
1 151 0 0.6807 0.4695 0 0 0.032 9.848 43.894
1 152 13 0.4096 -0.209 0 0 -1.821 6.517 43.498
1 153 18 0.2951 -0.092 0 0 -4.871 7.237 45.707
1 154 1 0.4759 -0.447 0 0 -4.648 11.048 45.176
1 155 6 0.4819 -0.302 0 0 -4.509 11.588 48.952
1 156 9 0.6987 0.0000 0 0 -2.756 14.832 49.897
1 157 22 0.8192 -0.017 0 0 -1.684 15.777 46.367
1 158 7 0.7530 -0.878 0 0 -3.647 19.051 45.993
1 159 3 0.7409 -0.394 0 0 -2.959 19.843 49.648
1 160 0 0.9216 0.6738 0 0 0.837 19.555 49.163
1 161 15 0.9277 0.5652 0 0 0.906 21.911 46.163
1 162 20 0.7831 -0.356 0 0 -1.594 24.442 47.509
1 163 18 0.7891 0.0246 0 0 0.171 24.544 50.886
1 164 12 0.8795 0.7668 0 0 3.383 25.443 49.042
1 165 22 0.7228 -0.282 0 0 1.575 28.281 47.198
1 166 1 0.5060 -0.124 0 0 0.300 29.536 50.566
1 167 7 0.6144 0.2448 0 0 3.892 29.364 51.931
1 168 11 0.5421 0.5851 0 0 5.101 31.490 48.979
1 169 1 0.3313 0.0040 0 0 2.261 33.980 49.634
1 170 6 0.1867 0.4446 0 0 2.988 34.204 53.368
1 171 10 0.1927 0.2039 0 0 6.699 34.778 52.695
