0 1 9 0 0 0 0 0 0 0
0 2 16 0 0 0 0 0 0 0
0 3 12 0 0 0 0 0 0 0
0 4 9 0 0 0 0 0 0 0
0 5 17 0 0 0 0 0 0 0
1 6 14 0.0240 0.3758 0 0 -3.662 36.240 37.516
1 7 18 0.0903 0.1259 0 0 -0.678 35.576 39.782
1 8 7 0.2710 -0.100 0 0 1.986 33.186 38.484
1 9 20 0.5301 -0.190 0 0 4.004 30.878 40.794
1 10 13 0.6927 -0.766 0 0 7.194 29.028 39.888
1 11 12 0.9036 0.1563 0 0 7.276 25.693 41.807
1 12 22 0.9578 -0.695 0 0 10.040 23.101 41.719
1 13 22 0.9879 0.4170 0 0 9.607 19.416 42.640
1 14 22 0.9698 -0.176 0 0 12.801 17.831 43.984
1 15 9 0.9216 0.0000 0 0 13.857 14.493 45.530
1 16 0 0.7469 -0.535 0 0 15.752 11.200 45.144
1 17 9 0.6084 0.0000 0 0 15.160 8.942 42.091
1 18 9 0.6024 0.0000 0 0 11.839 7.069 42.164
1 19 22 0.8072 0.5814 0 0 10.114 8.910 45.040
1 20 9 0.8493 0.0000 0 0 7.284 9.959 42.724
1 21 13 0.9457 -0.050 0 0 8.169 13.523 41.597
1 22 17 0.8373 -0.672 0 0 6.646 12.941 38.114
1 23 0 0.7891 -0.297 0 0 3.661 10.955 39.415
1 24 12 0.9096 0.6320 0 0 2.781 13.864 41.722
1 25 18 0.8915 0.2566 0 0 3.274 16.539 39.083
1 26 11 0.6686 -0.551 0 0 1.292 14.616 36.467
1 27 6 0.6506 -0.439 0 0 -1.469 13.872 38.971
1 28 12 0.7409 0.5564 0 0 -1.838 17.599 39.643
1 29 11 0.5722 0.2484 0 0 -1.532 18.947 36.064
1 30 6 0.3614 -0.340 0 0 -3.253 16.168 34.043
1 31 2 0.1024 -0.399 0 0 -6.129 17.310 31.837
1 32 10 0.0481 0.5117 0 0 -6.625 13.566 31.226
1 33 15 0.0 -0.713 0 0 -6.840 13.679 27.415
1 34 22 0.0180 0.3613 0 0 -3.817 11.360 27.452
1 35 3 0.0120 -0.953 0 0 -4.646 8.234 29.546
1 36 7 0.0602 -0.524 0 0 -1.154 7.392 30.868
1 37 20 0.1626 0.2305 0 0 1.725 9.849 30.994
1 38 3 0.3253 -0.427 0 0 4.918 8.606 32.628
1 39 16 0.3975 0.8148 0 0 7.638 11.270 31.944
1 40 18 0.2650 -0.994 0 0 11.207 10.027 31.409
1 41 11 0.3554 -0.702 0 0 12.813 13.468 31.343
1 42 7 0.5421 0.0953 0 0 12.732 16.742 33.382
1 43 3 0.5180 -0.817 0 0 10.020 19.042 32.124
1 44 17 0.5903 -0.258 0 0 7.828 22.025 32.981
1 45 20 0.5602 0.2452 0 0 4.027 21.909 33.274
1 46 1 0.4638 -0.619 0 0 1.225 24.431 33.818
1 47 13 0.4578 0.0873 0 0 -1.884 24.371 35.951
1 48 6 0.2409 -0.979 0 0 -4.361 27.193 36.433
1 49 22 0.2771 0.8500 0 0 -6.211 26.825 39.711
1 50 22 0.1144 -0.981 0 0 -8.230 28.874 42.190
1 51 11 0.1987 0.9727 0 0 -6.618 29.008 45.605
1 52 3 0.0662 0.6341 0 0 -8.512 31.046 48.233
1 53 9 0.0060 0.0000 0 0 -10.467 33.032 45.623
1 54 7 0.0421 0.4230 0 0 -7.365 33.971 43.649
1 55 18 0.0542 -0.633 0 0 -6.744 32.556 40.161
1 56 5 0.2289 0.5241 0 0 -3.133 31.345 40.023
1 57 12 0.3433 -0.374 0 0 -0.971 29.940 37.294
1 58 12 0.6265 0.4324 0 0 1.394 27.283 38.602
1 59 3 0.6445 -0.853 0 0 4.507 26.540 36.575
1 60 11 0.8614 0.4742 0 0 5.701 23.258 37.960
1 61 12 0.8554 -0.448 0 0 9.159 21.983 37.134
1 62 3 0.8855 -0.189 0 0 9.584 18.239 37.541
1 63 18 0.8433 0.4177 0 0 13.333 17.771 38.260
1 64 0 0.7048 -0.978 0 0 15.642 14.760 38.137
1 65 9 0.6626 0.0000 0 0 17.235 13.397 41.332
1 66 12 0.5 0.1928 0 0 20.707 14.698 42.252
1 67 7 0.3072 0.5966 0 0 21.986 11.375 40.829
1 68 7 0.2469 -0.076 0 0 21.232 12.554 37.251
1 69 20 0.1325 -0.617 0 0 23.094 15.357 35.500
1 70 17 0.2048 0.8757 0 0 21.103 18.457 34.574
1 71 0 0.0722 -0.747 0 0 22.838 21.525 33.080
1 72 14 0.1867 -0.205 0 0 20.118 23.955 34.195
1 73 1 0.4337 0.3997 0 0 19.784 22.826 37.817
1 74 3 0.3192 -0.649 0 0 21.258 25.990 39.331
1 75 6 0.2530 -0.954 0 0 19.062 28.323 37.229
1 76 20 0.5240 0.0674 0 0 16.088 26.103 38.055
1 77 14 0.6144 0.3692 0 0 16.717 26.900 41.740
1 78 1 0.3674 -0.824 0 0 17.357 30.603 41.058
1 79 18 0.4277 -0.179 0 0 14.030 30.808 39.164
1 80 9 0.7168 0.0000 0 0 12.038 28.578 41.551
1 81 7 0.6566 -0.562 0 0 9.963 30.439 44.130
1 82 9 0.8734 0.0000 0 0 8.894 27.463 46.279
1 83 15 0.9638 -0.714 0 0 10.107 23.868 46.481
1 84 12 0.9939 0.6056 0 0 8.303 20.579 47.059
1 85 5 0.9819 -0.738 0 0 10.871 18.344 48.822
1 86 22 0.9759 0.5348 0 0 9.747 14.785 48.137
1 87 15 0.8674 -0.335 0 0 10.750 11.473 49.747
1 88 0 0.7108 -0.340 0 0 8.985 8.085 49.757
1 89 11 0.4819 -0.122 0 0 7.718 6.661 53.121
1 90 2 0.2951 0.1777 0 0 9.061 3.195 52.121
1 91 2 0.3493 0.3396 0 0 12.548 4.503 51.228
1 92 18 0.2349 -0.919 0 0 14.676 5.531 54.209
1 93 13 0.2891 -0.250 0 0 17.533 6.584 51.935
1 94 17 0.5783 0.4138 0 0 15.285 9.014 50.014
1 95 15 0.5662 -0.242 0 0 14.370 10.535 53.385
1 96 7 0.3915 -0.926 0 0 17.996 10.899 54.497
1 97 3 0.5060 -0.225 0 0 18.760 12.444 51.095
1 98 11 0.7228 0.7033 0 0 16.395 15.337 51.869
1 99 10 0.4879 -0.948 0 0 19.261 17.237 53.592
1 100 6 0.4698 -0.424 0 0 21.129 17.279 50.228
1 101 20 0.7771 0.3603 0 0 18.172 18.838 48.367
1 102 1 0.6807 -0.311 0 0 17.733 21.524 51.030
1 103 7 0.4156 -0.758 0 0 21.463 22.362 51.131
1 104 6 0.4457 0.3209 0 0 21.559 22.777 47.345
1 105 11 0.5963 0.9637 0 0 18.632 25.207 47.492
1 106 13 0.3855 -0.003 0 0 20.176 27.179 50.360
1 107 1 0.1506 -0.064 0 0 23.503 27.304 48.495
1 108 22 0.2228 0.5319 0 0 22.063 28.440 45.139
1 109 13 0.2831 0.8042 0 0 19.460 30.875 46.508
1 110 3 0.0843 -0.998 0 0 21.681 31.910 49.437
1 111 17 0.1385 0.2828 0 0 18.788 32.065 51.886
1 112 3 0.1746 -0.769 0 0 17.508 30.335 55.028
1 113 3 0.3373 -0.423 0 0 13.926 31.319 54.349
1 114 22 0.5481 0.3374 0 0 13.009 29.721 51.025
1 115 16 0.7650 -0.537 0 0 9.370 28.485 50.716
1 116 14 0.8975 -0.180 0 0 9.327 24.680 50.898
1 117 22 0.9397 0.0834 0 0 7.020 21.815 51.761
1 118 12 0.9337 -0.674 0 0 8.258 18.391 52.895
1 119 22 0.9518 0.7800 0 0 6.307 15.645 51.152
1 120 9 0.8253 0.0000 0 0 6.158 12.000 52.257
1 121 2 0.8313 0.2913 0 0 4.908 10.258 49.123
1 122 13 0.5843 0.0895 0 0 3.541 6.665 48.651
1 123 5 0.4397 0.3187 0 0 1.496 6.800 51.849
1 124 3 0.2108 0.3728 0 0 -0.864 4.203 50.286
1 125 12 0.1265 0.3692 0 0 1.824 1.534 50.907
1 126 0 0.0301 -0.922 0 0 1.959 -0.597 54.064
1 127 0 0.0361 -0.129 0 0 5.733 -1.294 53.961
1 128 1 0.0963 0.5060 0 0 6.518 2.009 55.720
1 129 18 0.0783 0.1006 0 0 10.123 2.596 56.840
1 130 22 0.2168 0.8450 0 0 9.875 6.326 57.656
1 131 7 0.1204 -0.888 0 0 7.530 7.028 60.522
1 132 17 0.2590 0.0403 0 0 5.265 10.028 60.145
1 133 1 0.1084 -0.729 0 0 6.547 11.595 63.389
1 134 6 0.1445 -0.127 0 0 10.189 11.369 62.261
1 135 0 0.4518 0.6474 0 0 9.262 13.344 59.134
1 136 6 0.3795 -0.425 0 0 7.238 15.789 61.255
1 137 3 0.1566 -0.840 0 0 10.352 16.333 63.392
1 138 12 0.4096 0.5243 0 0 12.477 17.027 60.316
1 139 0 0.5361 0.4679 0 0 9.990 19.514 58.858
1 140 1 0.3012 -0.653 0 0 9.704 21.245 62.248
1 141 17 0.1686 0.1773 0 0 13.517 21.634 62.309
1 142 20 0.4216 0.5694 0 0 13.392 23.327 58.892
1 143 9 0.3734 0.0000 0 0 10.328 25.376 59.913
1 144 11 0.6325 0.7513 0 0 8.238 23.939 57.050
1 145 16 0.6987 0.2222 0 0 4.942 22.076 56.605
1 146 20 0.7710 -0.108 0 0 4.920 18.310 56.265
1 147 11 0.8132 0.2236 0 0 2.270 16.638 54.088
1 148 7 0.7590 -0.722 0 0 1.886 12.945 53.231
1 149 18 0.8012 0.9809 0 0 0.686 12.146 49.723
1 150 17 0.6385 -0.969 0 0 -0.203 9.261 47.483
1 151 0 0.6867 0.5488 0 0 0.106 9.792 43.746
1 152 13 0.4036 -0.260 0 0 -1.877 6.587 43.188
1 153 18 0.3132 -0.099 0 0 -4.908 7.485 45.339
1 154 1 0.4939 -0.070 0 0 -4.470 11.308 44.894
1 155 6 0.4759 -0.320 0 0 -4.513 11.674 48.698
1 156 9 0.6746 0.0000 0 0 -2.874 14.942 49.736
1 157 22 0.8192 -0.031 0 0 -1.649 15.791 46.207
1 158 7 0.7530 -0.869 0 0 -3.578 19.063 45.793
1 159 3 0.7289 -0.333 0 0 -3.043 19.954 49.456
1 160 0 0.9156 0.6518 0 0 0.781 19.689 49.070
1 161 15 0.9277 0.5710 0 0 0.975 22.052 46.046
1 162 20 0.7831 -0.371 0 0 -1.569 24.533 47.417
1 163 18 0.7951 0.0306 0 0 0.221 24.605 50.784
1 164 12 0.8795 0.7700 0 0 3.439 25.400 48.891
1 165 22 0.7349 -0.319 0 0 1.650 28.260 47.080
1 166 1 0.5120 -0.116 0 0 0.382 29.540 50.462
1 167 7 0.6204 0.2507 0 0 3.959 29.319 51.778
1 168 11 0.5542 0.5360 0 0 5.094 31.496 48.853
1 169 1 0.3313 -0.017 0 0 2.308 34.069 49.495
1 170 6 0.1807 0.3822 0 0 3.071 34.249 53.247
1 171 10 0.1927 0.1900 0 0 6.737 34.849 52.460
