0 1 9 0 0 0 0 0 0 0
1 2 14 0.0 0.4218 0 0 -5.200 43.716 26.373
1 3 18 0.0481 0.1177 0 0 -2.754 40.935 27.375
1 4 7 0.2469 -0.228 0 0 -2.752 37.735 25.339
1 5 20 0.5421 -0.272 0 0 -1.541 34.354 26.660
1 6 13 0.6807 -0.474 0 0 -0.496 31.878 23.985
1 7 12 0.9036 0.1331 0 0 -1.267 28.347 25.241
1 8 22 0.9518 -0.642 0 0 -0.607 24.907 23.629
1 9 22 0.9879 0.3519 0 0 -2.471 21.749 24.657
1 10 22 0.9698 -0.267 0 0 -0.271 18.630 24.086
1 11 9 0.9277 0.0000 0 0 -0.572 14.915 24.836
1 12 0 0.7891 -0.564 0 0 -1.440 11.532 23.353
1 13 3 0.6445 -0.577 0 0 -4.358 11.084 21.005
1 14 9 0.6024 0.0000 0 0 -7.438 10.297 22.929
1 15 22 0.8072 0.6137 0 0 -6.699 11.844 26.313
1 16 9 0.8614 0.0000 0 0 -9.196 14.741 26.082
1 17 13 0.9457 0.1088 0 0 -7.277 17.791 24.781
1 18 17 0.8313 -0.641 0 0 -10.115 18.754 22.428
1 19 0 0.7710 -0.336 0 0 -12.764 17.972 24.957
1 20 12 0.8975 0.6500 0 0 -10.965 20.128 27.582
1 21 18 0.8855 0.3073 0 0 -10.517 23.004 25.106
1 22 11 0.6626 -0.465 0 0 -14.170 22.845 23.979
1 23 6 0.6325 -0.386 0 0 -15.257 22.877 27.615
1 24 12 0.7048 0.5732 0 0 -13.315 26.130 28.104
1 25 11 0.5240 0.2310 0 0 -14.532 27.690 24.900
1 26 6 0.3132 -0.112 0 0 -18.168 26.474 24.540
1 27 2 0.3012 -0.191 0 0 -19.035 25.144 27.967
1 28 10 0.1867 -0.144 0 0 -20.330 21.720 26.711
1 29 15 0.3493 0.1482 0 0 -18.782 18.267 26.612
1 30 22 0.2891 -0.029 0 0 -18.243 16.887 23.120
1 31 3 0.1325 -0.672 0 0 -18.291 13.118 22.820
1 32 7 0.1204 -0.927 0 0 -16.660 12.912 19.442
1 33 20 0.3313 0.5175 0 0 -14.566 15.672 17.952
1 34 3 0.1746 -0.582 0 0 -12.458 14.720 14.973
1 35 16 0.4096 -0.639 0 0 -9.176 13.523 16.551
1 36 18 0.2831 -0.992 0 0 -7.433 14.900 13.398
1 37 11 0.3674 -0.494 0 0 -8.559 18.536 13.756
1 38 7 0.5301 0.2412 0 0 -5.713 20.800 14.998
1 39 3 0.5 -0.803 0 0 -6.706 24.447 15.313
1 40 17 0.5662 -0.556 0 0 -6.553 27.505 17.474
1 41 20 0.5542 0.2330 0 0 -9.270 28.955 19.657
1 42 1 0.4397 -0.311 0 0 -9.565 32.369 21.312
1 43 13 0.4216 0.2220 0 0 -11.326 33.132 24.584
1 44 6 0.1566 -0.973 0 0 -11.641 36.390 26.456
1 45 22 0.2228 0.9982 0 0 -11.498 35.780 30.241
1 46 22 0.0783 -0.972 0 0 -10.838 37.706 33.461
1 47 11 0.1927 0.9755 0 0 -8.195 35.981 35.648
1 48 3 0.0361 0.5938 0 0 -7.307 37.743 38.995
1 49 9 0.0060 0.0000 0 0 -9.015 40.880 37.663
1 50 7 0.0240 0.4901 0 0 -7.081 41.000 34.378
1 51 18 0.0301 -0.645 0 0 -9.233 40.855 31.264
1 52 5 0.1265 0.7009 0 0 -7.187 38.797 28.930
1 53 12 0.3192 -0.423 0 0 -7.305 36.858 25.715
1 54 12 0.5963 0.4872 0 0 -6.189 33.201 25.544
1 55 3 0.6265 -0.431 0 0 -4.868 32.018 22.162
1 56 11 0.8373 0.5100 0 0 -4.980 28.181 22.427
1 57 12 0.8433 -0.424 0 0 -3.683 25.588 20.078
1 58 3 0.8915 -0.181 0 0 -5.400 22.208 20.522
1 59 18 0.8493 0.4964 0 0 -2.772 19.908 18.952
1 60 0 0.6686 -0.558 0 0 -3.770 16.723 16.991
1 61 9 0.4277 0.0000 0 0 -1.325 15.207 14.492
1 62 6 0.5060 0.7497 0 0 1.808 14.886 16.653
1 63 7 0.2409 0.0880 0 0 5.101 14.567 14.759
1 64 7 0.0843 -0.301 0 0 3.547 15.132 11.362
1 65 20 0.0903 0.0207 0 0 4.929 18.713 11.118
1 66 17 0.1084 0.7835 0 0 2.480 21.535 10.347
1 67 0 0.0602 -0.925 0 0 3.755 25.151 10.217
1 68 14 0.2530 0.3091 0 0 1.049 26.272 12.687
1 69 1 0.4879 0.2337 0 0 2.173 23.688 15.360
1 70 3 0.3373 -0.683 0 0 5.973 24.436 14.920
1 71 6 0.3072 -0.768 0 0 5.062 28.132 15.415
1 72 20 0.5843 0.1528 0 0 2.963 27.625 18.563
1 73 14 0.6204 0.3944 0 0 5.665 25.247 19.757
1 74 1 0.3614 -0.697 0 0 8.347 27.900 19.367
1 75 18 0.3915 -0.512 0 0 6.200 30.864 20.341
1 76 9 0.6927 0.0000 0 0 3.686 29.269 22.799
1 77 7 0.6746 -0.585 0 0 4.176 30.745 26.289
1 78 9 0.8734 0.0000 0 0 2.682 27.861 28.307
1 79 15 0.9638 -0.712 0 0 1.814 24.211 27.865
1 80 12 0.9939 0.5065 0 0 -0.931 21.979 29.180
1 81 5 0.9819 -0.706 0 0 0.573 18.385 29.128
1 82 22 0.9759 0.4960 0 0 -2.482 16.114 29.335
1 83 15 0.8674 -0.330 0 0 -2.739 12.354 29.953
1 84 0 0.7409 -0.340 0 0 -5.787 10.363 30.869
1 85 11 0.4939 -0.108 0 0 -5.922 8.607 34.232
1 86 2 0.2771 0.1250 0 0 -7.196 5.314 32.569
1 87 2 0.3734 0.3935 0 0 -4.503 5.350 29.890
1 88 18 0.2289 -0.898 0 0 -1.132 4.261 31.259
1 89 13 0.3253 -0.179 0 0 0.518 4.742 27.967
1 90 17 0.6084 0.3874 0 0 -0.630 8.454 27.720
1 91 15 0.5903 -0.313 0 0 0.957 8.994 31.119
1 92 7 0.3855 -0.853 0 0 4.295 7.300 30.006
1 93 3 0.5361 -0.101 0 0 4.231 9.468 26.832
1 94 11 0.7590 0.6739 0 0 4.330 12.715 28.985
1 95 10 0.5180 -0.953 0 0 8.108 12.492 29.104
1 96 10 0.4759 -0.355 0 0 8.367 12.760 25.320
1 97 20 0.7951 0.3758 0 0 6.126 15.871 25.229
1 98 1 0.7349 -0.164 0 0 8.026 17.521 27.991
1 99 7 0.4457 -0.704 0 0 11.287 16.717 26.206
1 100 6 0.4819 0.2910 0 0 10.019 18.238 22.955
1 101 11 0.6566 0.9545 0 0 9.010 21.410 24.848
1 102 13 0.4156 -0.114 0 0 12.378 21.616 26.608
1 103 1 0.1445 -0.006 0 0 14.334 21.192 23.368
1 104 22 0.2590 0.5267 0 0 12.413 23.931 21.514
1 105 13 0.2349 0.7637 0 0 12.863 26.374 24.445
1 106 3 0.0421 -0.998 0 0 16.465 25.442 25.386
1 107 17 0.1144 0.3307 0 0 15.142 25.692 28.957
1 108 7 0.2108 -0.514 0 0 13.869 23.518 31.804
1 109 3 0.3433 -0.485 0 0 11.831 26.421 33.156
1 110 22 0.5783 0.3179 0 0 8.844 26.579 30.764
1 111 16 0.7650 -0.580 0 0 5.323 27.397 32.064
1 112 14 0.9096 -0.027 0 0 3.615 24.036 32.130
1 113 22 0.9397 0.0675 0 0 0.831 22.234 34.002
1 114 12 0.9337 -0.680 0 0 0.491 18.451 34.142
1 115 22 0.9578 0.7229 0 0 -3.184 17.569 33.597
1 116 9 0.8554 0.0000 0 0 -4.661 14.107 34.512
1 117 2 0.8253 0.3103 0 0 -7.963 13.997 32.647
1 118 13 0.5722 0.1168 0 0 -11.041 11.701 32.679
1 119 17 0.4518 0.1972 0 0 -11.259 11.820 36.449
1 120 3 0.1686 0.3592 0 0 -14.989 10.810 36.217
1 121 12 0.0963 0.3645 0 0 -14.005 7.304 34.955
1 122 16 0.0180 -0.283 0 0 -13.905 4.192 37.060
1 123 17 0.0120 -0.894 0 0 -10.764 2.293 38.111
1 124 1 0.0722 0.5184 0 0 -8.025 4.585 36.857
1 125 18 0.0542 -0.033 0 0 -4.660 2.905 35.974
1 126 22 0.2048 0.8603 0 0 -2.464 5.937 36.806
1 127 3 0.1024 -0.926 0 0 -2.546 6.655 40.529
1 128 18 0.2168 -0.002 0 0 -2.592 10.278 41.774
1 129 13 0.0662 -0.598 0 0 0.740 9.526 43.373
1 130 6 0.1506 -0.275 0 0 2.429 8.656 40.095
1 131 0 0.4698 0.4918 0 0 1.108 11.986 38.713
1 132 6 0.3554 -0.444 0 0 2.203 14.040 41.783
1 133 3 0.1385 -0.840 0 0 5.700 12.485 41.778
1 134 12 0.4036 0.5813 0 0 6.124 13.220 38.078
1 135 0 0.5602 0.4595 0 0 4.961 16.900 38.366
1 136 1 0.2650 -0.680 0 0 7.186 17.294 41.483
1 137 17 0.1626 -0.153 0 0 10.150 16.038 39.453
1 138 20 0.4337 0.5245 0 0 9.453 18.562 36.688
1 139 9 0.3795 0.0000 0 0 8.696 21.376 39.139
1 140 11 0.6506 0.7202 0 0 5.158 22.017 37.826
1 141 16 0.7108 0.2390 0 0 1.556 21.925 39.101
1 142 15 0.7831 -0.140 0 0 -0.599 18.797 38.711
1 143 11 0.8132 0.2540 0 0 -4.309 19.327 38.265
1 144 7 0.7469 -0.860 0 0 -6.865 16.521 37.876
1 145 18 0.8012 0.9778 0 0 -9.694 17.200 35.435
1 146 17 0.6385 -0.978 0 0 -12.811 15.802 33.825
1 147 0 0.6987 0.4202 0 0 -13.784 17.357 30.451
1 148 13 0.3975 -0.795 0 0 -17.088 15.445 31.017
1 149 18 0.2710 -0.105 0 0 -18.134 16.958 34.330
1 150 1 0.4638 0.0977 0 0 -16.058 20.149 33.784
1 151 6 0.4578 -0.548 0 0 -14.235 19.604 37.175
1 152 9 0.6867 0.0000 0 0 -10.775 21.250 37.167
1 153 22 0.8192 -0.048 0 0 -11.054 22.686 33.642
1 154 3 0.7228 -0.804 0 0 -10.900 26.399 34.539
1 155 3 0.7289 -0.500 0 0 -8.369 25.643 37.251
1 156 0 0.9216 0.6802 0 0 -6.023 23.941 34.699
1 157 15 0.9156 0.5293 0 0 -6.084 26.825 32.257
1 158 20 0.7530 -0.545 0 0 -6.055 29.591 34.894
1 159 18 0.7771 0.0457 0 0 -3.157 27.981 36.729
1 160 12 0.8795 0.7770 0 0 -1.248 27.857 33.452
1 161 22 0.7168 -0.347 0 0 -1.848 31.594 32.888
1 162 1 0.5120 -0.191 0 0 -0.568 32.150 36.452
1 163 7 0.6144 0.1906 0 0 2.546 30.073 35.631
1 164 11 0.5481 0.5775 0 0 3.198 32.276 32.496
1 165 1 0.2951 0.0736 0 0 2.916 35.439 34.747
1 166 13 0.1807 0.2672 0 0 5.270 33.918 37.247
1 167 10 0.1987 0.3197 0 0 7.888 33.247 34.594
0 168 13 0 0 0 0 7.888 33.247 34.594
0 169 7 0 0 0 0 7.888 33.247 34.594
0 170 13 0 0 0 0 7.888 33.247 34.594
