0 1 9 0 0 0 0 0 0 0
1 2 14 0.0060 -0.822 0 0 16.694 54.432 23.250
1 3 18 0.0421 0.0190 0 0 19.206 55.546 20.592
1 4 7 0.2349 -0.022 0 0 20.942 52.226 19.673
1 5 20 0.5421 -0.174 0 0 24.655 51.944 18.696
1 6 13 0.6746 -0.739 0 0 25.896 49.041 16.538
1 7 12 0.9036 0.1796 0 0 29.396 48.274 17.803
1 8 22 0.9518 -0.605 0 0 31.776 45.764 16.258
1 9 22 0.9879 0.3024 0 0 34.700 44.249 18.165
1 10 22 0.9698 -0.192 0 0 37.569 43.363 15.832
1 11 9 0.9277 0.0000 0 0 41.060 41.869 16.227
1 12 0 0.7710 -0.636 0 0 43.129 38.646 15.923
1 13 9 0.6566 0.0000 0 0 41.811 35.403 17.444
1 14 9 0.5963 0.0000 0 0 43.015 35.044 21.114
1 15 22 0.8192 0.6670 0 0 43.345 38.819 21.980
1 16 9 0.8554 0.0000 0 0 40.328 38.790 24.270
1 17 13 0.9397 0.1078 0 0 37.385 40.118 22.187
1 18 17 0.8253 -0.604 0 0 34.918 37.644 23.805
1 19 0 0.7530 -0.335 0 0 36.399 38.125 27.348
1 20 12 0.8975 0.6676 0 0 35.960 41.977 26.990
1 21 18 0.8674 0.3215 0 0 32.426 41.702 25.655
1 22 11 0.6506 -0.479 0 0 31.397 39.184 28.328
1 23 6 0.6084 -0.343 0 0 33.025 41.239 31.047
1 24 12 0.6987 0.5727 0 0 31.033 44.249 29.919
1 25 11 0.5180 0.2583 0 0 27.692 42.432 29.526
1 26 6 0.3012 -0.008 0 0 27.825 39.859 32.379
1 27 2 0.2650 -0.442 0 0 30.390 41.296 34.721
1 28 10 0.2048 -0.376 0 0 32.870 38.423 35.017
1 29 15 0.3433 0.1407 0 0 35.935 37.003 33.302
1 30 22 0.2590 0.0132 0 0 35.527 33.786 31.316
1 31 3 0.1204 -0.784 0 0 38.793 32.009 30.872
1 32 7 0.1385 -0.796 0 0 39.087 30.230 27.518
1 33 20 0.3253 0.3603 0 0 35.742 31.242 26.044
1 34 3 0.1686 -0.345 0 0 34.761 29.212 22.905
1 35 16 0.3674 -0.828 0 0 37.212 30.679 20.231
1 36 18 0.2289 -0.974 0 0 34.908 29.729 17.398
1 37 11 0.3614 -0.272 0 0 31.550 31.452 18.319
1 38 7 0.5060 0.2418 0 0 30.445 34.742 16.714
1 39 3 0.4879 -0.765 0 0 27.397 36.535 18.178
1 40 17 0.5843 -0.632 0 0 25.991 39.976 19.091
1 41 20 0.5481 0.2011 0 0 25.082 41.058 22.583
1 42 1 0.4337 -0.346 0 0 22.740 43.752 23.639
1 43 13 0.4036 0.2460 0 0 23.103 45.925 26.740
1 44 6 0.1506 -0.961 0 0 21.395 48.988 28.073
1 45 22 0.2530 0.9889 0 0 23.878 51.448 29.680
1 46 22 0.0903 -0.975 0 0 23.972 55.064 30.791
1 47 11 0.2228 0.9623 0 0 27.031 56.993 29.571
1 48 3 0.0481 0.5553 0 0 27.738 60.571 30.695
1 49 9 0.0 0.0000 0 0 24.153 60.390 31.972
1 50 7 0.0240 0.2329 0 0 22.560 59.692 28.505
1 51 18 0.0301 -0.654 0 0 20.961 56.170 28.351
1 52 5 0.1265 0.8368 0 0 21.521 54.120 25.253
1 53 12 0.2951 -0.371 0 0 21.290 50.622 23.853
1 54 12 0.5662 0.5180 0 0 24.494 48.801 22.809
1 55 3 0.6024 -0.472 0 0 24.295 46.121 20.087
1 56 11 0.8373 0.4720 0 0 27.792 44.600 20.154
1 57 12 0.8493 -0.365 0 0 29.156 42.101 17.614
1 58 3 0.8855 -0.196 0 0 31.962 39.926 18.957
1 59 18 0.8313 0.5370 0 0 33.677 38.693 15.806
1 60 0 0.6445 -0.442 0 0 35.086 35.205 15.371
1 61 9 0.3915 0.0000 0 0 36.291 32.864 12.677
1 62 6 0.2409 -0.405 0 0 39.025 32.829 10.099
1 63 7 0.2108 0.3800 0 0 38.226 34.954 7.171
1 64 7 0.0542 -0.899 0 0 39.630 35.797 3.892
1 65 20 0.1325 0.1038 0 0 37.220 38.778 3.784
1 66 17 0.0783 0.4530 0 0 33.733 37.168 3.684
1 67 0 0.0361 -0.940 0 0 30.674 38.950 2.421
1 68 14 0.1084 0.0562 0 0 28.871 38.436 5.772
1 69 1 0.4397 0.7245 0 0 31.754 40.183 7.593
1 70 3 0.3373 -0.727 0 0 31.664 43.110 5.144
1 71 6 0.2168 -0.461 0 0 27.885 43.411 5.768
1 72 20 0.5 -0.165 0 0 28.460 43.561 9.520
1 73 14 0.6265 0.4153 0 0 31.278 46.180 9.009
1 74 1 0.3855 -0.787 0 0 28.815 48.245 6.933
1 75 18 0.4518 -0.283 0 0 26.348 48.167 9.788
1 76 9 0.7168 0.0000 0 0 28.901 48.921 12.504
1 77 7 0.6807 -0.664 0 0 28.860 52.485 13.817
1 78 9 0.8734 0.0000 0 0 32.018 52.139 15.957
1 79 15 0.9638 -0.775 0 0 34.905 49.672 16.037
1 80 12 0.9939 0.5487 0 0 36.786 48.434 19.023
1 81 5 0.9819 -0.693 0 0 40.175 47.280 17.510
1 82 22 0.9759 0.4312 0 0 41.769 44.966 20.013
1 83 15 0.8795 -0.311 0 0 45.257 43.633 20.207
1 84 0 0.7409 -0.406 0 0 46.966 41.849 23.200
1 85 11 0.5240 -0.141 0 0 50.033 43.540 24.707
1 86 2 0.3192 0.0926 0 0 51.842 40.206 24.789
1 87 2 0.3795 0.2122 0 0 51.226 39.452 21.060
1 88 18 0.2710 -0.933 0 0 53.188 41.246 18.392
1 89 13 0.3493 -0.201 0 0 51.257 39.707 15.477
1 90 17 0.6385 0.4054 0 0 47.931 40.927 16.921
1 91 15 0.6204 -0.195 0 0 49.352 44.429 17.083
1 92 7 0.4216 -0.737 0 0 50.664 44.071 13.547
1 93 3 0.5903 -0.081 0 0 47.068 43.151 12.435
1 94 11 0.7891 0.6013 0 0 45.608 46.494 13.584
1 95 10 0.5361 -0.958 0 0 46.869 48.173 10.379
1 96 10 0.5120 -0.016 0 0 44.792 45.668 8.341
1 97 20 0.7771 0.4866 0 0 41.558 46.191 10.335
1 98 1 0.7108 -0.163 0 0 41.860 49.905 10.075
1 99 7 0.4457 -0.807 0 0 42.283 49.549 6.245
1 100 6 0.4819 -0.300 0 0 39.110 47.409 5.927
1 101 11 0.6686 0.9813 0 0 37.130 49.721 8.204
1 102 13 0.4156 -0.074 0 0 38.102 52.831 6.170
1 103 1 0.1626 -0.265 0 0 37.376 51.011 2.923
1 104 22 0.2891 0.5532 0 0 33.854 49.669 3.923
1 105 13 0.3132 0.7299 0 0 32.746 52.994 5.430
1 106 3 0.0602 -0.991 0 0 34.443 54.912 2.623
1 107 17 0.1144 0.2545 0 0 35.856 57.372 5.223
1 108 7 0.1746 -0.626 0 0 38.996 58.499 7.080
1 109 3 0.3554 -0.357 0 0 36.922 59.453 10.110
1 110 22 0.5602 0.2804 0 0 35.203 56.340 11.455
1 111 16 0.7590 -0.534 0 0 34.557 56.206 15.193
1 112 14 0.9096 -0.054 0 0 37.178 53.637 16.499
1 113 22 0.9457 0.1070 0 0 39.150 53.046 19.728
1 114 12 0.9337 -0.662 0 0 42.389 51.040 19.908
1 115 22 0.9578 0.7292 0 0 42.418 48.636 22.795
1 116 9 0.8614 0.0000 0 0 45.533 46.946 24.242
1 117 2 0.8433 0.2786 0 0 44.167 43.999 26.213
1 118 13 0.5722 0.1075 0 0 45.659 41.602 28.890
1 119 17 0.4638 0.2594 0 0 47.279 44.558 30.682
1 120 3 0.1927 0.3802 0 0 47.492 42.288 33.809
1 121 12 0.0963 0.3783 0 0 50.125 40.102 32.127
1 122 16 0.0120 -0.304 0 0 53.838 40.278 33.010
1 123 17 0.0180 -0.809 0 0 55.611 39.810 29.767
1 124 1 0.0722 0.5106 0 0 54.717 42.786 27.676
1 125 18 0.0662 -0.095 0 0 55.938 42.600 24.050
1 126 22 0.2469 0.9027 0 0 54.118 45.595 22.501
1 127 3 0.1024 -0.644 0 0 55.354 48.916 23.831
1 128 18 0.2771 -0.053 0 0 52.652 51.280 25.143
1 129 13 0.0843 -0.839 0 0 54.336 54.156 23.286
1 130 6 0.1566 -0.024 0 0 54.065 52.356 19.963
1 131 0 0.4939 0.5653 0 0 50.266 51.827 20.488
1 132 6 0.4096 -0.517 0 0 49.830 55.464 21.742
1 133 3 0.1867 -0.864 0 0 51.632 56.656 18.641
1 134 12 0.4277 0.5032 0 0 49.578 54.528 16.323
1 135 0 0.5783 0.4668 0 0 46.381 55.656 17.943
1 136 1 0.3313 -0.781 0 0 47.462 59.291 17.739
1 137 17 0.1807 0.1536 0 0 48.353 58.982 14.066
1 138 20 0.4578 0.5732 0 0 44.848 57.659 13.441
1 139 9 0.3734 0.0000 0 0 43.355 60.392 15.631
1 140 11 0.6626 0.7170 0 0 41.590 57.885 17.851
1 141 16 0.7289 0.1256 0 0 41.600 57.071 21.549
1 142 15 0.8012 -0.164 0 0 43.821 54.276 22.953
1 143 11 0.8072 0.2802 0 0 42.874 52.497 26.174
1 144 7 0.7469 -0.671 0 0 44.722 49.592 27.864
1 145 18 0.7951 0.9776 0 0 42.328 47.010 29.324
1 146 17 0.6325 -0.969 0 0 42.286 43.752 31.276
1 147 0 0.6927 0.4803 0 0 39.190 41.645 30.728
1 148 13 0.3975 -0.732 0 0 40.465 39.562 33.690
1 149 18 0.2831 -0.243 0 0 40.880 42.454 36.090
1 150 1 0.4698 -0.625 0 0 38.099 44.596 34.587
1 151 6 0.4759 -0.371 0 0 40.618 47.365 34.308
1 152 9 0.6867 0.0000 0 0 39.581 49.628 31.439
1 153 22 0.8132 -0.028 0 0 36.688 47.543 30.179
1 154 3 0.7048 -0.832 0 0 33.822 50.083 30.657
1 155 3 0.7349 -0.406 0 0 36.127 52.919 29.513
1 156 0 0.9156 0.6467 0 0 36.939 51.233 26.179
1 157 15 0.9216 0.5026 0 0 33.359 50.648 25.254
1 158 20 0.7650 -0.524 0 0 32.096 53.974 26.637
1 159 18 0.7831 0.0279 0 0 34.825 55.898 24.891
1 160 12 0.8915 0.7785 0 0 33.844 54.292 21.582
1 161 22 0.7228 -0.344 0 0 30.270 55.517 22.247
1 162 1 0.5301 -0.062 0 0 31.660 59.026 22.965
1 163 7 0.6144 0.2181 0 0 33.428 58.733 19.615
1 164 11 0.5542 0.5470 0 0 30.223 57.955 17.775
1 165 1 0.3072 0.0775 0 0 28.460 60.896 19.634
1 166 13 0.1445 0.2106 0 0 31.278 63.449 18.881
1 167 10 0.1987 0.3083 0 0 31.135 62.324 15.270
0 168 13 0 0 0 0 31.135 62.324 15.270
0 169 7 0 0 0 0 31.135 62.324 15.270
0 170 13 0 0 0 0 31.135 62.324 15.270
