1 1 9 0.0 0.0000 0 0 47.162 23.926 -7.374
1 2 14 0.0235 0.3535 0 0 43.466 24.598 -7.285
1 3 18 0.1117 0.1954 0 0 42.293 26.480 -4.244
1 4 7 0.3529 -0.474 0 0 41.860 24.354 -1.100
1 5 20 0.6117 -0.262 0 0 39.421 25.438 1.695
1 6 13 0.7411 -0.895 0 0 40.353 24.219 5.164
1 7 12 0.9235 0.0978 0 0 37.070 23.573 6.973
1 8 22 0.9588 -0.638 0 0 36.683 22.433 10.552
1 9 22 0.9882 0.1871 0 0 33.535 20.666 11.864
1 10 22 0.9647 -0.129 0 0 33.034 21.314 15.656
1 11 9 0.9058 0.0000 0 0 30.296 20.617 18.214
1 12 0 0.7470 -0.532 0 0 29.372 18.246 21.077
1 13 9 0.6 0.0000 0 0 29.763 14.529 20.889
1 14 9 0.5588 0.0000 0 0 26.813 12.905 19.228
1 15 22 0.8 0.6430 0 0 25.596 15.828 17.108
1 16 9 0.8411 0.0000 0 0 26.489 14.251 13.775
1 17 13 0.9411 0.0982 0 0 29.838 15.771 12.863
1 18 17 0.8235 -0.625 0 0 31.156 12.497 11.467
1 19 0 0.7117 -0.317 0 0 27.922 11.563 9.776
1 20 12 0.8823 0.6489 0 0 27.776 15.050 8.138
1 21 18 0.8764 0.3334 0 0 31.362 14.752 6.927
1 22 11 0.6352 -0.521 0 0 30.951 11.247 5.536
1 23 6 0.6176 -0.421 0 0 27.693 12.221 3.807
1 24 12 0.7352 0.6313 0 0 29.498 15.206 2.242
1 25 11 0.5352 0.3022 0 0 32.552 13.189 1.148
1 26 6 0.3411 -0.003 0 0 31.187 9.736 0.318
1 27 2 0.3117 -0.095 0 0 27.411 10.264 -0.168
1 28 10 0.2117 -0.210 0 0 26.417 7.704 2.384
1 29 15 0.3294 0.1178 0 0 24.923 7.712 5.849
1 30 22 0.2705 0.0503 0 0 27.085 6.081 8.556
1 31 3 0.1411 -0.795 0 0 25.090 4.845 11.651
1 32 7 0.1294 -0.807 0 0 27.931 4.295 14.035
1 33 20 0.2823 0.4486 0 0 31.250 5.890 13.825
1 34 3 0.1588 -0.519 0 0 33.468 5.728 16.958
1 35 16 0.4 -0.765 0 0 32.901 9.079 18.630
1 36 18 0.2941 -0.978 0 0 36.601 9.361 19.599
1 37 11 0.3823 -0.519 0 0 38.076 9.249 16.087
1 38 7 0.5235 0.2879 0 0 39.315 12.631 14.653
1 39 3 0.5117 -0.703 0 0 40.500 12.557 11.030
1 40 17 0.6058 -0.557 0 0 40.649 14.839 7.972
1 41 20 0.5764 0.1679 0 0 38.972 14.089 4.669
1 42 1 0.4764 -0.618 0 0 39.292 15.566 1.177
1 43 13 0.4176 0.2192 0 0 36.901 16.018 -1.760
1 44 6 0.1999 -0.972 0 0 37.269 17.898 -5.033
1 45 22 0.2588 0.9914 0 0 34.074 19.785 -5.795
1 46 22 0.1235 -0.982 0 0 32.737 22.613 -7.988
1 47 11 0.2647 0.9681 0 0 31.199 25.479 -6.077
1 48 3 0.0882 0.6370 0 0 29.729 28.321 -8.118
1 49 9 0.0117 0.0000 0 0 31.919 27.249 -11.084
1 50 7 0.0529 0.5191 0 0 35.147 27.043 -9.164
1 51 18 0.0588 -0.717 0 0 36.848 23.632 -9.053
1 52 5 0.1882 0.7199 0 0 38.334 23.480 -5.507
1 53 12 0.3647 -0.178 0 0 39.393 21.056 -2.843
1 54 12 0.6411 0.4241 0 0 37.552 20.821 0.519
1 55 3 0.6588 -0.573 0 0 39.944 19.671 3.258
1 56 11 0.8705 0.4560 0 0 37.718 18.939 6.236
1 57 12 0.8588 -0.413 0 0 38.726 18.164 9.798
1 58 3 0.8882 -0.263 0 0 36.080 16.066 11.601
1 59 18 0.8529 0.5598 0 0 36.918 17.004 15.212
1 60 0 0.6705 -0.674 0 0 36.311 14.762 18.264
1 61 9 0.5705 0.0000 0 0 36.931 17.060 21.230
1 62 6 0.3235 -0.457 0 0 39.864 17.040 23.648
1 63 7 0.1823 0.7387 0 0 43.267 16.515 22.233
1 64 7 0.0411 -0.669 0 0 46.374 14.783 23.713
1 65 20 0.0294 -0.813 0 0 47.715 18.371 24.149
1 66 17 0.0705 -0.500 0 0 45.681 21.541 24.033
1 67 0 0.0647 -0.869 0 0 48.319 22.914 21.643
1 68 14 0.1529 -0.338 0 0 46.862 20.551 18.986
1 69 1 0.4411 -0.133 0 0 43.407 22.166 19.313
1 70 3 0.3352 -0.639 0 0 44.956 25.619 19.003
1 71 6 0.2764 -0.631 0 0 46.862 24.460 15.983
1 72 20 0.5411 0.6032 0 0 43.843 23.166 13.971
1 73 14 0.6470 0.2563 0 0 41.830 26.297 14.943
1 74 1 0.4352 -0.771 0 0 44.555 28.528 13.556
1 75 18 0.4705 -0.241 0 0 44.941 26.379 10.460
1 76 9 0.7588 0.0000 0 0 41.197 26.191 9.776
1 77 7 0.7294 -0.543 0 0 39.679 28.913 7.602
1 78 9 0.9 0.0000 0 0 36.012 28.299 8.413
1 79 15 0.9764 -0.771 0 0 34.061 26.353 11.067
1 80 12 0.9941 0.5859 0 0 30.816 24.459 10.915
1 81 5 0.9823 -0.598 0 0 29.371 24.791 14.428
1 82 22 0.9705 0.4148 0 0 27.079 21.847 14.733
1 83 15 0.8647 -0.311 0 0 24.335 21.129 17.292
1 84 0 0.6941 -0.435 0 0 21.608 18.544 17.161
1 85 11 0.4941 -0.174 0 0 17.960 19.819 17.137
1 86 2 0.2470 0.1143 0 0 16.997 17.271 19.826
1 87 2 0.3588 0.3294 0 0 19.898 18.103 22.192
1 88 18 0.2352 -0.881 0 0 19.639 21.364 24.059
1 89 13 0.3058 -0.176 0 0 23.053 21.096 25.766
1 90 17 0.5882 0.3798 0 0 24.696 20.746 22.297
1 91 15 0.5823 -0.245 0 0 23.022 24.048 21.339
1 92 7 0.4117 -0.900 0 0 24.177 25.718 24.551
1 93 3 0.5470 -0.148 0 0 27.684 24.427 23.837
1 94 11 0.7764 0.6422 0 0 27.790 26.509 20.605
1 95 10 0.5176 -0.550 0 0 28.487 29.670 22.698
1 96 10 0.5058 -0.107 0 0 31.716 27.951 23.912
1 97 20 0.7941 0.3973 0 0 32.849 26.919 20.377
1 98 1 0.7235 -0.081 0 0 32.111 30.433 19.033
1 99 7 0.4588 -0.864 0 0 34.179 32.016 21.729
1 100 6 0.5 0.1116 0 0 37.071 29.490 21.732
1 101 11 0.6764 0.9929 0 0 37.671 29.657 17.937
1 102 13 0.4529 -0.075 0 0 37.678 33.528 18.058
1 103 1 0.2235 -0.391 0 0 39.933 33.403 21.028
1 104 22 0.3000 0.4930 0 0 42.495 31.082 19.499
1 105 13 0.3470 0.8090 0 0 42.428 32.846 16.119
1 106 3 0.1058 -0.994 0 0 42.536 36.211 17.922
1 107 17 0.1705 0.5943 0 0 39.977 37.477 15.442
1 108 7 0.1941 -0.863 0 0 36.569 39.024 15.374
1 109 3 0.3764 -0.351 0 0 35.934 37.907 11.763
1 110 22 0.6294 0.2970 0 0 36.063 34.145 11.556
1 111 16 0.8058 -0.516 0 0 33.959 32.451 8.857
1 112 14 0.9117 -0.165 0 0 31.396 30.177 10.510
1 113 22 0.9529 0.0764 0 0 28.021 28.554 9.808
1 114 12 0.9352 -0.744 0 0 25.561 27.407 12.490
1 115 22 0.9470 0.7114 0 0 24.219 23.932 11.710
1 116 9 0.8470 0.0000 0 0 21.251 22.262 13.381
1 117 2 0.8294 0.2815 0 0 21.556 18.564 12.516
1 118 13 0.5294 0.0820 0 0 19.163 15.606 12.778
1 119 17 0.4294 0.2857 0 0 16.265 17.498 11.145
1 120 3 0.1764 0.3360 0 0 14.726 14.226 10.057
1 121 12 0.0999 0.3703 0 0 13.759 13.464 13.710
1 122 16 0.0176 -0.527 0 0 10.312 14.749 14.924
1 123 17 0.0352 -0.013 0 0 11.875 14.799 18.439
1 124 1 0.0823 0.4272 0 0 13.075 18.428 18.799
1 125 18 0.0764 0.1476 0 0 14.083 20.599 21.693
1 126 22 0.2176 0.8575 0 0 15.674 23.498 19.800
1 127 3 0.1176 -0.988 0 0 13.163 25.369 17.669
1 128 18 0.2294 -0.057 0 0 14.278 26.953 14.424
1 129 13 0.0941 -0.925 0 0 13.371 30.414 15.806
1 130 6 0.1470 -0.031 0 0 15.824 30.156 18.706
1 131 0 0.4823 0.5811 0 0 18.680 28.943 16.394
1 132 6 0.3882 -0.487 0 0 17.893 31.776 13.968
1 133 3 0.1647 -0.795 0 0 18.128 34.268 16.872
1 134 12 0.4235 0.5704 0 0 21.591 32.891 17.802
1 135 0 0.5647 0.3923 0 0 22.882 32.992 14.189
1 136 1 0.2882 -0.809 0 0 21.494 36.603 13.807
1 137 17 0.2058 0.2573 0 0 23.470 37.580 16.978
1 138 20 0.4470 0.5528 0 0 26.642 36.179 15.361
1 139 9 0.4058 0.0000 0 0 25.889 37.536 11.876
1 140 11 0.6647 0.7329 0 0 26.384 34.099 10.271
1 141 16 0.7058 0.2172 0 0 24.198 31.754 8.238
1 142 15 0.7823 -0.232 0 0 22.089 29.041 9.873
1 143 11 0.8176 0.3103 0 0 21.167 25.800 8.114
1 144 7 0.7 -0.739 0 0 19.185 22.786 9.388
1 145 18 0.7705 0.9792 0 0 20.569 19.519 8.048
1 146 17 0.5941 -0.976 0 0 19.993 15.806 8.088
1 147 0 0.6823 0.4596 0 0 23.060 13.715 7.594
1 148 13 0.3941 -0.801 0 0 20.632 10.767 7.277
1 149 18 0.2411 -0.173 0 0 18.654 12.111 4.262
1 150 1 0.4882 0.1388 0 0 21.446 14.466 3.085
1 151 6 0.4647 -0.524 0 0 19.093 17.482 3.280
1 152 9 0.6882 0.0000 0 0 21.078 20.710 3.784
1 153 22 0.8352 -0.063 0 0 24.480 18.941 3.668
1 154 3 0.7176 -0.792 0 0 26.014 20.454 0.575
1 155 3 0.7529 -0.333 0 0 24.467 23.784 1.551
1 156 0 0.9176 0.5875 0 0 26.134 23.804 4.933
1 157 15 0.9294 0.5175 0 0 29.620 23.082 3.547
1 158 20 0.7882 -0.537 0 0 29.270 25.215 0.433
1 159 18 0.8117 0.0394 0 0 27.845 28.122 2.386
1 160 12 0.8941 0.8112 0 0 30.910 27.952 4.645
1 161 22 0.7647 -0.362 0 0 33.144 28.150 1.573
1 162 1 0.5529 -0.112 0 0 31.202 31.189 0.421
1 163 7 0.6529 0.2090 0 0 31.760 32.791 3.840
1 164 11 0.6235 0.5765 0 0 35.471 32.161 3.564
1 165 1 0.3705 0.0636 0 0 35.514 33.846 0.112
1 166 13 0.2529 0.2091 0 0 33.797 36.933 1.625
1 167 10 0.3176 0.2435 0 0 36.466 37.068 4.298
1 168 13 0.1352 0.3851 0 0 39.333 36.681 1.770
1 169 7 0.0470 0.1211 0 0 38.181 39.552 -0.499
1 170 13 0.0058 0.6599 0 0 38.512 42.236 2.209
