1 1 9 0.0 0.0000 0 0 27.802 3.497 -7.379
1 2 14 0.0176 0.3405 0 0 24.056 4.121 -7.270
1 3 18 0.0999 0.2034 0 0 22.839 6.052 -4.260
1 4 7 0.3529 -0.451 0 0 22.449 3.986 -1.062
1 5 20 0.6 -0.246 0 0 20.056 5.027 1.699
1 6 13 0.7411 -0.890 0 0 20.917 3.706 5.209
1 7 12 0.9235 0.1033 0 0 17.603 3.139 6.976
1 8 22 0.9588 -0.605 0 0 17.150 1.900 10.547
1 9 22 0.9882 0.2328 0 0 14.007 0.326 11.917
1 10 22 0.9647 -0.111 0 0 13.535 0.938 15.668
1 11 9 0.9058 0.0000 0 0 10.790 0.150 18.228
1 12 0 0.7529 -0.563 0 0 9.818 -2.110 21.088
1 13 22 0.6058 -0.928 0 0 10.312 -5.852 20.899
1 14 9 0.5470 0.0000 0 0 7.354 -7.634 19.241
1 15 22 0.8 0.6697 0 0 6.089 -4.612 17.225
1 16 9 0.8470 0.0000 0 0 6.965 -6.137 13.805
1 17 13 0.9411 0.0787 0 0 10.338 -4.616 12.856
1 18 17 0.8235 -0.632 0 0 11.600 -7.941 11.537
1 19 0 0.7235 -0.291 0 0 8.342 -8.824 9.834
1 20 12 0.8823 0.6500 0 0 8.265 -5.370 8.160
1 21 18 0.8764 0.3246 0 0 11.896 -5.596 6.936
1 22 11 0.6411 -0.512 0 0 11.535 -9.164 5.597
1 23 6 0.6117 -0.405 0 0 8.296 -8.157 3.772
1 24 12 0.7176 0.5800 0 0 10.038 -5.226 2.175
1 25 11 0.5352 0.2986 0 0 13.171 -7.161 1.108
1 26 6 0.3411 -0.026 0 0 11.785 -10.664 0.465
1 27 2 0.3176 -0.064 0 0 8.061 -10.132 -0.138
1 28 10 0.2117 -0.180 0 0 6.907 -12.691 2.343
1 29 15 0.3352 0.0960 0 0 5.438 -12.542 5.859
1 30 22 0.2941 0.0306 0 0 7.539 -14.242 8.589
1 31 3 0.1352 -0.855 0 0 5.514 -15.696 11.565
1 32 7 0.1235 -0.848 0 0 8.360 -16.201 13.891
1 33 20 0.2764 0.5419 0 0 11.742 -14.622 13.691
1 34 3 0.1647 -0.534 0 0 13.948 -14.751 16.731
1 35 16 0.4 -0.790 0 0 13.338 -11.452 18.660
1 36 18 0.2705 -0.977 0 0 17.015 -11.240 19.611
1 37 11 0.3705 -0.507 0 0 18.575 -11.248 16.067
1 38 7 0.5235 0.2956 0 0 19.757 -7.880 14.649
1 39 3 0.5176 -0.761 0 0 20.847 -7.781 11.062
1 40 17 0.6235 -0.359 0 0 21.053 -5.549 8.054
1 41 20 0.5705 0.1620 0 0 19.484 -6.339 4.655
1 42 1 0.4588 -0.269 0 0 19.993 -4.792 1.158
1 43 13 0.4117 0.2272 0 0 17.629 -4.502 -1.775
1 44 6 0.1999 -0.967 0 0 17.982 -2.564 -5.023
1 45 22 0.2588 0.9876 0 0 14.799 -0.700 -5.817
1 46 22 0.1294 -0.977 0 0 13.350 2.053 -7.950
1 47 11 0.2823 0.9692 0 0 11.800 4.975 -6.035
1 48 3 0.0882 0.6163 0 0 10.289 7.835 -8.088
1 49 9 0.0117 0.0000 0 0 12.449 6.794 -11.053
1 50 7 0.0529 0.5088 0 0 15.705 6.574 -9.072
1 51 18 0.0588 -0.714 0 0 17.447 3.215 -9.042
1 52 5 0.1764 0.7439 0 0 18.958 3.032 -5.547
1 53 12 0.3647 -0.169 0 0 20.094 0.701 -2.830
1 54 12 0.6352 0.4558 0 0 18.227 0.351 0.495
1 55 3 0.6647 -0.476 0 0 20.448 -0.842 3.312
1 56 11 0.8705 0.4749 0 0 18.129 -1.564 6.195
1 57 12 0.8647 -0.376 0 0 19.187 -2.269 9.785
1 58 3 0.8882 -0.279 0 0 16.534 -4.377 11.607
1 59 18 0.8529 0.5692 0 0 17.424 -3.464 15.245
1 60 0 0.6764 -0.680 0 0 16.800 -5.691 18.288
1 61 9 0.5764 0.0000 0 0 17.389 -3.278 21.173
1 62 6 0.3235 -0.476 0 0 20.249 -3.548 23.645
1 63 7 0.1823 0.7403 0 0 23.716 -4.018 22.255
1 64 7 0.0352 -0.637 0 0 26.793 -5.720 23.733
1 65 20 0.0294 -0.801 0 0 28.163 -2.119 24.152
1 66 17 0.0764 -0.531 0 0 26.140 1.071 24.026
1 67 0 0.0647 -0.860 0 0 28.836 2.456 21.610
1 68 14 0.1588 -0.317 0 0 27.307 0.057 19.023
1 69 1 0.4411 -0.137 0 0 23.867 1.664 19.361
1 70 3 0.3294 -0.681 0 0 25.359 5.146 19.061
1 71 6 0.2882 -0.636 0 0 27.338 4.012 16.021
1 72 20 0.5588 0.5999 0 0 24.269 2.840 14.030
1 73 14 0.6470 0.2528 0 0 22.321 5.964 15.006
1 74 1 0.4294 -0.779 0 0 25.088 8.204 13.677
1 75 18 0.4647 -0.316 0 0 25.500 6.089 10.544
1 76 9 0.7588 0.0000 0 0 21.733 5.793 9.895
1 77 7 0.7294 -0.558 0 0 20.254 8.446 7.630
1 78 9 0.8941 0.0000 0 0 16.559 7.849 8.432
1 79 15 0.9764 -0.765 0 0 14.604 5.925 11.049
1 80 12 0.9941 0.6016 0 0 11.325 4.087 10.963
1 81 5 0.9823 -0.595 0 0 9.874 4.416 14.456
1 82 22 0.9705 0.4304 0 0 7.518 1.480 14.776
1 83 15 0.8588 -0.310 0 0 4.814 0.788 17.323
1 84 0 0.6941 -0.363 0 0 2.042 -1.874 17.163
1 85 11 0.4941 -0.191 0 0 -1.540 -0.609 17.177
1 86 2 0.2411 0.1009 0 0 -2.472 -3.059 19.937
1 87 2 0.3588 0.3790 0 0 0.429 -2.255 22.257
1 88 18 0.2352 -0.884 0 0 0.126 1.058 24.047
1 89 13 0.3058 -0.179 0 0 3.519 0.702 25.734
1 90 17 0.5882 0.3912 0 0 5.258 0.379 22.293
1 91 15 0.5823 -0.240 0 0 3.532 3.659 21.355
1 92 7 0.4176 -0.909 0 0 4.685 5.382 24.549
1 93 3 0.5529 -0.161 0 0 8.215 4.107 23.811
1 94 11 0.7705 0.6300 0 0 8.263 6.200 20.610
1 95 10 0.5117 -0.545 0 0 9.000 9.299 22.781
1 96 10 0.5058 -0.110 0 0 12.233 7.722 23.939
1 97 20 0.7882 0.4118 0 0 13.309 6.568 20.443
1 98 1 0.7352 -0.089 0 0 12.651 10.068 18.952
1 99 7 0.4529 -0.858 0 0 14.696 11.628 21.819
1 100 6 0.5 0.1260 0 0 17.539 9.174 21.732
1 101 11 0.6705 0.9941 0 0 18.161 9.312 17.988
1 102 13 0.4705 -0.082 0 0 18.168 13.146 17.934
1 103 1 0.2235 -0.372 0 0 20.460 13.149 20.976
1 104 22 0.3000 0.4939 0 0 23.039 10.740 19.485
1 105 13 0.3470 0.8115 0 0 22.959 12.560 16.078
1 106 3 0.1117 -0.998 0 0 22.949 15.886 17.910
1 107 17 0.1705 0.5489 0 0 20.474 17.111 15.326
1 108 7 0.1941 -0.898 0 0 16.952 18.601 15.349
1 109 3 0.3823 -0.336 0 0 16.408 17.522 11.735
1 110 22 0.6294 0.3069 0 0 16.570 13.768 11.511
1 111 16 0.8058 -0.525 0 0 14.497 11.999 8.814
1 112 14 0.9117 -0.156 0 0 11.941 9.747 10.513
1 113 22 0.9529 0.0786 0 0 8.569 8.163 9.811
1 114 12 0.9352 -0.737 0 0 6.083 7.021 12.493
1 115 22 0.9470 0.7339 0 0 4.752 3.518 11.708
1 116 9 0.8411 0.0000 0 0 1.736 1.922 13.463
1 117 2 0.8294 0.3015 0 0 2.025 -1.797 12.538
1 118 13 0.5294 0.0929 0 0 -0.398 -4.792 12.763
1 119 17 0.4352 0.2522 0 0 -3.220 -2.822 11.169
1 120 3 0.1882 0.3294 0 0 -4.762 -6.119 10.123
1 121 12 0.1058 0.3482 0 0 -5.627 -6.937 13.736
1 122 16 0.0235 -0.480 0 0 -9.095 -5.838 14.936
1 123 17 0.0411 -0.072 0 0 -7.587 -5.617 18.396
1 124 1 0.0823 0.4337 0 0 -6.445 -1.974 18.859
1 125 18 0.0705 0.1575 0 0 -5.463 0.178 21.812
1 126 22 0.2176 0.8726 0 0 -3.865 3.029 19.873
1 127 3 0.1176 -0.994 0 0 -6.322 4.919 17.694
1 128 18 0.2294 -0.050 0 0 -5.225 6.489 14.380
1 129 13 0.0941 -0.858 0 0 -6.059 9.948 15.789
1 130 6 0.1470 -0.028 0 0 -3.647 9.577 18.713
1 131 0 0.4823 0.6063 0 0 -0.786 8.536 16.415
1 132 6 0.3882 -0.458 0 0 -1.656 11.408 14.015
1 133 3 0.1529 -0.801 0 0 -1.452 13.821 16.989
1 134 12 0.4235 0.5991 0 0 2.058 12.544 17.835
1 135 0 0.5411 0.4091 0 0 3.216 12.710 14.188
1 136 1 0.2647 -0.806 0 0 1.830 16.261 13.793
1 137 17 0.2058 0.2427 0 0 3.834 17.252 16.952
1 138 20 0.4470 0.5597 0 0 7.036 15.853 15.410
1 139 9 0.4058 0.0000 0 0 6.352 17.140 11.864
1 140 11 0.6588 0.7216 0 0 6.879 13.718 10.277
1 141 16 0.7117 0.2381 0 0 4.726 11.328 8.244
1 142 15 0.7941 -0.265 0 0 2.664 8.633 9.903
1 143 11 0.8176 0.3011 0 0 1.680 5.402 8.114
1 144 7 0.7 -0.721 0 0 -0.316 2.392 9.395
1 145 18 0.7764 0.9797 0 0 1.103 -0.855 8.083
1 146 17 0.5941 -0.976 0 0 0.481 -4.588 8.075
1 147 0 0.6823 0.4835 0 0 3.577 -6.740 7.637
1 148 13 0.3941 -0.789 0 0 1.140 -9.652 7.323
1 149 18 0.2470 -0.212 0 0 -0.840 -8.280 4.307
1 150 1 0.4882 0.1362 0 0 1.922 -5.908 3.119
1 151 6 0.4764 -0.513 0 0 -0.430 -2.919 3.318
1 152 9 0.6882 0.0000 0 0 1.625 0.337 3.670
1 153 22 0.8352 -0.045 0 0 5.009 -1.445 3.656
1 154 3 0.7058 -0.799 0 0 6.536 0.075 0.543
1 155 3 0.7470 -0.329 0 0 4.957 3.408 1.522
1 156 0 0.9176 0.6237 0 0 6.644 3.380 4.911
1 157 15 0.9294 0.5118 0 0 10.132 2.682 3.553
1 158 20 0.7823 -0.522 0 0 9.833 4.817 0.402
1 159 18 0.8117 0.0266 0 0 8.382 7.757 2.388
1 160 12 0.9 0.8036 0 0 11.406 7.476 4.648
1 161 22 0.7647 -0.374 0 0 13.745 7.674 1.560
1 162 1 0.5647 -0.094 0 0 11.742 10.776 0.448
1 163 7 0.6529 0.2400 0 0 12.297 12.406 3.887
1 164 11 0.6176 0.5640 0 0 15.990 11.704 3.561
1 165 1 0.3764 0.0545 0 0 16.051 13.407 0.130
1 166 13 0.2529 0.2120 0 0 14.320 16.480 1.606
1 167 10 0.3117 0.2685 0 0 16.943 16.655 4.285
1 168 13 0.1411 0.4096 0 0 19.851 16.275 1.810
1 169 7 0.0470 0.1096 0 0 18.691 19.112 -0.488
1 170 13 0.0058 0.6439 0 0 19.046 21.742 2.176
