1 1 9 0.0 0.0000 0 0 27.660 3.501 -7.391
1 2 14 0.0176 0.3540 0 0 23.904 4.046 -7.279
1 3 18 0.1058 0.1938 0 0 22.698 6.035 -4.270
1 4 7 0.3529 -0.484 0 0 22.396 3.971 -1.094
1 5 20 0.6 -0.250 0 0 19.923 4.851 1.650
1 6 13 0.7470 -0.877 0 0 20.798 3.610 5.128
1 7 12 0.9235 0.1166 0 0 17.544 2.950 6.961
1 8 22 0.9588 -0.612 0 0 17.089 1.881 10.571
1 9 22 0.9882 0.2142 0 0 13.965 0.156 11.886
1 10 22 0.9647 -0.130 0 0 13.452 0.743 15.626
1 11 9 0.9058 0.0000 0 0 10.693 -0.108 18.093
1 12 0 0.7411 -0.572 0 0 9.763 -2.268 21.083
1 13 22 0.5941 -0.922 0 0 10.168 -6.025 20.820
1 14 9 0.5470 0.0000 0 0 7.200 -7.732 19.155
1 15 22 0.8 0.6441 0 0 5.965 -4.756 17.119
1 16 9 0.8411 0.0000 0 0 6.888 -6.216 13.731
1 17 13 0.9352 0.0810 0 0 10.273 -4.735 12.825
1 18 17 0.8235 -0.673 0 0 11.526 -8.028 11.366
1 19 0 0.7117 -0.268 0 0 8.227 -8.908 9.698
1 20 12 0.8882 0.6446 0 0 8.162 -5.467 8.068
1 21 18 0.8764 0.2804 0 0 11.757 -5.698 6.845
1 22 11 0.6411 -0.523 0 0 11.368 -9.225 5.467
1 23 6 0.6176 -0.428 0 0 8.064 -8.334 3.810
1 24 12 0.7058 0.6321 0 0 9.818 -5.408 2.129
1 25 11 0.5294 0.2912 0 0 12.922 -7.346 1.082
1 26 6 0.3352 -0.022 0 0 11.558 -10.809 0.306
1 27 2 0.3058 -0.161 0 0 7.823 -10.242 -0.258
1 28 10 0.2117 -0.229 0 0 6.579 -12.761 2.298
1 29 15 0.3294 0.1332 0 0 5.265 -12.715 5.867
1 30 22 0.2647 0.0850 0 0 7.320 -14.504 8.517
1 31 3 0.1411 -0.763 0 0 5.186 -15.537 11.506
1 32 7 0.1294 -0.825 0 0 8.089 -16.218 13.790
1 33 20 0.2882 0.4389 0 0 11.508 -14.652 13.698
1 34 3 0.1588 -0.571 0 0 13.824 -14.850 16.710
1 35 16 0.4 -0.805 0 0 13.209 -11.572 18.575
1 36 18 0.2764 -0.981 0 0 16.888 -11.354 19.577
1 37 11 0.3588 -0.502 0 0 18.413 -11.403 16.080
1 38 7 0.5235 0.3141 0 0 19.635 -8.101 14.633
1 39 3 0.5176 -0.853 0 0 20.980 -7.806 11.082
1 40 17 0.6058 -0.577 0 0 21.116 -5.616 7.994
1 41 20 0.5764 0.1083 0 0 19.392 -6.406 4.689
1 42 1 0.4764 -0.634 0 0 19.789 -4.917 1.209
1 43 13 0.4117 0.1962 0 0 17.473 -4.503 -1.766
1 44 6 0.1999 -0.966 0 0 17.876 -2.675 -5.071
1 45 22 0.2529 0.9933 0 0 14.701 -0.753 -5.887
1 46 22 0.1235 -0.978 0 0 13.231 2.029 -7.995
1 47 11 0.2705 0.9676 0 0 11.719 4.959 -6.124
1 48 3 0.0882 0.6435 0 0 10.190 7.808 -8.142
1 49 9 0.0117 0.0000 0 0 12.324 6.787 -11.115
1 50 7 0.0529 0.4957 0 0 15.571 6.593 -9.158
1 51 18 0.0588 -0.720 0 0 17.366 3.249 -9.085
1 52 5 0.1764 0.7436 0 0 18.855 2.992 -5.613
1 53 12 0.3647 -0.184 0 0 19.897 0.622 -2.849
1 54 12 0.6352 0.4178 0 0 18.032 0.299 0.431
1 55 3 0.6588 -0.583 0 0 20.393 -0.749 3.227
1 56 11 0.8705 0.4696 0 0 18.210 -1.582 6.203
1 57 12 0.8588 -0.425 0 0 19.172 -2.341 9.787
1 58 3 0.8823 -0.235 0 0 16.590 -4.509 11.546
1 59 18 0.8529 0.5717 0 0 17.332 -3.628 15.180
1 60 0 0.6823 -0.677 0 0 16.572 -5.785 18.212
1 61 9 0.5705 0.0000 0 0 17.317 -3.514 21.162
1 62 6 0.3235 -0.436 0 0 20.181 -3.623 23.654
1 63 7 0.1705 0.7555 0 0 23.650 -4.198 22.231
1 64 7 0.0352 -0.660 0 0 26.726 -5.812 23.769
1 65 20 0.0294 -0.803 0 0 28.049 -2.265 24.139
1 66 17 0.0764 -0.580 0 0 25.940 0.905 24.104
1 67 0 0.0647 -0.880 0 0 28.550 2.297 21.691
1 68 14 0.1647 -0.310 0 0 27.139 -0.045 19.037
1 69 1 0.4352 -0.155 0 0 23.705 1.538 19.451
1 70 3 0.3411 -0.681 0 0 25.165 5.041 19.140
1 71 6 0.2941 -0.611 0 0 27.189 3.939 16.105
1 72 20 0.5529 0.5919 0 0 24.167 2.775 14.103
1 73 14 0.6470 0.2488 0 0 22.200 5.897 15.000
1 74 1 0.4294 -0.750 0 0 24.993 8.135 13.702
1 75 18 0.4647 -0.289 0 0 25.392 5.916 10.629
1 76 9 0.7588 0.0000 0 0 21.668 5.645 9.865
1 77 7 0.7352 -0.559 0 0 20.193 8.315 7.588
1 78 9 0.8941 0.0000 0 0 16.527 7.667 8.309
1 79 15 0.9764 -0.758 0 0 14.542 5.831 10.965
1 80 12 0.9941 0.5927 0 0 11.277 3.917 10.901
1 81 5 0.9823 -0.621 0 0 9.802 4.323 14.381
1 82 22 0.9705 0.4159 0 0 7.493 1.344 14.730
1 83 15 0.8647 -0.309 0 0 4.766 0.641 17.273
1 84 0 0.6941 -0.396 0 0 1.955 -1.916 17.189
1 85 11 0.4941 -0.156 0 0 -1.636 -0.661 17.162
1 86 2 0.2470 0.0818 0 0 -2.565 -3.148 19.897
1 87 2 0.3705 0.3796 0 0 0.423 -2.347 22.128
1 88 18 0.2352 -0.889 0 0 0.066 0.947 24.017
1 89 13 0.3117 -0.185 0 0 3.468 0.564 25.684
1 90 17 0.5823 0.3843 0 0 5.151 0.291 22.270
1 91 15 0.5882 -0.241 0 0 3.451 3.546 21.264
1 92 7 0.4176 -0.901 0 0 4.610 5.237 24.469
1 93 3 0.5647 -0.159 0 0 8.140 3.995 23.711
1 94 11 0.7647 0.6284 0 0 8.155 6.176 20.573
1 95 10 0.5117 -0.555 0 0 8.946 9.240 22.700
1 96 10 0.5058 -0.071 0 0 12.170 7.597 23.865
1 97 20 0.7882 0.4199 0 0 13.212 6.526 20.359
1 98 1 0.7294 -0.096 0 0 12.529 9.991 18.947
1 99 7 0.4529 -0.868 0 0 14.573 11.576 21.719
1 100 6 0.5 0.1021 0 0 17.497 9.133 21.727
1 101 11 0.6647 0.9965 0 0 18.051 9.250 17.960
1 102 13 0.4588 -0.085 0 0 18.033 13.073 17.911
1 103 1 0.2235 -0.392 0 0 20.327 13.058 20.940
1 104 22 0.3000 0.4751 0 0 22.936 10.704 19.455
1 105 13 0.3470 0.8154 0 0 22.935 12.399 16.050
1 106 3 0.1117 -0.998 0 0 22.911 15.773 17.837
1 107 17 0.1823 0.5272 0 0 20.392 16.991 15.279
1 108 7 0.1882 -0.910 0 0 16.946 18.598 15.203
1 109 3 0.3823 -0.265 0 0 16.350 17.391 11.659
1 110 22 0.6294 0.2818 0 0 16.450 13.602 11.476
1 111 16 0.8058 -0.520 0 0 14.396 11.858 8.757
1 112 14 0.9117 -0.144 0 0 11.822 9.684 10.527
1 113 22 0.9529 0.0715 0 0 8.490 8.069 9.767
1 114 12 0.9411 -0.730 0 0 6.005 6.967 12.427
1 115 22 0.9470 0.7252 0 0 4.746 3.453 11.703
1 116 9 0.8470 0.0000 0 0 1.712 1.804 13.286
1 117 2 0.8352 0.2761 0 0 2.007 -1.885 12.471
1 118 13 0.5352 0.0632 0 0 -0.453 -4.813 12.620
1 119 17 0.4411 0.2986 0 0 -3.269 -2.768 11.079
1 120 3 0.1941 0.3287 0 0 -4.867 -6.030 9.935
1 121 12 0.0999 0.3272 0 0 -5.920 -6.766 13.523
1 122 16 0.0235 -0.550 0 0 -9.260 -5.345 14.689
1 123 17 0.0411 -0.067 0 0 -7.822 -5.582 18.216
1 124 1 0.0823 0.4661 0 0 -6.527 -2.078 18.886
1 125 18 0.0705 0.1731 0 0 -5.472 0.096 21.827
1 126 22 0.2176 0.8623 0 0 -3.918 2.943 19.834
1 127 3 0.1176 -0.994 0 0 -6.327 4.953 17.689
1 128 18 0.2294 -0.067 0 0 -5.295 6.481 14.374
1 129 13 0.0941 -0.829 0 0 -6.089 9.937 15.794
1 130 6 0.1470 -0.454 0 0 -3.685 9.474 18.700
1 131 0 0.4823 0.6195 0 0 -0.815 8.502 16.390
1 132 6 0.3882 -0.467 0 0 -1.690 11.347 14.011
1 133 3 0.1529 -0.804 0 0 -1.520 13.708 16.992
1 134 12 0.4235 0.5873 0 0 1.995 12.486 17.784
1 135 0 0.5411 0.3610 0 0 3.175 12.591 14.168
1 136 1 0.2823 -0.821 0 0 1.799 16.127 13.862
1 137 17 0.2058 0.2485 0 0 3.827 17.199 16.907
1 138 20 0.4470 0.5566 0 0 6.964 15.711 15.353
1 139 9 0.4058 0.0000 0 0 6.273 17.050 11.874
1 140 11 0.6705 0.7272 0 0 6.836 13.612 10.343
1 141 16 0.7176 0.1880 0 0 4.695 11.279 8.221
1 142 15 0.7941 -0.256 0 0 2.584 8.575 9.880
1 143 11 0.8176 0.3068 0 0 1.613 5.369 8.093
1 144 7 0.7 -0.744 0 0 -0.367 2.388 9.364
1 145 18 0.7764 0.9762 0 0 0.974 -0.897 8.026
1 146 17 0.6117 -0.986 0 0 0.425 -4.629 7.999
1 147 0 0.6764 0.4962 0 0 3.501 -6.796 7.491
1 148 13 0.3941 -0.775 0 0 0.997 -9.641 7.174
1 149 18 0.2588 -0.180 0 0 -0.990 -8.288 4.206
1 150 1 0.4882 0.1154 0 0 1.828 -5.985 2.997
1 151 6 0.4705 -0.493 0 0 -0.487 -2.956 3.178
1 152 9 0.6882 0.0000 0 0 1.528 0.229 3.708
1 153 22 0.8294 -0.086 0 0 4.929 -1.491 3.640
1 154 3 0.7235 -0.802 0 0 6.482 0.005 0.507
1 155 3 0.7529 -0.334 0 0 4.874 3.318 1.460
1 156 0 0.9176 0.5882 0 0 6.593 3.216 4.857
1 157 15 0.9294 0.4922 0 0 10.104 2.609 3.526
1 158 20 0.7823 -0.536 0 0 9.700 4.731 0.379
1 159 18 0.8117 0.0261 0 0 8.315 7.666 2.375
1 160 12 0.9 0.8085 0 0 11.364 7.451 4.639
1 161 22 0.7705 -0.369 0 0 13.643 7.672 1.591
1 162 1 0.5588 -0.086 0 0 11.694 10.709 0.366
1 163 7 0.6529 0.2228 0 0 12.196 12.289 3.808
1 164 11 0.6235 0.5577 0 0 15.929 11.654 3.492
1 165 1 0.3764 0.0703 0 0 15.966 13.348 0.083
1 166 13 0.2411 0.2083 0 0 14.185 16.405 1.494
1 167 10 0.3176 0.2630 0 0 16.794 16.570 4.256
1 168 13 0.1352 0.4027 0 0 19.716 16.259 1.828
1 169 7 0.0470 0.1564 0 0 18.568 19.096 -0.440
1 170 13 0.0058 0.6434 0 0 18.835 21.744 2.286
