1 1 14 0.0060 0.4233 0 0 41.902 17.613 -12.876
1 2 18 0.0426 0.1987 0 0 44.140 14.609 -12.212
1 3 7 0.2195 -0.093 0 0 43.914 11.840 -14.809
1 4 20 0.5243 -0.203 0 0 44.705 8.256 -13.824
1 5 13 0.6707 -0.826 0 0 45.453 5.738 -16.574
1 6 12 0.9024 0.1387 0 0 44.509 2.285 -15.301
1 7 22 0.9329 -0.656 0 0 45.161 -0.946 -17.198
1 8 22 0.9817 0.3097 0 0 43.230 -4.145 -16.467
1 9 22 0.9695 -0.218 0 0 45.280 -7.270 -17.224
1 10 9 0.9268 0.0000 0 0 44.889 -11.001 -16.615
1 11 0 0.7743 -0.513 0 0 44.000 -14.342 -18.210
1 12 9 0.6280 0.0000 0 0 40.898 -14.778 -20.351
1 13 9 0.5975 0.0000 0 0 37.581 -15.286 -18.590
1 14 22 0.8048 0.6191 0 0 38.559 -14.011 -15.136
1 15 9 0.8536 0.0000 0 0 36.085 -11.140 -15.322
1 16 13 0.9451 0.1415 0 0 38.186 -8.142 -16.359
1 17 17 0.8414 -0.603 0 0 35.358 -6.735 -18.478
1 18 0 0.7560 -0.251 0 0 32.646 -7.673 -15.999
1 19 12 0.8902 0.6746 0 0 34.499 -5.748 -13.289
1 20 18 0.8780 0.3028 0 0 35.114 -2.696 -15.486
1 21 11 0.6402 -0.457 0 0 31.542 -2.494 -16.777
1 22 6 0.5853 -0.378 0 0 30.187 -3.036 -13.265
1 23 12 0.6829 0.5931 0 0 32.273 -0.036 -12.195
1 24 11 0.4878 0.2404 0 0 31.267 2.173 -15.127
1 25 6 0.2621 -0.750 0 0 27.611 1.279 -15.652
1 26 2 0.2560 -0.264 0 0 26.533 -0.668 -12.529
1 27 10 0.1707 -0.400 0 0 25.598 -3.575 -14.792
1 28 15 0.3109 0.1386 0 0 26.677 -7.213 -14.637
1 29 22 0.2926 0.3831 0 0 27.603 -8.755 -17.981
1 30 3 0.0914 -0.787 0 0 26.421 -12.364 -17.745
1 31 7 0.0731 -0.107 0 0 27.586 -13.380 -21.223
1 32 20 0.1585 0.4169 0 0 31.165 -14.267 -22.145
1 33 3 0.1402 -0.294 0 0 32.198 -11.920 -24.959
1 34 16 0.3475 -0.822 0 0 36.023 -12.023 -25.268
1 35 18 0.4817 0.8767 0 0 37.721 -8.608 -25.377
1 36 11 0.3414 -0.982 0 0 39.957 -7.340 -28.171
1 37 7 0.4268 -0.454 0 0 40.362 -3.720 -27.113
1 38 3 0.5 -0.226 0 0 38.127 -1.546 -24.926
1 39 17 0.5426 -0.778 0 0 38.825 1.798 -23.258
1 40 20 0.5304 0.3246 0 0 36.471 3.416 -20.753
1 41 1 0.3963 -0.470 0 0 36.414 6.880 -19.203
1 42 13 0.3536 0.2724 0 0 34.686 7.981 -16.010
1 43 6 0.1097 -0.966 0 0 34.707 11.070 -13.811
1 44 22 0.1463 0.8962 0 0 34.637 10.211 -10.106
1 45 22 0.0670 -0.969 0 0 35.421 11.687 -6.708
1 46 11 0.1829 0.9759 0 0 38.034 9.710 -4.792
1 47 3 0.0365 0.6478 0 0 38.961 10.910 -1.293
1 48 9 0.0 0.0000 0 0 37.615 14.410 -1.885
1 49 7 0.0121 0.4588 0 0 39.420 14.643 -5.221
1 50 18 0.0243 -0.739 0 0 37.602 14.890 -8.554
1 51 5 0.1280 0.5598 0 0 39.289 12.186 -10.625
1 52 12 0.2439 -0.440 0 0 39.227 11.244 -14.291
1 53 12 0.5548 0.4861 0 0 39.630 7.496 -14.699
1 54 3 0.5731 -0.499 0 0 40.927 6.277 -18.044
1 55 11 0.8292 0.4815 0 0 40.591 2.498 -17.970
1 56 12 0.8353 -0.482 0 0 41.976 0.120 -20.582
1 57 3 0.8719 0.0118 0 0 40.377 -3.326 -20.681
1 58 18 0.8231 0.5310 0 0 42.844 -5.721 -22.326
1 59 0 0.6585 -0.963 0 0 42.554 -9.101 -24.036
1 60 9 0.7012 0.0000 0 0 43.280 -12.185 -21.971
1 61 6 0.3780 -0.423 0 0 43.684 -14.519 -24.943
1 62 7 0.25 -0.964 0 0 47.100 -13.882 -26.538
1 63 7 0.1646 0.1977 0 0 47.694 -10.677 -28.522
0 64 20 0 0 0 0 47.694 -10.677 -28.522
0 65 17 0 0 0 0 47.694 -10.677 -28.522
1 66 0 0.0548 0.3513 0 0 52.766 -7.620 -29.240
1 67 14 0.1341 0.0881 0 0 50.432 -4.713 -28.501
1 68 1 0.4390 0.4293 0 0 50.879 -5.532 -24.809
1 69 3 0.2987 -0.598 0 0 54.187 -3.675 -24.496
1 70 6 0.2256 -0.359 0 0 52.544 -0.598 -26.025
1 71 20 0.4939 0.6241 0 0 49.861 -0.082 -23.377
1 72 14 0.5914 0.3249 0 0 52.082 -1.330 -20.549
1 73 1 0.3597 -0.908 0 0 54.271 1.739 -21.099
1 74 18 0.4146 -0.096 0 0 51.264 4.081 -21.054
1 75 9 0.6951 0.0000 0 0 49.555 2.757 -17.926
1 76 7 0.6524 -0.588 0 0 50.291 4.328 -14.557
1 77 9 0.8658 0.0000 0 0 48.478 1.658 -12.575
1 78 15 0.9634 -0.708 0 0 47.754 -2.000 -13.217
1 79 12 0.9939 0.6370 0 0 44.837 -4.116 -12.044
1 80 5 0.9878 -0.759 0 0 46.077 -7.713 -12.102
1 81 22 0.9756 0.4237 0 0 43.015 -9.955 -12.145
1 82 15 0.8963 -0.294 0 0 42.635 -13.688 -11.601
1 83 0 0.7378 -0.432 0 0 39.649 -15.851 -10.650
1 84 11 0.5121 -0.124 0 0 39.545 -17.724 -7.335
1 85 2 0.3231 0.1726 0 0 38.048 -20.698 -9.180
1 86 2 0.3841 0.3489 0 0 40.844 -20.696 -11.762
1 87 18 0.2804 -0.902 0 0 44.225 -21.859 -10.453
1 88 13 0.3170 -0.246 0 0 45.940 -21.421 -13.827
1 89 17 0.6158 0.4356 0 0 44.820 -17.781 -14.027
1 90 15 0.6341 -0.262 0 0 46.365 -17.171 -10.596
1 91 7 0.4207 -0.852 0 0 49.601 -18.784 -11.765
1 92 3 0.5609 -0.278 0 0 49.602 -16.608 -14.903
1 93 11 0.7804 0.7110 0 0 49.731 -13.452 -12.734
1 94 10 0.5365 -0.938 0 0 53.503 -13.822 -12.343
1 95 6 0.4695 -0.931 0 0 54.082 -13.582 -16.096
1 96 20 0.7439 0.4311 0 0 51.925 -10.459 -16.325
1 97 1 0.7073 -0.500 0 0 53.930 -8.957 -13.460
1 98 7 0.4085 -0.681 0 0 57.216 -9.804 -15.186
1 99 6 0.4512 -0.285 0 0 55.884 -8.292 -18.412
1 100 11 0.6097 0.9715 0 0 54.948 -5.063 -16.622
1 101 13 0.3658 -0.609 0 0 58.297 -5.165 -14.798
1 102 1 0.1158 -0.069 0 0 60.246 -5.357 -18.085
1 103 22 0.2012 0.6010 0 0 58.348 -2.666 -20.002
1 104 13 0.2378 0.7397 0 0 58.500 -0.100 -17.199
1 105 3 0.0487 -0.978 0 0 61.970 -1.293 -16.120
1 106 17 0.1036 0.2933 0 0 60.955 -1.019 -12.467
1 107 3 0.1951 -0.787 0 0 59.958 -3.192 -9.516
1 108 3 0.3292 -0.664 0 0 57.925 -0.329 -8.066
1 109 22 0.5670 0.3242 0 0 54.931 -0.191 -10.417
1 110 16 0.75 -0.532 0 0 51.546 0.680 -8.859
1 111 14 0.9085 -0.200 0 0 49.549 -2.558 -8.936
1 112 22 0.9512 0.0534 0 0 46.686 -4.249 -7.119
1 113 12 0.9390 -0.642 0 0 46.122 -8.011 -7.142
1 114 22 0.9573 0.6992 0 0 42.463 -8.895 -7.667
1 115 9 0.8597 0.0000 0 0 40.797 -12.212 -6.899
1 116 2 0.8475 0.2903 0 0 37.510 -12.190 -8.775
1 117 13 0.5792 0.0943 0 0 34.372 -14.375 -8.669
1 118 5 0.4451 0.3059 0 0 34.391 -14.540 -4.858
1 119 3 0.2134 0.3404 0 0 30.638 -15.180 -5.061
1 120 12 0.0853 0.3582 0 0 31.390 -18.729 -6.252
1 121 0 0.0182 -0.936 0 0 32.036 -21.663 -3.908
1 122 0 0.0304 0.0842 0 0 34.317 -23.414 -6.402
1 123 1 0.0792 0.4391 0 0 37.399 -21.862 -4.779
1 124 18 0.0609 0.0645 0 0 40.765 -23.404 -5.675
1 125 22 0.2743 0.8667 0 0 42.878 -20.363 -4.839
1 126 7 0.1219 -0.977 0 0 42.949 -19.561 -1.120
1 127 17 0.3048 -0.037 0 0 43.039 -15.970 0.145
1 128 1 0.0975 -0.743 0 0 46.299 -16.576 2.017
1 129 6 0.1890 -0.298 0 0 47.945 -17.769 -1.223
1 130 0 0.5060 0.6334 0 0 47.055 -14.548 -3.014
1 131 6 0.4024 -0.482 0 0 48.134 -12.470 -0.001
1 132 3 0.2073 -0.828 0 0 51.559 -14.118 -0.177
1 133 12 0.4329 0.5767 0 0 51.815 -13.433 -3.908
1 134 0 0.6036 0.4473 0 0 50.848 -9.789 -3.445
1 135 1 0.3353 -0.975 0 0 53.246 -9.430 -0.513
1 136 17 0.2317 0.2911 0 0 56.138 -10.559 -2.705
1 137 20 0.4573 0.5047 0 0 55.267 -7.743 -5.124
1 138 9 0.3902 0.0000 0 0 54.679 -5.115 -2.431
1 139 11 0.6646 0.7591 0 0 51.066 -4.580 -3.449
1 140 16 0.7134 0.1737 0 0 47.637 -5.077 -1.835
1 141 20 0.7926 -0.073 0 0 45.299 -8.009 -2.495
1 142 11 0.8170 0.2290 0 0 41.540 -7.536 -2.819
1 143 7 0.7682 -0.743 0 0 38.776 -10.071 -3.524
1 144 18 0.7987 0.9695 0 0 35.895 -9.056 -5.789
1 145 17 0.6463 -0.978 0 0 32.656 -10.190 -7.370
1 146 0 0.6768 0.4929 0 0 31.586 -8.375 -10.523
1 147 13 0.3719 -0.713 0 0 28.284 -10.214 -10.103
1 148 18 0.2682 -0.149 0 0 27.409 -8.848 -6.652
1 149 1 0.4634 -0.167 0 0 29.431 -5.604 -6.916
1 150 6 0.4756 -0.320 0 0 31.447 -6.778 -3.894
1 151 9 0.6890 0.0000 0 0 34.875 -5.140 -3.706
1 152 22 0.8109 -0.133 0 0 34.592 -3.598 -7.182
1 153 7 0.7195 -0.944 0 0 34.827 0.090 -6.243
1 154 3 0.7317 -0.802 0 0 37.413 -0.859 -3.635
1 155 0 0.9207 0.6672 0 0 39.699 -2.581 -6.153
1 156 15 0.9146 0.4844 0 0 39.762 0.390 -8.533
1 157 20 0.7621 -0.481 0 0 39.938 3.102 -5.870
1 158 18 0.7865 0.0848 0 0 42.767 1.257 -4.109
1 159 12 0.8841 0.7737 0 0 44.679 1.263 -7.394
1 160 22 0.7256 -0.378 0 0 44.294 5.045 -7.611
1 161 1 0.5182 -0.095 0 0 45.535 5.353 -4.025
1 162 7 0.6219 0.2480 0 0 48.537 3.165 -4.876
1 163 11 0.5487 0.5027 0 0 49.525 5.478 -7.723
1 164 1 0.2865 0.0746 0 0 49.301 8.405 -5.282
1 165 6 0.1524 0.3411 0 0 51.916 6.711 -3.095
1 166 10 0.1768 0.6631 0 0 54.237 6.470 -6.106
