1 1 14 0.0 0.3882 0 0 44.057 17.953 -13.067
1 2 18 0.0421 0.1462 0 0 45.760 14.548 -13.056
1 3 7 0.2349 -0.034 0 0 44.651 11.727 -15.363
1 4 20 0.5481 -0.288 0 0 45.249 8.232 -13.979
1 5 13 0.7168 -0.777 0 0 45.971 5.457 -16.478
1 6 12 0.9096 0.0821 0 0 44.716 2.068 -15.289
1 7 22 0.9397 -0.639 0 0 45.918 -0.859 -17.410
1 8 22 0.9759 0.3422 0 0 44.081 -4.097 -16.641
1 9 22 0.9698 -0.271 0 0 46.176 -7.232 -17.129
1 10 9 0.9457 0.0000 0 0 44.722 -10.714 -16.660
1 11 0 0.8192 -0.488 0 0 44.094 -14.123 -18.223
1 12 9 0.6385 0.0000 0 0 41.021 -15.510 -19.969
1 13 9 0.5361 0.0000 0 0 37.758 -16.668 -18.424
1 14 22 0.7951 0.7223 0 0 38.239 -14.423 -15.395
1 15 9 0.8554 0.0000 0 0 36.380 -11.202 -14.635
1 16 13 0.9337 0.2200 0 0 38.228 -8.343 -16.315
1 17 17 0.8132 -0.408 0 0 35.324 -7.534 -18.625
1 18 0 0.7771 -0.240 0 0 32.962 -7.289 -15.661
1 19 12 0.8855 0.6660 0 0 34.984 -5.265 -13.165
1 20 18 0.8795 0.4068 0 0 35.837 -2.430 -15.542
1 21 11 0.6626 -0.356 0 0 32.206 -2.445 -16.664
1 22 6 0.5722 -0.211 0 0 30.521 -2.496 -13.248
1 23 12 0.6445 0.5338 0 0 32.409 0.667 -12.268
1 24 11 0.4638 0.4080 0 0 31.396 2.839 -15.214
1 25 6 0.2289 -0.745 0 0 27.898 1.532 -15.933
1 26 2 0.2891 -0.288 0 0 27.443 -0.478 -12.715
1 27 10 0.2469 -0.506 0 0 26.425 -3.606 -14.635
1 28 15 0.3554 -0.091 0 0 27.456 -7.263 -14.332
1 29 22 0.3313 0.2491 0 0 28.188 -9.103 -17.575
1 30 3 0.1325 -0.734 0 0 27.780 -12.838 -18.164
1 31 7 0.0662 -0.249 0 0 28.361 -13.754 -21.838
1 32 20 0.1867 0.4835 0 0 32.028 -14.502 -22.536
1 33 3 0.1927 -0.433 0 0 32.964 -11.917 -25.156
1 34 16 0.2951 -0.910 0 0 36.609 -12.292 -26.282
1 35 18 0.4819 0.8916 0 0 37.956 -8.758 -25.824
1 36 11 0.4156 -0.946 0 0 40.949 -7.464 -27.773
1 37 7 0.4879 -0.373 0 0 41.557 -3.770 -27.049
1 38 3 0.5240 -0.276 0 0 38.910 -1.668 -25.287
1 39 17 0.5542 -0.365 0 0 39.458 1.638 -23.474
1 40 20 0.5602 0.3264 0 0 37.202 3.271 -20.881
1 41 1 0.4337 -0.616 0 0 36.886 6.637 -19.119
1 42 13 0.3433 0.2227 0 0 34.885 7.997 -16.174
1 43 6 0.0963 -0.990 0 0 34.778 11.258 -14.213
1 44 22 0.1807 0.9423 0 0 35.136 10.073 -10.614
1 45 22 0.0542 -0.950 0 0 35.702 11.764 -7.242
1 46 11 0.1987 0.9638 0 0 38.464 9.829 -5.458
1 47 3 0.0361 0.4470 0 0 39.439 11.225 -2.027
1 48 9 0.0060 0.0000 0 0 37.617 14.559 -2.146
1 49 7 0.0120 0.2225 0 0 38.969 15.144 -5.644
1 50 18 0.0180 -0.673 0 0 37.105 14.994 -8.961
1 51 5 0.1084 0.4155 0 0 39.486 12.810 -10.976
1 52 12 0.3072 -0.430 0 0 39.457 10.701 -14.144
1 53 12 0.6024 0.4537 0 0 39.962 6.973 -14.783
1 54 3 0.5963 -0.537 0 0 41.170 6.171 -18.302
1 55 11 0.8313 0.4677 0 0 40.960 2.380 -18.006
1 56 12 0.8373 -0.602 0 0 42.295 0.020 -20.681
1 57 3 0.9036 -0.476 0 0 41.505 -3.681 -20.326
1 58 18 0.8433 0.4273 0 0 43.684 -6.136 -22.247
1 59 0 0.7108 -0.976 0 0 43.293 -9.569 -23.834
1 60 9 0.7228 0.0000 0 0 44.116 -12.678 -21.812
1 61 12 0.4096 -0.321 0 0 44.455 -14.769 -24.953
1 62 7 0.2710 0.1174 0 0 48.073 -14.888 -26.157
1 63 7 0.0722 -0.161 0 0 47.137 -14.211 -29.785
1 64 20 0.1686 0.0350 0 0 47.759 -10.492 -29.334
1 65 17 0.2228 -0.403 0 0 51.121 -10.541 -27.548
1 66 0 0.0602 -0.772 0 0 52.690 -7.917 -29.814
1 67 14 0.1626 -0.673 0 0 51.193 -4.554 -28.862
1 68 1 0.4578 0.4991 0 0 51.678 -5.430 -25.191
1 69 3 0.2771 -0.289 0 0 54.958 -3.522 -25.228
1 70 6 0.2048 -0.695 0 0 53.213 -0.336 -26.391
1 71 20 0.5 0.5016 0 0 50.739 0.761 -23.716
1 72 14 0.6084 0.3453 0 0 52.547 -0.911 -20.816
1 73 1 0.3614 -0.630 0 0 55.035 1.947 -20.866
1 74 18 0.4036 -0.256 0 0 52.082 4.317 -21.169
1 75 9 0.6867 0.0000 0 0 49.868 3.220 -18.287
1 76 7 0.6325 -0.544 0 0 50.782 4.781 -14.951
1 77 9 0.8614 0.0000 0 0 49.429 1.857 -12.926
1 78 15 0.9578 -0.625 0 0 48.731 -1.826 -13.559
1 79 12 0.9939 0.7517 0 0 46.053 -4.210 -12.310
1 80 5 0.9879 -0.875 0 0 46.633 -7.965 -12.193
1 81 22 0.9819 0.4502 0 0 43.167 -9.540 -12.274
1 82 15 0.9156 -0.335 0 0 42.582 -13.257 -11.700
1 83 0 0.7831 -0.371 0 0 39.976 -15.525 -10.115
1 84 11 0.5301 -0.036 0 0 40.467 -17.840 -7.124
1 85 2 0.3373 0.3794 0 0 38.480 -20.506 -8.969
1 86 2 0.4277 0.2672 0 0 41.123 -20.631 -11.700
1 87 18 0.3132 -0.917 0 0 44.580 -21.907 -10.757
1 88 13 0.3493 -0.302 0 0 46.279 -21.382 -14.125
1 89 17 0.6566 0.3898 0 0 45.452 -17.673 -13.887
1 90 15 0.6204 -0.317 0 0 47.236 -17.583 -10.524
1 91 7 0.4216 -0.838 0 0 50.340 -19.265 -11.949
1 92 3 0.5662 -0.341 0 0 50.546 -16.715 -14.775
1 93 11 0.7710 0.5977 0 0 50.947 -13.754 -12.415
1 94 10 0.5120 -0.966 0 0 54.719 -14.364 -12.259
1 95 6 0.4698 -0.945 0 0 54.892 -14.224 -16.054
1 96 20 0.7409 0.5960 0 0 52.984 -10.943 -15.939
1 97 1 0.6807 -0.169 0 0 55.071 -9.008 -13.405
1 98 7 0.3734 -0.607 0 0 58.316 -10.105 -15.062
1 99 6 0.4518 0.2641 0 0 56.877 -9.000 -18.406
1 100 11 0.6265 0.9774 0 0 55.594 -5.726 -16.944
1 101 13 0.3855 -0.782 0 0 58.940 -5.084 -15.243
1 102 1 0.1506 -0.186 0 0 60.533 -5.897 -18.611
1 103 22 0.2650 0.6478 0 0 58.854 -2.864 -20.178
1 104 13 0.2409 0.8302 0 0 59.207 -0.007 -17.689
1 105 3 0.0783 -0.826 0 0 62.365 -1.415 -16.069
1 106 17 0.1024 0.1331 0 0 61.587 -0.379 -12.480
1 107 3 0.2108 -0.233 0 0 60.584 -2.727 -9.662
1 108 3 0.3253 -0.869 0 0 58.538 0.005 -7.982
1 109 22 0.5783 0.3869 0 0 55.527 -0.204 -10.292
1 110 16 0.7349 -0.579 0 0 52.222 0.987 -8.750
1 111 14 0.8915 -0.129 0 0 50.147 -2.203 -8.822
1 112 22 0.9277 0.0998 0 0 47.493 -4.064 -6.828
1 113 12 0.9518 -0.471 0 0 46.173 -7.641 -6.917
1 114 22 0.9638 0.5978 0 0 42.546 -8.637 -7.510
1 115 9 0.8674 0.0000 0 0 41.103 -12.079 -6.809
1 116 2 0.8493 0.2504 0 0 37.792 -11.895 -8.655
1 117 13 0.5903 0.0987 0 0 34.787 -14.248 -8.351
1 118 5 0.4457 0.2511 0 0 34.841 -14.551 -4.544
1 119 3 0.1746 0.4179 0 0 31.106 -15.259 -4.637
1 120 12 0.0843 0.3889 0 0 31.670 -18.803 -5.911
1 121 0 0.0240 -0.947 0 0 32.855 -21.808 -3.899
1 122 0 0.0301 0.2739 0 0 35.456 -23.177 -6.309
1 123 1 0.0903 0.4267 0 0 38.270 -21.601 -4.284
1 124 18 0.0481 0.1004 0 0 41.368 -23.662 -5.033
1 125 22 0.2590 0.8083 0 0 43.493 -20.582 -4.373
1 126 7 0.1265 -0.907 0 0 43.261 -19.321 -0.774
1 127 17 0.3012 -0.569 0 0 43.835 -15.764 0.460
1 128 1 0.1144 -0.453 0 0 47.205 -16.140 2.191
1 129 6 0.1385 -0.128 0 0 48.221 -18.388 -0.706
1 130 0 0.4939 0.7023 0 0 47.850 -15.213 -2.774
1 131 6 0.3915 -0.333 0 0 48.956 -12.807 -0.033
1 132 3 0.1445 -0.752 0 0 52.306 -14.576 0.303
1 133 12 0.3795 0.6218 0 0 52.734 -14.104 -3.446
1 134 0 0.5843 0.5630 0 0 51.607 -10.469 -3.422
1 135 1 0.3192 -0.994 0 0 53.975 -9.867 -0.507
1 136 17 0.2168 -0.247 0 0 56.925 -10.773 -2.718
1 137 20 0.4759 0.4158 0 0 55.975 -8.074 -5.223
1 138 9 0.3975 0.0000 0 0 55.196 -5.689 -2.369
1 139 11 0.6686 0.7836 0 0 51.710 -4.885 -3.635
1 140 16 0.7048 0.0904 0 0 48.436 -5.329 -1.686
1 141 20 0.7891 -0.088 0 0 45.780 -7.965 -2.376
1 142 11 0.8253 0.3206 0 0 42.052 -7.290 -2.745
1 143 7 0.7530 -0.714 0 0 39.327 -9.919 -3.127
1 144 18 0.8012 0.9465 0 0 36.422 -9.095 -5.447
1 145 17 0.6506 -0.942 0 0 33.348 -10.533 -7.163
1 146 0 0.6746 0.6697 0 0 32.070 -8.669 -10.222
1 147 13 0.3674 -0.681 0 0 28.702 -10.404 -9.872
1 148 18 0.2530 -0.283 0 0 27.730 -8.890 -6.518
1 149 1 0.4397 -0.077 0 0 29.636 -5.575 -6.615
1 150 6 0.5060 -0.366 0 0 32.022 -6.800 -3.908
1 151 9 0.6987 0.0000 0 0 35.382 -5.029 -3.815
1 152 22 0.8072 -0.281 0 0 34.720 -3.444 -7.208
1 153 7 0.6927 -0.968 0 0 35.109 0.164 -6.073
1 154 3 0.7590 -0.794 0 0 38.058 -0.790 -3.861
1 155 0 0.9216 0.5962 0 0 39.876 -2.152 -6.921
1 156 15 0.8975 0.5825 0 0 39.946 1.075 -8.926
1 157 20 0.7469 -0.622 0 0 40.457 3.144 -5.780
1 158 18 0.7650 -0.032 0 0 43.215 1.417 -3.805
1 159 12 0.8734 0.8122 0 0 45.184 1.150 -7.060
1 160 22 0.7289 -0.304 0 0 45.046 4.928 -7.459
1 161 1 0.5180 -0.248 0 0 46.358 5.180 -3.894
1 162 7 0.6144 0.8472 0 0 49.418 3.247 -5.063
1 163 11 0.5421 0.5744 0 0 49.963 5.833 -7.795
1 164 1 0.2831 0.1433 0 0 49.568 8.478 -5.087
1 165 6 0.1566 0.5145 0 0 52.591 7.019 -3.294
1 166 10 0.1204 0.3518 0 0 55.141 7.432 -6.091
