1 1 9 0.0 0.0000 0 0 -53.729 1.025 -39.600
1 2 0 0.0058 0.5155 0 0 -55.076 -1.009 -36.681
1 3 14 0.0116 -0.735 0 0 -56.362 0.782 -33.585
1 4 9 0.0175 0.0000 0 0 -55.930 -2.380 -31.463
1 5 17 0.0233 0.1371 0 0 -56.792 -1.203 -27.935
1 6 14 0.0409 0.2681 0 0 -54.677 -2.132 -24.906
1 7 18 0.1169 0.1805 0 0 -54.747 -2.596 -21.122
1 8 7 0.3508 -0.068 0 0 -52.186 -0.910 -18.876
1 9 20 0.6140 -0.279 0 0 -51.244 -2.595 -15.558
1 10 13 0.7485 -0.863 0 0 -50.001 -0.230 -12.851
1 11 12 0.9181 0.0772 0 0 -47.668 -2.437 -10.850
1 12 22 0.9590 -0.699 0 0 -45.941 -1.243 -7.681
1 13 22 0.9883 0.2905 0 0 -42.863 -2.784 -6.052
1 14 22 0.9649 -0.167 0 0 -42.699 -2.316 -2.255
1 15 9 0.9064 0.0000 0 0 -40.327 -3.471 0.515
1 16 0 0.7192 -0.624 0 0 -37.529 -2.425 2.879
1 17 22 0.5438 -0.937 0 0 -34.112 -0.954 2.045
1 18 9 0.5555 0.0000 0 0 -31.804 -3.214 0.067
1 19 22 0.7953 0.5494 0 0 -34.168 -6.154 -0.592
1 20 9 0.8479 0.0000 0 0 -33.750 -5.824 -4.376
1 21 13 0.9415 0.0578 0 0 -36.878 -3.964 -5.531
1 22 17 0.8362 -0.624 0 0 -34.713 -2.180 -8.150
1 23 0 0.7660 -0.316 0 0 -32.594 -5.208 -8.968
1 24 12 0.8830 0.6054 0 0 -35.748 -7.246 -9.691
1 25 18 0.8771 0.3798 0 0 -37.329 -4.473 -11.763
1 26 11 0.6842 -0.535 0 0 -34.202 -3.736 -13.795
1 27 6 0.6315 -0.419 0 0 -33.712 -7.465 -14.376
1 28 12 0.7426 0.6199 0 0 -37.284 -7.588 -15.778
1 29 11 0.5614 0.4071 0 0 -36.918 -4.478 -17.959
1 30 6 0.3567 0.0682 0 0 -33.265 -4.670 -19.040
1 31 2 0.3274 -0.533 0 0 -32.087 -8.272 -18.458
1 32 10 0.2339 -0.156 0 0 -28.972 -7.464 -16.422
1 33 15 0.3333 0.1148 0 0 -28.103 -7.512 -12.747
1 34 22 0.2865 0.3527 0 0 -27.189 -4.360 -10.811
1 35 3 0.1228 -0.709 0 0 -24.345 -5.145 -8.349
1 36 7 0.0818 -0.244 0 0 -24.023 -1.746 -6.633
1 37 20 0.1637 0.3684 0 0 -26.536 -0.147 -4.302
1 38 3 0.2222 -0.455 0 0 -28.385 2.969 -5.474
1 39 16 0.3391 -0.989 0 0 -31.053 4.045 -2.978
1 40 18 0.4970 0.8854 0 0 -34.337 4.638 -4.794
1 41 11 0.4210 -0.981 0 0 -36.843 7.357 -4.092
1 42 7 0.5497 0.0400 0 0 -39.380 6.491 -6.831
1 43 3 0.5789 -0.316 0 0 -38.638 5.232 -10.379
1 44 17 0.6081 -0.768 0 0 -41.123 4.323 -13.094
1 45 20 0.6023 0.3169 0 0 -40.568 1.778 -15.866
1 46 1 0.4912 -0.456 0 0 -42.507 0.469 -18.882
1 47 13 0.4385 0.2604 0 0 -42.525 -2.717 -20.962
1 48 6 0.2397 -0.913 0 0 -44.913 -4.182 -23.501
1 49 22 0.2982 0.9974 0 0 -45.423 -7.882 -22.855
1 50 22 0.1286 -0.944 0 0 -47.538 -10.787 -24.075
1 51 11 0.2631 0.9735 0 0 -49.401 -12.376 -21.173
1 52 3 0.0877 0.5258 0 0 -51.868 -15.250 -21.827
1 53 9 0.0292 0.0000 0 0 -52.232 -14.108 -25.444
1 54 7 0.0526 -0.368 0 0 -53.119 -10.496 -24.644
1 55 18 0.0643 -0.629 0 0 -50.545 -7.742 -25.130
1 56 5 0.2163 0.7627 0 0 -50.326 -5.079 -22.428
1 57 12 0.3684 -0.185 0 0 -48.345 -2.161 -21.118
1 58 12 0.6432 0.4450 0 0 -46.798 -2.716 -17.703
1 59 3 0.6666 -0.389 0 0 -46.285 0.548 -15.878
1 60 11 0.8654 0.5153 0 0 -43.953 -0.209 -12.982
1 61 12 0.8713 -0.580 0 0 -43.223 1.838 -9.886
1 62 3 0.8888 -0.161 0 0 -40.062 1.041 -7.967
1 63 18 0.8538 0.5284 0 0 -40.595 2.639 -4.549
1 64 0 0.6783 -0.906 0 0 -38.370 3.681 -1.653
1 65 9 0.6608 0.0000 0 0 -37.365 1.355 1.161
1 66 6 0.3859 -0.416 0 0 -36.036 4.201 3.356
1 67 7 0.1929 0.0937 0 0 -38.307 5.359 6.146
1 68 7 0.0760 -0.575 0 0 -37.596 8.975 5.174
1 69 20 0.2046 -0.172 0 0 -39.966 8.829 2.186
1 70 17 0.3040 -0.564 0 0 -42.915 7.013 3.829
1 71 0 0.1111 -0.873 0 0 -44.976 10.171 3.210
1 72 14 0.3157 0.0257 0 0 -45.170 9.221 -0.500
1 73 1 0.5029 0.2492 0 0 -46.648 5.780 0.172
1 74 3 0.3450 -0.671 0 0 -50.287 6.913 0.291
1 75 6 0.3216 -0.659 0 0 -50.257 8.471 -3.191
1 76 20 0.5906 0.6635 0 0 -48.649 5.459 -4.846
1 77 14 0.6374 0.2610 0 0 -50.893 3.064 -2.899
1 78 1 0.4035 -0.887 0 0 -54.043 4.880 -4.088
1 79 18 0.4678 -0.171 0 0 -52.811 4.760 -7.696
1 80 9 0.7543 0.0000 0 0 -51.394 1.219 -7.815
1 81 7 0.7017 -0.557 0 0 -53.563 -1.609 -9.117
1 82 9 0.8947 0.0000 0 0 -51.174 -4.406 -8.062
1 83 15 0.9766 -0.750 0 0 -48.382 -4.757 -5.496
1 84 12 0.9941 0.7717 0 0 -45.231 -6.787 -5.386
1 85 5 0.9824 -0.608 0 0 -44.290 -7.062 -1.727
1 86 22 0.9707 0.3855 0 0 -40.599 -7.897 -1.565
1 87 15 0.8596 -0.363 0 0 -38.582 -9.045 1.405
1 88 0 0.6900 -0.431 0 0 -35.086 -10.525 1.483
1 89 11 0.4853 -0.153 0 0 -34.568 -14.185 2.463
1 90 2 0.2514 0.1143 0 0 -31.358 -13.254 4.312
1 91 2 0.3099 0.2035 0 0 -33.000 -10.498 6.393
1 92 18 0.2280 -0.905 0 0 -35.724 -11.141 9.008
1 93 13 0.2456 -0.220 0 0 -36.215 -7.420 9.710
1 94 17 0.5321 0.2961 0 0 -37.527 -7.035 6.152
1 95 15 0.5263 -0.169 0 0 -39.927 -9.949 6.687
1 96 7 0.3918 -0.913 0 0 -41.364 -7.943 9.618
1 97 3 0.5146 -0.259 0 0 -41.797 -4.732 7.604
1 98 11 0.7719 0.4044 0 0 -43.767 -6.353 4.737
1 99 10 0.5204 -0.504 0 0 -46.443 -7.181 7.307
1 100 6 0.4736 -0.925 0 0 -46.987 -3.468 7.730
1 101 20 0.7368 0.4361 0 0 -46.670 -2.841 3.979
1 102 1 0.7134 -0.438 0 0 -49.526 -5.291 3.506
1 103 7 0.4327 -0.551 0 0 -51.558 -3.655 6.293
1 104 6 0.4619 0.0828 0 0 -50.889 -0.200 4.832
1 105 11 0.6198 0.9892 0 0 -52.031 -1.153 1.304
1 106 13 0.4269 -0.497 0 0 -55.086 -2.893 2.892
1 107 1 0.1578 -0.107 0 0 -55.861 0.358 4.770
1 108 22 0.2573 0.5052 0 0 -55.225 2.939 2.030
1 109 13 0.2923 0.7840 0 0 -57.254 1.113 -0.616
1 110 3 0.0935 -0.989 0 0 -59.889 0.219 2.042
1 111 17 0.1461 0.4880 0 0 -60.022 -3.351 0.718
1 112 3 0.2105 -0.820 0 0 -59.283 -7.008 1.452
1 113 3 0.3801 -0.922 0 0 -58.796 -8.298 -2.129
1 114 22 0.5964 0.2041 0 0 -56.066 -5.980 -3.439
1 115 16 0.7894 -0.436 0 0 -53.943 -8.008 -5.934
1 116 14 0.9122 -0.094 0 0 -50.526 -8.829 -4.466
1 117 22 0.9473 0.1314 0 0 -47.761 -11.370 -4.750
1 118 12 0.9298 -0.729 0 0 -45.397 -11.859 -1.826
1 119 22 0.9532 0.7142 0 0 -41.818 -12.091 -3.103
1 120 9 0.8304 0.0000 0 0 -38.814 -13.657 -1.347
1 121 2 0.8245 0.2790 0 0 -35.815 -12.172 -3.189
1 122 13 0.5730 0.0149 0 0 -32.090 -13.024 -2.829
1 123 5 0.4444 0.3839 0 0 -32.701 -16.805 -2.820
1 124 3 0.1871 0.4058 0 0 -29.257 -17.338 -4.384
1 125 12 0.1052 0.3584 0 0 -27.696 -16.462 -1.023
1 126 0 0.0350 -0.914 0 0 -26.529 -19.292 1.208
1 127 0 0.0467 -0.159 0 0 -27.140 -17.389 4.466
1 128 1 0.0701 0.4948 0 0 -30.898 -18.029 4.679
1 129 18 0.0584 -0.042 0 0 -32.655 -16.620 7.751
1 130 22 0.1754 0.8190 0 0 -36.191 -17.146 6.346
1 131 7 0.1345 -0.923 0 0 -37.602 -20.394 4.863
1 132 17 0.2807 -0.169 0 0 -40.412 -20.787 2.295
1 133 1 0.0994 -0.821 0 0 -42.881 -22.320 4.752
1 134 6 0.1403 -0.201 0 0 -43.038 -19.286 7.119
1 135 0 0.4561 0.6046 0 0 -43.465 -17.096 4.055
1 136 6 0.3742 -0.091 0 0 -45.944 -19.693 2.753
1 137 3 0.1520 -0.898 0 0 -47.893 -19.223 5.997
1 138 12 0.4152 0.4236 0 0 -48.056 -15.464 5.541
1 139 0 0.5672 0.4713 0 0 -49.034 -15.584 1.857
1 140 1 0.2748 -0.584 0 0 -51.495 -18.317 2.869
1 141 17 0.1695 0.1596 0 0 -53.118 -16.015 5.464
1 142 20 0.4502 0.4845 0 0 -53.165 -12.977 3.111
1 143 9 0.4093 0.0000 0 0 -54.610 -15.185 0.356
1 144 11 0.6549 0.7279 0 0 -51.895 -14.415 -2.175
1 145 16 0.6959 0.2599 0 0 -49.330 -16.301 -4.317
1 146 20 0.7836 -0.123 0 0 -45.756 -16.638 -3.061
1 147 11 0.8187 0.2625 0 0 -42.866 -16.594 -5.528
1 148 7 0.7251 -0.807 0 0 -39.198 -16.946 -4.610
1 149 18 0.8011 0.9858 0 0 -36.772 -14.852 -6.711
1 150 17 0.6257 -0.974 0 0 -33.187 -13.945 -7.506
1 151 0 0.6725 0.5177 0 0 -32.391 -10.842 -9.582
1 152 13 0.3976 -0.844 0 0 -28.839 -12.135 -9.518
1 153 18 0.2690 -0.172 0 0 -29.651 -15.482 -11.200
1 154 1 0.4795 0.0497 0 0 -32.838 -14.141 -12.884
1 155 6 0.5087 -0.706 0 0 -35.042 -16.838 -11.256
1 156 9 0.7076 0.0000 0 0 -38.751 -16.195 -10.681
1 157 22 0.8421 -0.151 0 0 -38.403 -12.634 -11.999
1 158 7 0.7309 -0.895 0 0 -40.664 -13.121 -15.055
1 159 3 0.7602 -0.517 0 0 -42.824 -15.423 -12.926
1 160 0 0.9239 0.6401 0 0 -43.375 -12.843 -10.154
1 161 15 0.9356 0.5323 0 0 -44.552 -9.943 -12.316
1 162 20 0.8070 -0.453 0 0 -46.652 -11.981 -14.682
1 163 18 0.8128 0.0594 0 0 -48.454 -13.644 -11.774
1 164 12 0.9005 0.8238 0 0 -49.294 -10.238 -10.319
1 165 22 0.7777 -0.277 0 0 -50.831 -9.293 -13.687
1 166 1 0.5380 -0.198 0 0 -53.021 -12.417 -13.580
1 167 7 0.6491 0.3191 0 0 -54.108 -11.422 -10.079
1 168 11 0.5847 0.5713 0 0 -55.340 -8.058 -11.405
1 169 1 0.3625 0.0183 0 0 -57.016 -9.864 -14.344
1 170 6 0.1812 0.4678 0 0 -59.111 -12.402 -12.365
1 171 10 0.1988 0.3902 0 0 -60.412 -9.735 -9.915
