1 1 9 0.0 0.0000 0 0 15.848 15.404 -22.094
1 2 0 0.0058 0.1852 0 0 16.854 13.226 -19.113
1 3 14 0.0116 -0.237 0 0 18.201 9.708 -19.678
1 4 9 0.0175 0.0000 0 0 17.518 6.801 -17.316
1 5 17 0.0233 -0.147 0 0 17.596 3.015 -17.373
1 6 14 0.0467 0.4897 0 0 15.133 0.571 -15.901
1 7 18 0.1111 0.0372 0 0 15.382 -3.010 -14.702
1 8 7 0.3391 -0.039 0 0 13.002 -5.228 -16.671
1 9 20 0.6023 -0.232 0 0 11.513 -8.439 -15.161
1 10 13 0.7485 -0.795 0 0 9.964 -11.244 -17.168
1 11 12 0.9181 0.1029 0 0 7.195 -12.790 -15.159
1 12 22 0.9590 -0.754 0 0 5.101 -15.713 -16.388
1 13 22 0.9883 0.3493 0 0 1.715 -16.703 -15.032
1 14 22 0.9649 -0.143 0 0 1.127 -20.483 -15.324
1 15 9 0.9064 0.0000 0 0 -1.537 -22.942 -14.160
1 16 0 0.7192 -0.574 0 0 -4.529 -24.946 -15.322
1 17 22 0.5730 -0.954 0 0 -7.503 -23.777 -17.365
1 18 9 0.5789 0.0000 0 0 -9.791 -21.328 -15.611
1 19 22 0.7953 0.5862 0 0 -7.890 -20.832 -12.361
1 20 9 0.8421 0.0000 0 0 -7.769 -17.041 -12.893
1 21 13 0.9415 0.0543 0 0 -4.403 -16.314 -14.510
1 22 17 0.8362 -0.604 0 0 -5.854 -13.721 -16.881
1 23 0 0.7719 -0.344 0 0 -8.097 -12.210 -14.192
1 24 12 0.8888 0.5717 0 0 -5.160 -11.676 -11.829
1 25 18 0.8830 0.4181 0 0 -2.987 -10.111 -14.497
1 26 11 0.6783 -0.461 0 0 -5.762 -7.784 -15.707
1 27 6 0.6374 -0.438 0 0 -6.598 -6.698 -12.156
1 28 12 0.7368 0.6230 0 0 -2.889 -5.906 -11.758
1 29 11 0.5438 0.3126 0 0 -2.666 -3.994 -15.057
1 30 6 0.3567 -0.001 0 0 -6.115 -2.420 -15.591
1 31 2 0.3099 -0.567 0 0 -7.526 -2.325 -12.009
1 32 10 0.2280 -0.155 0 0 -10.802 -4.189 -12.811
1 33 15 0.3274 0.1045 0 0 -12.424 -7.606 -12.701
1 34 22 0.2865 0.3149 0 0 -13.106 -9.693 -15.820
1 35 3 0.1286 -0.978 0 0 -16.147 -11.813 -14.936
1 36 7 0.0935 -0.395 0 0 -16.513 -13.674 -18.254
1 37 20 0.1812 0.3671 0 0 -14.213 -16.494 -19.368
1 38 3 0.1988 -0.141 0 0 -12.070 -15.605 -22.412
1 39 16 0.3450 -0.917 0 0 -9.635 -18.463 -23.228
1 40 18 0.4853 0.9153 0 0 -6.027 -17.348 -23.552
1 41 11 0.4269 -0.981 0 0 -3.325 -18.614 -25.806
1 42 7 0.5263 0.0981 0 0 -0.618 -16.100 -24.983
1 43 3 0.5672 -0.285 0 0 -0.983 -12.445 -23.921
1 44 17 0.6081 -0.803 0 0 1.711 -10.032 -22.793
1 45 20 0.6198 0.2826 0 0 1.287 -7.128 -20.454
1 46 1 0.5029 -0.552 0 0 3.549 -4.393 -19.126
1 47 13 0.4795 0.2226 0 0 3.474 -2.419 -15.908
1 48 6 0.2748 -0.958 0 0 6.014 -0.064 -14.485
1 49 22 0.3216 0.9864 0 0 6.216 -0.158 -10.712
1 50 22 0.1345 -0.979 0 0 8.436 0.904 -7.844
1 51 11 0.2631 0.9848 0 0 9.396 -2.086 -5.702
1 52 3 0.0877 0.5356 0 0 11.575 -1.532 -2.649
1 53 9 0.0292 0.0000 0 0 13.006 1.760 -3.964
1 54 7 0.0526 0.0479 0 0 13.830 0.376 -7.422
1 55 18 0.0643 -0.695 0 0 11.778 1.275 -10.475
1 56 5 0.2339 0.6399 0 0 11.240 -1.710 -12.765
1 57 12 0.3742 -0.260 0 0 9.248 -2.780 -15.771
1 58 12 0.6608 0.4276 0 0 7.266 -5.977 -15.282
1 59 3 0.6549 -0.417 0 0 6.991 -7.752 -18.573
1 60 11 0.8654 0.5067 0 0 4.177 -10.200 -17.941
1 61 12 0.8713 -0.584 0 0 3.229 -13.227 -19.956
1 62 3 0.8771 -0.118 0 0 -0.256 -14.648 -19.416
1 63 18 0.8538 0.4984 0 0 -0.193 -18.243 -20.638
1 64 0 0.6725 -0.923 0 0 -2.598 -20.982 -21.710
1 65 9 0.6666 0.0000 0 0 -4.108 -23.457 -19.233
1 66 6 0.3859 -0.475 0 0 -5.241 -25.584 -22.222
1 67 7 0.2105 0.2353 0 0 -3.095 -28.691 -22.815
1 68 7 0.0760 -0.426 0 0 -3.704 -27.969 -26.500
1 69 20 0.1754 -0.223 0 0 -0.890 -25.355 -26.510
1 70 17 0.3040 -0.433 0 0 1.634 -27.038 -24.161
1 71 0 0.1169 -0.800 0 0 4.032 -26.949 -27.115
1 72 14 0.2982 -0.024 0 0 4.532 -23.235 -26.373
1 73 1 0.5087 0.2253 0 0 5.484 -23.809 -22.717
1 74 3 0.3508 -0.831 0 0 9.100 -24.740 -23.398
1 75 6 0.3157 -0.614 0 0 10.067 -21.362 -24.974
1 76 20 0.5906 0.6442 0 0 8.399 -19.119 -22.379
1 77 14 0.6315 0.2324 0 0 10.059 -21.205 -19.650
1 78 1 0.4035 -0.779 0 0 13.538 -20.468 -21.080
1 79 18 0.4619 -0.146 0 0 12.693 -16.774 -21.404
1 80 9 0.7426 0.0000 0 0 10.858 -16.129 -18.085
1 81 7 0.7134 -0.564 0 0 12.758 -15.257 -14.912
1 82 9 0.8947 0.0000 0 0 9.919 -15.643 -12.421
1 83 15 0.9766 -0.748 0 0 6.802 -17.754 -12.465
1 84 12 0.9941 0.6726 0 0 3.543 -17.249 -10.647
1 85 5 0.9824 -0.650 0 0 2.102 -20.759 -10.268
1 86 22 0.9707 0.4651 0 0 -1.651 -20.370 -9.906
1 87 15 0.8596 -0.329 0 0 -4.316 -22.891 -8.872
1 88 0 0.6842 -0.376 0 0 -7.941 -22.245 -7.722
1 89 11 0.4736 -0.062 0 0 -9.026 -23.007 -4.166
1 90 2 0.2222 0.1076 0 0 -12.268 -24.694 -5.321
1 91 2 0.3333 0.3261 0 0 -10.489 -26.898 -7.873
1 92 18 0.2046 -0.965 0 0 -8.383 -29.725 -6.441
1 93 13 0.2456 -0.104 0 0 -7.224 -30.820 -9.930
1 94 17 0.5497 0.3751 0 0 -5.713 -27.361 -10.469
1 95 15 0.5555 -0.275 0 0 -3.789 -27.664 -7.164
1 96 7 0.3976 -0.951 0 0 -2.676 -31.127 -8.345
1 97 3 0.5204 -0.231 0 0 -1.727 -29.799 -11.798
1 98 11 0.7543 0.4074 0 0 0.776 -27.297 -10.368
1 99 10 0.5146 -0.390 0 0 3.258 -30.083 -9.689
1 100 6 0.4678 -0.743 0 0 3.595 -30.695 -13.431
1 101 20 0.7309 0.4468 0 0 4.271 -27.022 -13.981
1 102 1 0.6959 -0.460 0 0 7.046 -26.792 -11.378
1 103 7 0.4327 -0.521 0 0 8.598 -30.007 -12.693
1 104 6 0.4502 0.0199 0 0 8.640 -28.642 -16.287
1 105 11 0.6140 0.9934 0 0 10.090 -25.267 -15.159
1 106 13 0.4210 -0.463 0 0 12.722 -27.019 -12.988
1 107 1 0.1578 -0.212 0 0 13.564 -29.196 -16.059
1 108 22 0.2397 0.4734 0 0 13.593 -26.554 -18.811
1 109 13 0.2923 0.8066 0 0 15.586 -24.274 -16.487
1 110 3 0.0818 -0.975 0 0 17.790 -27.128 -15.210
1 111 17 0.1461 0.4275 0 0 17.557 -25.661 -11.682
1 112 3 0.1871 -0.460 0 0 16.030 -26.355 -8.244
1 113 3 0.3684 -0.926 0 0 16.042 -22.669 -7.284
1 114 22 0.5847 0.2929 0 0 13.944 -20.992 -9.993
1 115 16 0.7894 -0.515 0 0 12.091 -17.897 -8.612
1 116 14 0.9122 -0.080 0 0 8.479 -18.893 -8.054
1 117 22 0.9473 0.1228 0 0 5.426 -18.014 -5.956
1 118 12 0.9239 -0.711 0 0 2.420 -20.288 -5.255
1 119 22 0.9532 0.7355 0 0 -0.851 -18.466 -5.817
1 120 9 0.8304 0.0000 0 0 -4.116 -19.804 -4.423
1 121 2 0.8245 0.2779 0 0 -6.781 -17.877 -6.279
1 122 13 0.5380 0.0612 0 0 -10.601 -17.406 -6.052
1 123 5 0.4444 0.3209 0 0 -10.188 -17.210 -2.301
1 124 3 0.1929 0.3756 0 0 -13.337 -15.011 -2.142
1 125 12 0.0994 0.3749 0 0 -15.587 -18.075 -2.637
1 126 0 0.0350 -0.919 0 0 -16.768 -20.071 0.388
1 127 0 0.0409 -0.194 0 0 -16.744 -23.478 -1.397
1 128 1 0.0701 0.4859 0 0 -13.052 -24.343 -0.751
1 129 18 0.0584 0.0281 0 0 -11.720 -27.745 -1.648
1 130 22 0.1695 0.8399 0 0 -8.041 -26.941 -0.963
1 131 7 0.1228 -0.918 0 0 -7.168 -25.762 2.544
1 132 17 0.2573 -0.327 0 0 -4.536 -23.125 2.865
1 133 1 0.1052 -0.807 0 0 -2.580 -25.499 5.107
1 134 6 0.1403 -0.368 0 0 -2.278 -28.065 2.291
1 135 0 0.4561 0.5693 0 0 -1.190 -25.253 0.022
1 136 6 0.3918 -0.386 0 0 1.348 -23.844 2.556
1 137 3 0.1520 -0.885 0 0 2.909 -27.359 2.884
1 138 12 0.4152 0.5491 0 0 3.416 -27.713 -0.866
1 139 0 0.5321 0.4816 0 0 5.073 -24.263 -0.959
1 140 1 0.2690 -0.951 0 0 7.188 -25.070 2.089
1 141 17 0.1637 0.1837 0 0 8.292 -28.287 0.331
1 142 20 0.4385 0.5298 0 0 9.469 -26.177 -2.670
1 143 9 0.3801 0.0000 0 0 10.854 -23.382 -0.458
1 144 11 0.6432 0.6814 0 0 8.718 -20.628 -2.118
1 145 16 0.7017 0.2012 0 0 6.143 -18.201 -0.815
1 146 20 0.7660 -0.126 0 0 2.414 -18.916 -0.732
1 147 11 0.8187 0.2894 0 0 -0.107 -16.113 -1.319
1 148 7 0.7251 -0.789 0 0 -3.878 -16.452 -1.513
1 149 18 0.8011 0.9864 0 0 -5.584 -14.119 -3.971
1 150 17 0.6257 -0.977 0 0 -8.882 -12.849 -5.199
1 151 0 0.6900 0.4323 0 0 -8.880 -11.452 -8.722
1 152 13 0.4093 -0.765 0 0 -12.398 -10.278 -7.712
1 153 18 0.2514 -0.138 0 0 -11.714 -8.291 -4.550
1 154 1 0.4912 0.0158 0 0 -8.049 -7.556 -5.433
1 155 6 0.4970 -0.278 0 0 -6.815 -9.362 -2.285
1 156 9 0.7076 0.0000 0 0 -3.159 -10.444 -2.613
1 157 22 0.8479 -0.169 0 0 -2.922 -9.494 -6.285
1 158 7 0.7777 -0.887 0 0 -0.093 -6.973 -5.844
1 159 3 0.7602 -0.401 0 0 1.427 -9.017 -3.018
1 160 0 0.9298 0.6110 0 0 1.747 -11.984 -5.421
1 161 15 0.9356 0.5360 0 0 3.464 -10.169 -8.304
1 162 20 0.8070 -0.430 0 0 5.716 -8.011 -6.100
1 163 18 0.8128 -0.053 0 0 6.768 -11.012 -3.991
1 164 12 0.9005 0.7972 0 0 7.742 -12.759 -7.237
1 165 22 0.7836 -0.312 0 0 9.919 -9.766 -8.183
1 166 1 0.5614 -0.201 0 0 11.472 -9.931 -4.677
1 167 7 0.6491 0.2450 0 0 12.163 -13.661 -5.233
1 168 11 0.5964 0.5542 0 0 14.066 -12.826 -8.445
1 169 1 0.3625 -0.109 0 0 16.029 -10.055 -6.710
1 170 6 0.2163 0.4406 0 0 17.079 -12.234 -3.773
1 171 10 0.2807 0.3161 0 0 17.835 -15.277 -5.994
