1 1 9 0.0 0.0000 0 0 16.468 -9.209 -17.012
1 2 0 0.0058 0.2042 0 0 17.841 -6.363 -19.119
1 3 14 0.0116 -0.316 0 0 18.462 -2.663 -18.531
1 4 9 0.0175 0.0000 0 0 16.676 -0.313 -20.938
1 5 17 0.0233 -0.032 0 0 17.828 3.241 -21.655
1 6 14 0.0467 0.3866 0 0 15.250 5.858 -22.467
1 7 18 0.1169 0.0626 0 0 15.305 9.615 -22.902
1 8 7 0.3508 0.1437 0 0 12.481 11.785 -21.673
1 9 20 0.6023 -0.248 0 0 11.243 15.027 -23.300
1 10 13 0.7660 -0.868 0 0 9.157 17.632 -21.517
1 11 12 0.9298 0.1728 0 0 6.836 19.242 -24.044
1 12 22 0.9590 -0.703 0 0 4.439 22.057 -23.206
1 13 22 0.9883 0.3625 0 0 1.553 23.142 -25.407
1 14 22 0.9649 -0.185 0 0 0.770 26.861 -25.041
1 15 9 0.9064 0.0000 0 0 -1.670 29.274 -26.658
1 16 0 0.7076 -0.604 0 0 -4.898 31.207 -26.115
1 17 22 0.5497 -0.949 0 0 -8.301 29.833 -25.087
1 18 9 0.5789 0.0000 0 0 -9.856 27.397 -27.544
1 19 22 0.7894 0.5673 0 0 -7.092 27.209 -30.148
1 20 9 0.8362 0.0000 0 0 -7.162 23.396 -29.915
1 21 13 0.9415 0.1315 0 0 -4.291 22.611 -27.563
1 22 17 0.8538 -0.599 0 0 -6.010 19.662 -25.829
1 23 0 0.7426 -0.346 0 0 -7.692 18.320 -29.013
1 24 12 0.8771 0.5982 0 0 -4.221 18.080 -30.564
1 25 18 0.8830 0.3951 0 0 -2.752 16.458 -27.501
1 26 11 0.6783 -0.486 0 0 -5.568 13.954 -27.101
1 27 6 0.6374 -0.458 0 0 -5.306 13.228 -30.868
1 28 12 0.7368 0.5856 0 0 -1.600 12.432 -30.436
1 29 11 0.5555 0.3198 0 0 -2.017 10.301 -27.316
1 30 6 0.3567 0.0146 0 0 -5.426 8.753 -27.630
1 31 2 0.3274 -0.581 0 0 -5.974 8.767 -31.431
1 32 10 0.2339 -0.139 0 0 -9.391 10.472 -31.412
1 33 15 0.3333 0.1315 0 0 -11.018 13.861 -31.769
1 34 22 0.2982 0.3338 0 0 -12.726 15.845 -28.991
1 35 3 0.1286 -0.935 0 0 -15.618 17.898 -30.428
1 36 7 0.0877 -0.435 0 0 -16.738 19.292 -27.041
1 37 20 0.1812 0.3788 0 0 -14.969 22.213 -25.355
1 38 3 0.2105 -0.371 0 0 -13.499 21.358 -21.967
1 39 16 0.3391 -0.969 0 0 -11.543 24.243 -20.334
1 40 18 0.5029 0.9061 0 0 -8.069 23.161 -19.272
1 41 11 0.4210 -0.987 0 0 -6.235 24.331 -16.204
1 42 7 0.5263 0.0698 0 0 -3.250 21.998 -16.443
1 43 3 0.5672 -0.306 0 0 -3.288 18.363 -17.684
1 44 17 0.5847 -0.638 0 0 -0.351 16.019 -18.037
1 45 20 0.6081 0.3068 0 0 0.109 13.205 -20.666
1 46 1 0.4853 -0.557 0 0 2.708 10.454 -21.347
1 47 13 0.4561 0.3022 0 0 3.564 8.548 -24.532
1 48 6 0.2397 -0.891 0 0 6.346 6.214 -25.514
1 49 22 0.3099 0.9764 0 0 7.448 6.706 -29.096
1 50 22 0.1345 -0.979 0 0 10.493 5.845 -31.196
1 51 11 0.2573 0.9901 0 0 12.027 8.900 -32.863
1 52 3 0.0818 0.5649 0 0 15.049 8.688 -35.197
1 53 9 0.0292 0.0000 0 0 15.920 5.205 -33.984
1 54 7 0.0526 -0.279 0 0 15.677 6.296 -30.352
1 55 18 0.0584 -0.736 0 0 13.171 5.333 -27.632
1 56 5 0.2631 0.4876 0 0 11.619 8.404 -26.044
1 57 12 0.3742 -0.383 0 0 9.142 9.129 -23.333
1 58 12 0.6491 0.4462 0 0 7.240 12.331 -24.124
1 59 3 0.6842 -0.409 0 0 5.884 14.053 -21.020
1 60 11 0.8713 0.4735 0 0 3.328 16.513 -22.404
1 61 12 0.8654 -0.571 0 0 1.929 19.363 -20.429
1 62 3 0.8888 -0.162 0 0 -1.352 20.791 -21.827
1 63 18 0.8479 0.5515 0 0 -1.844 24.244 -20.285
1 64 0 0.6608 -0.908 0 0 -4.451 26.997 -19.673
1 65 9 0.6432 0.0000 0 0 -5.351 29.679 -22.178
1 66 6 0.3801 -0.392 0 0 -7.264 31.333 -19.347
1 67 7 0.1988 -0.128 0 0 -5.501 34.437 -18.064
1 68 7 0.0643 -0.522 0 0 -7.032 33.789 -14.617
1 69 20 0.1637 -0.199 0 0 -4.309 31.055 -14.307
1 70 17 0.2807 -0.527 0 0 -1.308 33.028 -15.682
1 71 0 0.1111 -0.876 0 0 0.472 32.726 -12.313
1 72 14 0.2923 0.0194 0 0 1.100 29.017 -13.108
1 73 1 0.5087 0.2326 0 0 2.996 29.874 -16.335
1 74 3 0.3450 -0.813 0 0 6.377 30.520 -14.702
1 75 6 0.3216 -0.491 0 0 6.698 27.052 -13.137
1 76 20 0.5906 0.6588 0 0 5.833 25.163 -16.363
1 77 14 0.6315 0.2780 0 0 8.146 27.443 -18.374
1 78 1 0.4035 -0.835 0 0 11.211 26.832 -16.155
1 79 18 0.4678 -0.191 0 0 10.473 23.068 -16.252
1 80 9 0.7485 0.0000 0 0 9.611 22.823 -19.993
1 81 7 0.7192 -0.563 0 0 12.199 21.804 -22.594
1 82 9 0.8947 0.0000 0 0 10.171 22.408 -25.739
1 83 15 0.9766 -0.777 0 0 7.124 24.502 -26.402
1 84 12 0.9941 0.7358 0 0 4.447 23.893 -28.982
1 85 5 0.9824 -0.646 0 0 3.118 27.420 -29.693
1 86 22 0.9707 0.4541 0 0 -0.446 27.093 -30.985
1 87 15 0.8596 -0.290 0 0 -2.816 29.670 -32.411
1 88 0 0.6900 -0.399 0 0 -5.893 29.007 -34.552
1 89 11 0.4795 -0.039 0 0 -5.988 29.980 -38.253
1 90 2 0.2222 0.1333 0 0 -9.489 31.479 -37.983
1 91 2 0.3157 0.3483 0 0 -8.703 33.670 -34.984
1 92 18 0.2046 -0.963 0 0 -6.384 36.684 -35.392
1 93 13 0.2163 -0.255 0 0 -6.570 37.480 -31.660
1 94 17 0.5321 0.4401 0 0 -4.960 34.080 -30.958
1 95 15 0.5438 -0.241 0 0 -2.131 34.816 -33.427
1 96 7 0.3976 -0.895 0 0 -1.255 38.044 -31.564
1 97 3 0.5204 -0.265 0 0 -1.249 36.214 -28.200
1 98 11 0.7777 0.3563 0 0 1.498 33.813 -29.290
1 99 10 0.5146 -0.492 0 0 3.973 36.699 -29.529
1 100 6 0.4736 -0.853 0 0 3.514 37.223 -25.804
1 101 20 0.7309 0.4181 0 0 4.010 33.485 -25.071
1 102 1 0.7134 -0.508 0 0 7.212 33.304 -27.112
1 103 7 0.4327 -0.563 0 0 8.421 36.397 -25.197
1 104 6 0.4619 0.0577 0 0 7.433 35.082 -21.753
1 105 11 0.6140 0.9930 0 0 9.271 31.819 -22.444
1 106 13 0.4269 -0.481 0 0 12.334 33.672 -23.804
1 107 1 0.1578 -0.088 0 0 12.440 35.714 -20.572
1 108 22 0.2456 0.5611 0 0 11.555 33.016 -18.024
1 109 13 0.3040 0.7938 0 0 14.182 30.635 -19.376
1 110 3 0.0935 -0.993 0 0 16.673 33.466 -20.150
1 111 17 0.1461 0.5336 0 0 17.713 32.371 -23.666
1 112 3 0.1695 -0.345 0 0 17.183 33.237 -27.336
1 113 3 0.3625 -0.417 0 0 17.416 29.580 -28.360
1 114 22 0.5964 0.3025 0 0 14.478 27.725 -26.748
1 115 16 0.7953 -0.489 0 0 13.173 24.762 -28.799
1 116 14 0.9122 -0.105 0 0 9.757 25.743 -30.221
1 117 22 0.9532 0.1207 0 0 7.363 25.001 -33.072
1 118 12 0.9239 -0.740 0 0 4.763 27.521 -34.175
1 119 22 0.9473 0.7439 0 0 1.561 25.612 -34.880
1 120 9 0.8304 0.0000 0 0 -1.301 26.982 -36.962
1 121 2 0.8245 0.3146 0 0 -4.182 24.741 -35.902
1 122 13 0.5614 0.0601 0 0 -7.748 24.181 -37.208
1 123 5 0.4444 0.2579 0 0 -6.424 24.048 -40.807
1 124 3 0.1929 0.3445 0 0 -9.570 22.081 -41.824
1 125 12 0.0994 0.4707 0 0 -11.713 25.248 -41.785
1 126 0 0.0350 -0.903 0 0 -12.678 27.444 -44.742
1 127 0 0.0409 -0.191 0 0 -12.804 30.742 -42.778
1 128 1 0.0760 0.4419 0 0 -9.053 31.553 -42.509
1 129 18 0.0701 0.1148 0 0 -8.160 34.834 -40.794
1 130 22 0.1871 0.8316 0 0 -4.404 34.105 -40.769
1 131 7 0.1228 -0.815 0 0 -2.587 33.282 -44.023
1 132 17 0.2514 -0.219 0 0 0.134 30.588 -44.091
1 133 1 0.1052 -0.912 0 0 2.762 33.050 -45.367
1 134 6 0.1403 -0.136 0 0 1.924 35.493 -42.549
1 135 0 0.4502 0.7068 0 0 2.942 32.799 -40.030
1 136 6 0.3684 -0.145 0 0 5.802 31.497 -42.210
1 137 3 0.1520 -0.827 0 0 7.349 34.940 -41.578
1 138 12 0.4152 0.4607 0 0 6.969 35.026 -37.789
1 139 0 0.5380 0.3730 0 0 8.447 31.501 -37.689
1 140 1 0.2690 -0.690 0 0 11.473 32.569 -39.822
1 141 17 0.1754 0.0780 0 0 11.719 35.621 -37.552
1 142 20 0.4385 0.4854 0 0 11.993 33.309 -34.513
1 143 9 0.4093 0.0000 0 0 14.055 30.698 -36.382
1 144 11 0.6666 0.6848 0 0 11.521 27.953 -35.544
1 145 16 0.7017 0.2423 0 0 9.539 25.674 -37.846
1 146 20 0.7719 -0.115 0 0 5.931 26.261 -38.849
1 147 11 0.8128 0.3275 0 0 3.485 23.381 -39.204
1 148 7 0.7251 -0.797 0 0 -0.243 23.730 -39.898
1 149 18 0.8011 0.9745 0 0 -2.440 21.166 -38.128
1 150 17 0.6257 -0.977 0 0 -5.945 19.847 -37.760
1 151 0 0.6725 0.4095 0 0 -6.955 17.937 -34.667
1 152 13 0.3918 -0.837 0 0 -10.238 17.119 -36.363
1 153 18 0.2865 -0.099 0 0 -8.505 15.516 -39.393
1 154 1 0.4912 -0.090 0 0 -5.179 14.475 -37.666
1 155 6 0.4970 -0.440 0 0 -3.216 16.401 -40.322
1 156 9 0.6959 0.0000 0 0 0.266 17.317 -39.105
1 157 22 0.8421 -0.140 0 0 -0.299 16.224 -35.466
1 158 7 0.7602 -0.876 0 0 2.596 13.737 -35.378
1 159 3 0.7543 -0.472 0 0 4.582 16.115 -37.630
1 160 0 0.9181 0.6037 0 0 4.245 18.984 -35.084
1 161 15 0.9356 0.5419 0 0 5.134 17.032 -31.945
1 162 20 0.8070 -0.439 0 0 7.974 14.982 -33.487
1 163 18 0.8187 0.0074 0 0 9.463 18.142 -34.981
1 164 12 0.9005 0.8028 0 0 9.598 19.765 -31.513
1 165 22 0.7836 -0.315 0 0 11.435 16.712 -30.187
1 166 1 0.5730 -0.231 0 0 13.868 17.008 -33.091
1 167 7 0.6549 0.2473 0 0 14.261 20.718 -32.211
1 168 11 0.6198 0.5675 0 0 15.012 19.762 -28.592
1 169 1 0.3859 -0.040 0 0 17.486 17.049 -29.713
1 170 6 0.2280 0.3012 0 0 19.412 19.318 -32.071
1 171 10 0.2748 0.2858 0 0 19.716 22.012 -29.395
