1 1 9 0.0 0.0000 0 0 -55.987 -0.156 -16.215
1 2 0 0.0058 0.7123 0 0 -56.971 1.470 -19.504
1 3 14 0.0116 -0.411 0 0 -58.060 0.912 -23.121
1 4 9 0.0175 0.0000 0 0 -57.093 4.272 -24.767
1 5 17 0.0233 0.0652 0 0 -57.161 3.740 -28.545
1 6 14 0.0467 0.1691 0 0 -54.002 3.754 -30.674
1 7 18 0.1228 0.1489 0 0 -53.667 3.971 -34.464
1 8 7 0.3391 -0.011 0 0 -50.668 2.161 -35.955
1 9 20 0.6140 -0.165 0 0 -48.935 3.771 -38.920
1 10 13 0.7426 -0.781 0 0 -46.723 1.765 -41.261
1 11 12 0.9181 0.1951 0 0 -43.943 4.032 -42.518
1 12 22 0.9590 -0.705 0 0 -41.239 3.077 -45.028
1 13 22 0.9883 0.3982 0 0 -38.073 4.994 -45.815
1 14 22 0.9649 -0.290 0 0 -36.702 4.567 -49.336
1 15 9 0.9064 0.0000 0 0 -33.894 6.197 -51.291
1 16 0 0.7309 -0.592 0 0 -30.569 5.392 -52.908
1 17 22 0.5555 -0.940 0 0 -27.294 4.316 -51.241
1 18 9 0.5497 0.0000 0 0 -25.724 6.617 -48.639
1 19 22 0.7894 0.6554 0 0 -28.663 8.993 -48.903
1 20 9 0.8421 0.0000 0 0 -28.985 9.021 -45.086
1 21 13 0.9415 0.1234 0 0 -32.116 6.974 -44.401
1 22 17 0.8479 -0.652 0 0 -30.711 5.121 -41.392
1 23 0 0.7660 -0.356 0 0 -29.301 8.322 -39.890
1 24 12 0.8947 0.5797 0 0 -32.729 10.028 -40.109
1 25 18 0.8830 0.3083 0 0 -34.528 7.041 -38.591
1 26 11 0.6725 -0.468 0 0 -31.930 6.619 -35.815
1 27 6 0.6374 -0.460 0 0 -32.090 10.319 -34.978
1 28 12 0.7485 0.6315 0 0 -35.895 10.083 -34.720
1 29 11 0.5614 0.3559 0 0 -35.846 6.960 -32.584
1 30 6 0.3450 0.0388 0 0 -32.646 7.091 -30.505
1 31 2 0.3157 -0.511 0 0 -31.866 10.862 -30.436
1 32 10 0.2339 -0.177 0 0 -28.337 10.461 -31.911
1 33 15 0.3567 0.1520 0 0 -26.435 10.854 -35.170
1 34 22 0.3040 0.2652 0 0 -24.591 7.864 -36.641
1 35 3 0.1286 -0.607 0 0 -21.374 8.998 -38.386
1 36 7 0.0818 -0.303 0 0 -20.171 5.707 -39.862
1 37 20 0.1754 0.4058 0 0 -21.769 4.095 -42.894
1 38 3 0.2046 -0.519 0 0 -23.391 0.819 -42.002
1 39 16 0.3508 -0.918 0 0 -25.211 -0.363 -45.130
1 40 18 0.4795 0.7223 0 0 -28.667 -1.752 -44.438
1 41 11 0.4327 -0.987 0 0 -30.914 -4.396 -45.944
1 42 7 0.5380 0.1006 0 0 -34.100 -3.951 -43.884
1 43 3 0.5847 -0.245 0 0 -34.341 -2.626 -40.348
1 44 17 0.5964 -0.486 0 0 -37.549 -2.255 -38.349
1 45 20 0.6198 0.2917 0 0 -38.286 0.425 -35.705
1 46 1 0.5029 -0.513 0 0 -41.080 1.438 -33.401
1 47 13 0.4736 0.3164 0 0 -41.936 4.741 -31.687
1 48 6 0.2748 -0.939 0 0 -45.102 5.899 -29.964
1 49 22 0.3099 0.8818 0 0 -45.893 9.612 -30.339
1 50 22 0.1345 -0.979 0 0 -48.718 12.094 -29.971
1 51 11 0.2923 0.9836 0 0 -49.456 13.741 -33.319
1 52 3 0.0935 0.5863 0 0 -52.171 16.405 -33.404
1 53 9 0.0350 0.0000 0 0 -53.777 14.952 -30.263
1 54 7 0.0526 -0.244 0 0 -53.963 11.357 -31.547
1 55 18 0.0701 -0.683 0 0 -51.656 8.676 -30.159
1 56 5 0.3216 0.5168 0 0 -49.676 6.959 -32.923
1 57 12 0.3976 -0.318 0 0 -47.512 3.888 -33.117
1 58 12 0.6491 0.4468 0 0 -44.969 4.407 -35.879
1 59 3 0.6783 -0.591 0 0 -43.978 1.222 -37.671
1 60 11 0.8713 0.4487 0 0 -40.852 2.412 -39.496
1 61 12 0.8654 -0.638 0 0 -39.052 0.342 -42.082
1 62 3 0.8888 -0.145 0 0 -35.545 1.446 -43.001
1 63 18 0.8538 0.5193 0 0 -35.009 -0.166 -46.398
1 64 0 0.6432 -0.873 0 0 -32.234 -1.301 -48.721
1 65 9 0.6549 0.0000 0 0 -30.632 1.315 -50.965
1 66 6 0.3801 -0.428 0 0 -28.112 -1.024 -52.669
1 67 7 0.1812 0.0567 0 0 -29.331 -2.132 -56.124
1 68 7 0.0760 -0.270 0 0 -28.202 -5.483 -54.723
1 69 20 0.1871 -0.227 0 0 -31.526 -5.806 -52.883
1 70 17 0.2573 -0.674 0 0 -34.292 -4.795 -55.288
1 71 0 0.1052 -0.912 0 0 -36.316 -8.032 -55.242
1 72 14 0.2982 -0.027 0 0 -37.318 -7.029 -51.700
1 73 1 0.5087 0.3262 0 0 -38.843 -3.676 -52.760
1 74 3 0.3333 -0.887 0 0 -42.030 -5.425 -53.846
1 75 6 0.2865 -0.901 0 0 -43.301 -6.918 -50.582
1 76 20 0.5730 0.6606 0 0 -42.734 -3.793 -48.491
1 77 14 0.6315 0.2410 0 0 -44.455 -1.423 -50.912
1 78 1 0.4035 -0.813 0 0 -47.399 -3.791 -50.481
1 79 18 0.4502 -0.194 0 0 -47.378 -3.561 -46.672
1 80 9 0.7251 0.0000 0 0 -46.535 0.153 -46.248
1 81 7 0.7076 -0.476 0 0 -49.137 2.862 -45.589
1 82 9 0.8771 0.0000 0 0 -46.816 5.762 -46.408
1 83 15 0.9766 -0.739 0 0 -43.378 6.548 -47.808
1 84 12 0.9941 0.7160 0 0 -40.503 8.880 -47.022
1 85 5 0.9824 -0.629 0 0 -38.499 9.436 -50.194
1 86 22 0.9707 0.4986 0 0 -35.007 10.585 -49.397
1 87 15 0.8596 -0.292 0 0 -32.210 12.084 -51.448
1 88 0 0.6959 -0.488 0 0 -28.983 13.702 -50.317
1 89 11 0.4970 -0.108 0 0 -28.801 17.332 -51.479
1 90 2 0.2456 0.1171 0 0 -25.197 16.747 -52.620
1 91 2 0.3274 0.2631 0 0 -26.099 13.989 -55.103
1 92 18 0.2105 -0.851 0 0 -28.009 14.336 -58.381
1 93 13 0.2514 -0.335 0 0 -28.113 10.568 -59.044
1 94 17 0.5672 0.4371 0 0 -30.452 10.022 -56.063
1 95 15 0.5263 -0.143 0 0 -32.706 12.768 -57.448
1 96 7 0.3684 -0.923 0 0 -33.206 10.741 -60.640
1 97 3 0.5204 -0.276 0 0 -33.699 7.499 -58.692
1 98 11 0.7719 0.4006 0 0 -36.636 8.687 -56.523
1 99 10 0.5146 -0.386 0 0 -38.675 8.654 -59.736
1 100 6 0.4619 -0.734 0 0 -38.103 4.917 -60.027
1 101 20 0.7368 0.4748 0 0 -39.151 4.734 -56.377
1 102 1 0.6900 -0.526 0 0 -42.180 6.960 -57.051
1 103 7 0.4269 -0.635 0 0 -43.299 4.935 -60.075
1 104 6 0.4385 0.0811 0 0 -42.871 1.535 -58.425
1 105 11 0.6023 0.9875 0 0 -45.118 2.672 -55.545
1 106 13 0.3742 -0.781 0 0 -47.791 3.683 -58.064
1 107 1 0.1403 -0.068 0 0 -47.739 0.159 -59.562
1 108 22 0.2222 0.5219 0 0 -47.723 -1.989 -56.407
1 109 13 0.2690 0.7010 0 0 -50.525 -0.351 -54.384
1 110 3 0.0877 -0.994 0 0 -52.186 0.618 -57.703
1 111 17 0.1520 0.5199 0 0 -52.698 4.254 -56.685
1 112 3 0.1695 -0.603 0 0 -51.965 7.771 -57.943
1 113 3 0.3918 -0.414 0 0 -52.156 9.531 -54.570
1 114 22 0.5789 0.2257 0 0 -50.417 7.173 -52.073
1 115 16 0.7953 -0.470 0 0 -48.990 9.024 -48.990
1 116 14 0.9122 -0.097 0 0 -45.446 10.295 -49.571
1 117 22 0.9532 0.1498 0 0 -43.073 13.069 -48.548
1 118 12 0.9298 -0.731 0 0 -39.988 14.382 -50.326
1 119 22 0.9473 0.7853 0 0 -36.906 14.819 -48.147
1 120 9 0.8304 0.0000 0 0 -33.803 16.912 -48.869
1 121 2 0.8245 0.3426 0 0 -31.173 15.370 -46.602
1 122 13 0.5438 0.0106 0 0 -27.710 16.601 -45.503
1 123 5 0.4444 0.3360 0 0 -28.882 20.233 -45.508
1 124 3 0.1929 0.3083 0 0 -26.128 20.867 -42.954
1 125 12 0.1169 0.3264 0 0 -23.519 20.688 -45.716
1 126 0 0.0292 -0.913 0 0 -21.968 23.472 -47.789
1 127 0 0.0409 0.0141 0 0 -21.470 21.400 -50.954
1 128 1 0.0643 0.5078 0 0 -24.895 22.083 -52.486
1 129 18 0.0584 0.3062 0 0 -25.373 20.373 -55.858
1 130 22 0.1578 0.8413 0 0 -29.164 20.589 -55.522
1 131 7 0.1111 -0.919 0 0 -30.894 23.908 -54.866
1 132 17 0.2280 -0.124 0 0 -34.102 23.859 -52.792
1 133 1 0.0994 -0.844 0 0 -36.114 25.174 -55.759
1 134 6 0.1461 -0.026 0 0 -35.702 22.182 -58.101
1 135 0 0.4678 0.5431 0 0 -36.660 19.938 -55.196
1 136 6 0.3859 -0.208 0 0 -39.583 22.238 -54.299
1 137 3 0.1637 -0.833 0 0 -40.959 21.939 -57.855
1 138 12 0.4210 0.4201 0 0 -40.888 18.132 -58.086
1 139 0 0.5321 0.4414 0 0 -42.895 18.096 -54.858
1 140 1 0.2397 -0.401 0 0 -45.330 20.542 -56.496
1 141 17 0.2163 -0.063 0 0 -45.722 17.787 -59.104
1 142 20 0.4561 0.4893 0 0 -46.631 14.807 -56.906
1 143 9 0.4152 0.0000 0 0 -49.021 16.725 -54.628
1 144 11 0.6608 0.6967 0 0 -46.628 16.008 -51.752
1 145 16 0.7017 0.3471 0 0 -44.814 18.370 -49.334
1 146 20 0.7777 -0.097 0 0 -41.056 18.988 -49.217
1 147 11 0.8011 0.1810 0 0 -38.858 19.415 -46.117
1 148 7 0.7192 -0.721 0 0 -35.072 19.659 -45.958
1 149 18 0.8070 0.9813 0 0 -33.400 17.600 -43.216
1 150 17 0.6257 -0.977 0 0 -30.074 17.063 -41.503
1 151 0 0.6842 0.4321 0 0 -29.801 13.841 -39.532
1 152 13 0.4093 -0.792 0 0 -26.675 15.447 -38.056
1 153 18 0.2631 -0.009 0 0 -28.050 18.772 -36.773
1 154 1 0.4853 0.0560 0 0 -31.467 17.169 -36.236
1 155 6 0.4912 -0.799 0 0 -33.236 19.910 -38.220
1 156 9 0.7134 0.0000 0 0 -36.341 18.865 -40.161
1 157 22 0.8362 -0.205 0 0 -36.263 15.382 -38.628
1 158 7 0.7543 -0.879 0 0 -39.453 15.227 -36.555
1 159 3 0.7602 -0.578 0 0 -41.126 17.515 -39.104
1 160 0 0.9239 0.6391 0 0 -40.627 15.118 -42.019
1 161 15 0.9356 0.5327 0 0 -41.905 12.032 -40.164
1 162 20 0.8128 -0.427 0 0 -44.853 13.845 -38.598
1 163 18 0.8187 0.0092 0 0 -45.800 15.413 -41.954
1 164 12 0.9005 0.8328 0 0 -45.850 11.923 -43.483
1 165 22 0.7836 -0.226 0 0 -48.350 10.793 -40.850
1 166 1 0.5906 -0.195 0 0 -50.356 13.972 -41.567
1 167 7 0.6666 0.2319 0 0 -50.418 12.688 -45.168
1 168 11 0.6081 0.5943 0 0 -51.890 9.328 -44.174
1 169 1 0.3625 -0.107 0 0 -54.487 10.960 -41.879
1 170 6 0.1988 0.4565 0 0 -56.035 13.053 -44.669
1 171 10 0.2807 0.4735 0 0 -55.775 10.086 -47.050
