0 1 9 0 0 0 0 0 0 0
1 2 14 0.0 0.4825 0 0 15.531 12.120 282.440
1 3 18 0.0382 -0.055 0 0 15.508 8.408 281.494
1 4 7 0.2038 -0.648 0 0 17.179 6.074 283.939
1 5 20 0.5095 -0.122 0 0 18.619 2.695 282.994
1 6 13 0.6496 -0.895 0 0 19.394 0.089 285.668
1 7 12 0.8853 0.2235 0 0 22.294 -2.080 284.491
1 8 22 0.9171 -0.750 0 0 23.899 -5.075 286.182
1 9 22 0.9872 0.3966 0 0 27.338 -6.489 285.533
1 10 22 0.9426 -0.186 0 0 27.786 -10.256 286.147
1 11 9 0.8917 0.2858 0 0 30.391 -12.953 285.500
1 12 0 0.6878 -0.382 0 0 33.071 -14.956 287.110
1 13 5 0.5796 -0.829 0 0 35.474 -13.548 289.691
1 14 9 0.5605 -0.124 0 0 38.462 -11.901 288.160
1 15 22 0.7707 0.5079 0 0 37.114 -11.029 284.701
1 16 9 0.8280 -0.785 0 0 37.063 -7.305 285.219
1 17 13 0.9235 -0.098 0 0 33.517 -6.465 286.285
1 18 17 0.8025 -0.740 0 0 34.760 -3.895 288.760
1 19 0 0.7452 -0.287 0 0 37.440 -2.593 286.436
1 20 12 0.9108 0.7023 0 0 34.914 -2.128 283.624
1 21 18 0.8789 0.0881 0 0 32.494 -0.348 285.956
1 22 11 0.6560 -0.577 0 0 35.144 2.001 287.395
1 23 6 0.6433 -0.218 0 0 36.543 2.799 283.968
1 24 12 0.7261 0.6439 0 0 33.036 3.827 282.836
1 25 11 0.5541 0.3053 0 0 32.131 5.737 285.996
1 26 6 0.3375 -0.231 0 0 35.484 7.182 287.145
1 27 2 0.3121 -0.579 0 0 37.495 7.156 283.927
1 28 10 0.2292 -0.264 0 0 40.371 5.191 285.406
1 29 15 0.3694 0.0760 0 0 41.763 1.682 285.470
1 30 22 0.3057 0.6006 0 0 41.949 -0.219 288.756
1 31 3 0.1019 -0.950 0 0 44.870 -2.611 289.028
1 32 7 0.1210 -0.802 0 0 43.165 -4.401 291.967
1 33 20 0.2547 0.5528 0 0 39.726 -4.082 293.508
1 34 3 0.1082 -0.692 0 0 38.569 -6.083 296.514
1 35 16 0.3312 -0.679 0 0 36.478 -8.902 295.006
1 36 18 0.1464 -0.920 0 0 34.026 -8.828 297.906
1 37 11 0.2484 -0.330 0 0 32.847 -5.278 297.255
1 38 7 0.4585 0.1625 0 0 29.463 -5.216 295.537
1 39 3 0.4458 -0.555 0 0 28.235 -1.689 295.026
1 40 17 0.4968 -0.496 0 0 26.108 0.455 292.794
1 41 20 0.5031 0.2912 0 0 27.617 3.371 290.829
1 42 1 0.4267 -0.523 0 0 26.048 6.224 288.803
1 43 13 0.3821 0.3438 0 0 27.111 8.567 286.036
1 44 6 0.1656 -0.965 0 0 24.897 10.789 283.944
1 45 22 0.2675 0.9973 0 0 26.145 10.220 280.394
1 46 22 0.1273 -0.934 0 0 25.246 11.048 276.811
1 47 11 0.3184 0.8937 0 0 24.481 8.024 274.635
1 48 3 0.0828 0.6258 0 0 23.795 8.705 270.924
1 49 9 0.0127 0.4502 0 0 23.041 12.269 271.876
1 50 7 0.0254 0.3433 0 0 20.557 11.334 274.616
1 51 18 0.0318 -0.677 0 0 21.242 12.350 278.199
1 52 5 0.1528 0.7954 0 0 20.462 9.559 280.686
1 53 12 0.2802 -0.435 0 0 21.205 8.241 284.140
1 54 12 0.5987 0.5569 0 0 22.903 4.869 284.434
1 55 3 0.6050 -0.732 0 0 22.587 2.992 287.693
1 56 11 0.8152 0.5561 0 0 25.109 0.198 287.547
1 57 12 0.7834 -0.450 0 0 25.233 -2.736 289.996
1 58 3 0.8407 -0.190 0 0 28.711 -4.325 290.045
1 59 18 0.7515 0.4684 0 0 28.087 -7.758 291.497
1 60 0 0.5859 -0.385 0 0 30.517 -9.751 293.531
0 61 9 0 0 0 0 30.517 -9.751 293.531
0 62 6 0 0 0 0 30.517 -9.751 293.531
0 63 7 0 0 0 0 30.517 -9.751 293.531
0 64 7 0 0 0 0 30.517 -9.751 293.531
0 65 20 0 0 0 0 30.517 -9.751 293.531
0 66 17 0 0 0 0 30.517 -9.751 293.531
0 67 0 0 0 0 0 30.517 -9.751 293.531
0 68 14 0 0 0 0 30.517 -9.751 293.531
0 69 1 0 0 0 0 30.517 -9.751 293.531
0 70 3 0 0 0 0 30.517 -9.751 293.531
1 71 6 0.0700 -0.990 0 0 17.510 -6.904 296.268
1 72 20 0.3630 -0.359 0 0 18.672 -5.037 293.156
1 73 14 0.5286 0.4096 0 0 19.513 -7.815 290.730
1 74 1 0.3503 -0.867 0 0 15.788 -8.390 290.019
1 75 18 0.3566 -0.588 0 0 15.127 -4.738 289.068
1 76 9 0.6369 -0.136 0 0 17.896 -4.747 286.483
1 77 7 0.6305 -0.578 0 0 16.796 -3.739 282.995
1 78 9 0.8535 -0.653 0 0 19.847 -4.993 281.216
1 79 15 0.9617 -0.823 0 0 22.843 -7.169 282.007
1 80 12 0.9936 0.7886 0 0 26.512 -7.343 280.931
1 81 5 0.9808 -0.797 0 0 27.742 -10.910 281.027
1 82 22 0.9745 0.5666 0 0 31.511 -10.639 281.261
1 83 15 0.8726 -0.261 0 0 34.287 -13.099 280.644
1 84 0 0.7006 -0.297 0 0 38.012 -12.462 280.063
1 85 11 0.4904 -0.026 0 0 39.643 -13.490 276.776
1 86 2 0.2738 -0.085 0 0 42.584 -15.058 278.663
1 87 2 0.3757 0.4755 0 0 40.326 -16.941 281.040
1 88 18 0.1974 -0.873 0 0 38.773 -20.015 279.478
1 89 13 0.2101 -0.450 0 0 37.098 -20.935 282.787
1 90 17 0.5668 0.3304 0 0 35.240 -17.622 282.869
1 91 15 0.5732 -0.233 0 0 33.958 -18.199 279.337
1 92 7 0.3439 -0.779 0 0 32.801 -21.704 280.334
1 93 3 0.4649 -0.114 0 0 30.835 -20.178 283.230
1 94 11 0.6815 0.7223 0 0 28.866 -17.701 281.048
1 95 10 0.4777 -0.782 0 0 25.867 -20.048 280.646
1 96 10 0.4394 -0.139 0 0 25.406 -20.096 284.399
1 97 20 0.6942 0.2713 0 0 25.065 -16.325 284.570
1 98 1 0.6751 -0.084 0 0 22.775 -16.194 281.481
1 99 7 0.4076 -0.615 0 0 20.447 -18.724 283.118
1 100 6 0.4522 0.1651 0 0 20.500 -16.825 286.407
1 101 11 0.6178 0.9771 0 0 19.400 -13.708 284.642
1 102 13 0.3949 -0.135 0 0 16.577 -15.464 282.787
1 103 1 0.1401 -0.073 0 0 15.340 -16.872 286.082
1 104 22 0.2356 0.7369 0 0 15.556 -13.674 288.084
1 105 13 0.2611 0.6709 0 0 13.649 -11.751 285.320
1 106 3 0.0445 -0.927 0 0 11.332 -14.642 284.574
1 107 17 0.0891 0.3816 0 0 11.895 -14.040 280.866
1 108 7 0.1337 -0.780 0 0 13.742 -15.298 277.785
1 109 3 0.2866 -0.671 0 0 14.026 -11.814 276.243
1 110 22 0.5350 0.2273 0 0 16.082 -9.823 278.736
1 111 16 0.7197 -0.566 0 0 18.436 -7.137 277.336
1 112 14 0.9044 -0.217 0 0 21.978 -8.560 277.575
1 113 22 0.9554 0.1973 0 0 25.446 -8.092 276.050
1 114 12 0.9299 -0.769 0 0 28.308 -10.640 276.025
1 115 22 0.9681 0.8478 0 0 31.570 -8.852 276.954
1 116 9 0.8662 0.1835 0 0 35.026 -10.347 276.316
1 117 2 0.8343 0.3854 0 0 37.326 -8.257 278.455
1 118 13 0.6114 0.0590 0 0 41.133 -7.984 278.774
1 119 5 0.4713 0.4903 0 0 41.607 -7.789 275.038
1 120 3 0.2165 0.3583 0 0 44.890 -5.871 275.600
1 121 12 0.0955 0.3586 0 0 46.467 -9.148 276.799
1 122 16 0.0191 -0.506 0 0 48.261 -11.379 274.308
1 123 17 0.0063 -0.077 0 0 47.857 -14.716 276.142
1 124 1 0.0636 0.5676 0 0 44.436 -15.191 274.604
1 125 18 0.0509 -0.167 0 0 42.622 -18.494 274.845
1 126 22 0.2229 0.8219 0 0 38.999 -17.612 273.874
1 127 3 0.1146 -0.858 0 0 38.970 -16.645 270.216
1 128 18 0.2420 0.0003 0 0 36.657 -14.130 268.625
1 129 13 0.0764 -0.638 0 0 34.714 -16.848 266.744
1 130 6 0.1592 -0.199 0 0 34.086 -18.842 269.908
1 131 0 0.4840 0.4342 0 0 32.652 -15.887 271.563
1 132 6 0.4012 -0.264 0 0 30.642 -14.748 268.556
1 133 3 0.1783 -0.818 0 0 29.147 -18.225 268.367
1 134 12 0.4140 0.5074 0 0 28.039 -18.109 272.021
1 135 0 0.5923 0.4866 0 0 26.585 -14.676 271.555
1 136 1 0.2993 -0.334 0 0 24.688 -15.849 268.495
1 137 17 0.1847 -0.009 0 0 23.346 -18.818 270.489
1 138 20 0.4331 0.5104 0 0 21.727 -16.304 272.841
1 139 9 0.3885 -0.515 0 0 20.760 -13.729 270.229
1 140 11 0.6624 0.6341 0 0 22.851 -11.012 271.864
1 141 16 0.7324 0.1786 0 0 25.629 -8.609 270.882
1 142 15 0.7961 -0.216 0 0 29.250 -9.457 271.596
1 143 11 0.8471 0.2032 0 0 31.644 -6.659 272.460
1 144 7 0.7579 -0.819 0 0 35.417 -6.911 273.038
1 145 18 0.8216 0.9816 0 0 36.781 -4.627 275.742
1 146 17 0.6687 -0.991 0 0 39.759 -3.554 277.717
1 147 0 0.7070 0.5939 0 0 39.129 -1.861 281.039
1 148 13 0.4203 -0.777 0 0 42.845 -1.044 281.028
1 149 18 0.3248 -0.229 0 0 42.939 0.818 277.690
1 150 1 0.5159 -0.593 0 0 39.216 1.827 277.497
1 151 6 0.5222 -0.088 0 0 38.707 -0.061 274.226
1 152 9 0.7388 -0.968 0 0 35.075 -1.033 273.931
1 153 22 0.8598 -0.155 0 0 34.077 0.082 277.389
1 154 3 0.7643 -0.908 0 0 31.530 2.741 276.478
1 155 3 0.7770 -0.501 0 0 30.360 0.582 273.571
1 156 0 0.9490 0.4681 0 0 29.590 -2.347 275.910
1 157 15 0.9363 0.4952 0 0 27.442 -0.274 278.303
1 158 20 0.7898 -0.428 0 0 25.928 1.886 275.566
1 159 18 0.8089 0.1412 0 0 25.039 -1.140 273.445
1 160 12 0.8980 0.7340 0 0 23.239 -2.525 276.432
1 161 22 0.7133 -0.241 0 0 21.297 0.734 276.782
1 162 1 0.5477 0.0732 0 0 20.418 0.496 273.079
1 163 7 0.6242 0.5225 0 0 19.144 -3.089 273.678
1 164 11 0.5414 0.5742 0 0 16.979 -1.821 276.536
1 165 1 0.2929 0.1321 0 0 15.676 0.942 274.241
1 166 13 0.1719 0.3414 0 0 14.614 -1.643 271.652
1 167 10 0.1910 0.3787 0 0 13.061 -3.885 274.273
1 168 13 0.0573 0.3843 0 0 10.911 -0.989 275.445
0 169 7 0 0 0 0 10.911 -0.989 275.445
0 170 13 0 0 0 0 10.911 -0.989 275.445
