0 1 9 0 0 0 0 0 0 0
0 2 0 0 0 0 0 0 0 0
0 3 14 0 0 0 0 0 0 0
0 4 9 0 0 0 0 0 0 0
0 5 17 0 0 0 0 0 0 0
1 6 14 0.0 0.1953 0 0 10.313 -1.324 -6.259
1 7 18 0.0440 0.2472 0 0 11.675 -4.683 -7.354
1 8 7 0.2389 -0.440 0 0 14.430 -6.300 -5.280
1 9 20 0.5408 -0.220 0 0 16.882 -8.949 -6.555
1 10 13 0.6666 -0.558 0 0 18.563 -11.052 -3.847
1 11 12 0.8867 0.1818 0 0 22.036 -12.092 -4.977
1 12 22 0.9245 -0.748 0 0 24.598 -14.297 -3.274
1 13 22 0.9874 0.3935 0 0 28.301 -14.342 -4.139
1 14 22 0.9559 -0.155 0 0 30.062 -17.643 -3.423
1 15 9 0.9119 0.2994 0 0 33.392 -19.274 -4.200
1 16 0 0.7106 -0.352 0 0 36.745 -20.142 -2.691
1 17 5 0.5786 -0.870 0 0 38.636 -17.851 -0.263
1 18 9 0.5597 -0.136 0 0 40.695 -15.341 -2.180
1 19 22 0.7861 0.5259 0 0 38.966 -15.380 -5.574
1 20 9 0.8364 -0.691 0 0 37.700 -11.803 -5.273
1 21 13 0.9308 -0.052 0 0 34.121 -12.106 -3.954
1 22 17 0.8113 -0.723 0 0 34.559 -9.051 -1.735
1 23 0 0.7484 -0.291 0 0 36.544 -7.127 -4.337
1 24 12 0.9056 0.6975 0 0 33.817 -7.740 -6.936
1 25 18 0.8805 0.1426 0 0 31.082 -6.651 -4.560
1 26 11 0.6540 -0.481 0 0 32.937 -3.528 -3.417
1 27 6 0.6352 -0.187 0 0 33.808 -2.639 -7.021
1 28 12 0.7044 0.6154 0 0 30.095 -2.811 -7.910
1 29 11 0.5157 0.2665 0 0 29.033 -0.750 -4.849
1 30 6 0.2893 -0.308 0 0 31.904 1.732 -4.390
1 31 2 0.2830 -0.142 0 0 33.706 1.844 -7.766
1 32 10 0.1823 -0.586 0 0 36.942 1.174 -5.909
1 33 15 0.3459 0.1084 0 0 39.331 -1.782 -5.923
1 34 22 0.2641 0.5182 0 0 40.176 -3.061 -2.436
1 35 3 0.1006 -0.806 0 0 43.578 -4.675 -1.966
1 36 7 0.0754 -0.451 0 0 43.206 -6.276 1.476
1 37 20 0.2452 0.5277 0 0 39.610 -6.671 2.644
1 38 3 0.1257 -0.611 0 0 39.177 -8.791 5.800
1 39 16 0.3396 -0.653 0 0 38.798 -12.348 4.431
1 40 18 0.1761 -0.926 0 0 36.477 -13.266 7.331
1 41 11 0.2955 -0.445 0 0 33.866 -10.501 6.964
1 42 7 0.4528 0.1723 0 0 30.510 -11.649 5.611
1 43 3 0.4465 -0.730 0 0 27.869 -8.984 5.081
1 44 17 0.5283 -0.497 0 0 25.076 -7.899 2.798
1 45 20 0.5220 0.1922 0 0 25.177 -4.753 0.710
1 46 1 0.4213 -0.702 0 0 22.470 -2.786 -1.040
1 47 13 0.3899 0.2720 0 0 22.501 -0.851 -4.294
1 48 6 0.1320 -0.984 0 0 19.792 0.897 -6.271
1 49 22 0.2138 0.9979 0 0 20.381 0.557 -10.016
1 50 22 0.0691 -0.968 0 0 18.548 0.812 -13.317
1 51 11 0.2075 0.9655 0 0 18.673 -2.375 -15.372
1 52 3 0.0503 0.6351 0 0 16.915 -2.460 -18.746
1 53 9 0.0062 0.3638 0 0 14.860 0.581 -17.812
1 54 7 0.0251 0.4548 0 0 13.796 -0.912 -14.482
1 55 18 0.0314 -0.661 0 0 14.796 0.807 -11.245
1 56 5 0.1194 0.6034 0 0 15.590 -1.940 -8.765
1 57 12 0.2704 -0.251 0 0 17.364 -2.809 -5.554
1 58 12 0.5974 0.4813 0 0 20.172 -5.322 -5.379
1 59 3 0.6037 -0.587 0 0 20.465 -7.076 -2.038
1 60 11 0.8238 0.5014 0 0 23.864 -8.795 -2.216
1 61 12 0.8050 -0.479 0 0 25.394 -11.232 0.269
1 62 3 0.8616 -0.236 0 0 29.182 -11.396 0.057
1 63 18 0.7924 0.5129 0 0 29.890 -14.774 1.690
1 64 0 0.6163 -0.486 0 0 33.058 -15.588 3.626
1 65 9 0.4654 0.9668 0 0 32.798 -19.345 4.235
0 66 6 0 0 0 0 32.798 -19.345 4.235
0 67 7 0 0 0 0 32.798 -19.345 4.235
0 68 7 0 0 0 0 32.798 -19.345 4.235
0 69 20 0 0 0 0 32.798 -19.345 4.235
0 70 17 0 0 0 0 32.798 -19.345 4.235
0 71 0 0 0 0 0 32.798 -19.345 4.235
0 72 14 0 0 0 0 32.798 -19.345 4.235
1 73 1 0.3962 0.5869 0 0 23.504 -16.491 5.537
1 74 3 0.2012 -0.762 0 0 21.424 -19.645 5.823
1 75 6 0.1698 -0.600 0 0 18.607 -17.192 5.060
1 76 20 0.5031 0.2010 0 0 20.299 -15.878 1.915
1 77 14 0.5471 0.2883 0 0 21.146 -19.381 0.702
1 78 1 0.3144 -0.860 0 0 17.535 -20.406 1.212
1 79 18 0.3522 -0.645 0 0 15.929 -17.205 -0.107
1 80 9 0.6477 -0.176 0 0 18.647 -15.989 -2.500
1 81 7 0.6415 -0.563 0 0 17.259 -15.656 -6.004
1 82 9 0.8679 -0.666 0 0 20.528 -15.975 -7.880
1 83 15 0.9622 -0.815 0 0 24.161 -16.883 -7.306
1 84 12 0.9937 0.7247 0 0 27.475 -15.656 -8.622
1 85 5 0.9811 -0.731 0 0 29.799 -18.668 -8.511
1 86 22 0.9748 0.5440 0 0 33.281 -17.112 -8.579
1 87 15 0.8742 -0.274 0 0 36.700 -18.603 -9.267
1 88 0 0.7232 -0.280 0 0 39.973 -16.882 -10.228
1 89 11 0.5094 0.0004 0 0 41.543 -17.604 -13.602
1 90 2 0.2767 -0.002 0 0 44.971 -17.887 -11.910
1 91 2 0.3584 0.4957 0 0 43.710 -20.353 -9.313
1 92 18 0.2264 -0.869 0 0 43.071 -23.857 -10.640
1 93 13 0.2578 -0.224 0 0 41.883 -25.170 -7.271
1 94 17 0.5723 0.2854 0 0 39.236 -22.438 -7.102
1 95 15 0.5849 -0.259 0 0 37.914 -23.555 -10.503
1 96 7 0.3647 -0.815 0 0 37.890 -27.192 -9.392
1 97 3 0.4779 -0.046 0 0 35.998 -26.124 -6.231
1 98 11 0.7169 0.7320 0 0 33.091 -24.637 -8.251
1 99 10 0.4716 -0.910 0 0 31.340 -28.025 -8.489
1 100 6 0.4402 -0.891 0 0 30.986 -28.189 -4.711
1 101 20 0.6918 0.3508 0 0 29.490 -24.676 -4.514
1 102 1 0.6792 -0.072 0 0 26.933 -25.519 -7.167
1 103 7 0.3836 -0.622 0 0 26.072 -28.840 -5.445
1 104 6 0.4339 0.3213 0 0 25.471 -26.966 -2.170
1 105 11 0.6100 0.9836 0 0 23.199 -24.500 -3.951
1 106 13 0.3710 -0.045 0 0 21.235 -27.272 -5.688
1 107 1 0.1132 -0.096 0 0 20.725 -29.030 -2.336
1 108 22 0.1949 0.5452 0 0 19.367 -25.873 -0.664
1 109 13 0.2515 0.7641 0 0 17.202 -24.918 -3.650
1 110 3 0.0377 -0.844 0 0 16.150 -28.530 -4.230
1 111 17 0.0817 0.3023 0 0 16.470 -27.846 -7.926
1 112 3 0.1509 -0.843 0 0 18.936 -28.102 -10.760
1 113 3 0.3018 -0.658 0 0 17.403 -24.961 -12.313
1 114 22 0.5534 0.2187 0 0 18.753 -22.081 -10.243
1 115 16 0.7421 -0.572 0 0 19.706 -18.645 -11.591
1 116 14 0.8993 -0.069 0 0 23.484 -18.622 -11.625
1 117 22 0.9496 0.1514 0 0 26.442 -17.114 -13.442
1 118 12 0.9433 -0.743 0 0 29.946 -18.600 -13.513
1 119 22 0.9685 0.8028 0 0 32.506 -15.814 -13.006
1 120 9 0.8553 0.1781 0 0 36.208 -16.090 -13.870
1 121 2 0.8427 0.3882 0 0 37.758 -13.228 -11.918
1 122 13 0.6226 0.0688 0 0 41.244 -11.634 -11.965
1 123 5 0.4591 0.4949 0 0 41.287 -11.577 -15.766
1 124 3 0.2201 0.3485 0 0 43.856 -8.754 -15.627
1 125 12 0.0943 0.3466 0 0 46.513 -11.164 -14.323
1 126 0 0.0125 -0.812 0 0 48.978 -12.871 -16.646
1 127 0 0.0188 -0.117 0 0 49.361 -16.173 -14.755
1 128 1 0.0628 0.4761 0 0 46.263 -17.738 -16.295
1 129 18 0.0566 -0.158 0 0 45.929 -21.410 -15.446
1 130 22 0.2327 0.8294 0 0 42.220 -21.824 -16.312
1 131 7 0.1069 -0.975 0 0 41.477 -21.258 -20.002
1 132 17 0.3333 -0.126 0 0 38.320 -19.389 -20.986
1 133 1 0.0880 -0.724 0 0 37.205 -22.406 -23.030
1 134 6 0.1383 -0.311 0 0 37.533 -24.715 -19.956
1 135 0 0.4842 0.5082 0 0 35.224 -22.432 -18.003
1 136 6 0.4088 -0.372 0 0 32.829 -21.986 -20.953
1 137 3 0.1572 -0.789 0 0 32.528 -25.775 -21.077
1 138 12 0.4150 0.4713 0 0 31.871 -26.020 -17.333
1 139 0 0.5911 0.5505 0 0 29.191 -23.395 -17.589
1 140 1 0.3081 -0.850 0 0 27.664 -25.091 -20.639
1 141 17 0.1446 0.0982 0 0 27.393 -28.322 -18.624
1 142 20 0.4276 0.5128 0 0 25.417 -26.452 -15.954
1 143 9 0.3773 -0.563 0 0 23.287 -24.528 -18.449
1 144 11 0.6603 0.6606 0 0 24.573 -21.144 -17.248
1 145 16 0.7295 0.2061 0 0 26.538 -18.186 -18.604
1 146 20 0.7798 -0.154 0 0 30.254 -17.664 -18.141
1 147 11 0.8301 0.2839 0 0 31.618 -14.153 -17.745
1 148 7 0.7672 -0.757 0 0 35.209 -13.028 -17.054
1 149 18 0.8176 0.9751 0 0 35.815 -10.107 -14.701
1 150 17 0.6729 -0.994 0 0 38.494 -8.026 -13.107
1 151 0 0.6855 0.5909 0 0 37.615 -6.384 -9.814
1 152 13 0.4025 -0.755 0 0 40.834 -4.384 -10.282
1 153 18 0.3207 -0.231 0 0 40.028 -2.807 -13.680
1 154 1 0.4968 0.0369 0 0 36.242 -3.121 -13.317
1 155 6 0.4905 -0.523 0 0 36.058 -5.076 -16.593
1 156 9 0.6981 -0.994 0 0 32.958 -7.258 -16.726
1 157 22 0.8490 -0.095 0 0 31.869 -6.520 -13.139
1 158 7 0.7547 -0.906 0 0 28.558 -4.777 -13.931
1 159 3 0.7610 -0.721 0 0 27.975 -7.339 -16.681
1 160 0 0.9371 0.4904 0 0 28.317 -10.261 -14.260
1 161 15 0.9182 0.4950 0 0 25.867 -8.840 -11.714
1 162 20 0.7735 -0.501 0 0 23.414 -7.551 -14.323
1 163 18 0.7987 0.0944 0 0 23.510 -10.807 -16.272
1 164 12 0.8930 0.7688 0 0 22.609 -12.569 -13.033
1 165 22 0.7358 -0.269 0 0 19.620 -10.237 -12.694
1 166 1 0.5345 -0.096 0 0 18.595 -11.086 -16.279
1 167 7 0.6289 0.5247 0 0 18.903 -14.806 -15.410
1 168 11 0.5660 0.5593 0 0 16.651 -14.377 -12.388
1 169 1 0.3270 0.1008 0 0 14.110 -12.636 -14.646
1 170 6 0.1635 0.2727 0 0 13.956 -15.698 -16.924
1 171 10 0.1886 0.3008 0 0 13.331 -17.995 -14.000
