0 1 9 0 0 0 0 0 0 0
0 2 0 0 0 0 0 0 0 0
0 3 14 0 0 0 0 0 0 0
0 4 9 0 0 0 0 0 0 0
0 5 17 0 0 0 0 0 0 0
1 6 14 0.0060 0.2397 0 0 -3.821 44.011 33.454
1 7 18 0.0421 0.2196 0 0 -1.597 40.976 33.837
1 8 7 0.2048 0.0243 0 0 -1.998 38.269 31.200
1 9 20 0.5180 -0.239 0 0 -1.082 34.668 32.057
1 10 13 0.6686 -0.853 0 0 -0.184 32.341 29.176
1 11 12 0.9036 0.0763 0 0 -1.216 28.863 30.310
1 12 22 0.9457 -0.623 0 0 -0.733 25.719 28.221
1 13 22 0.9879 0.3023 0 0 -2.496 22.423 28.881
1 14 22 0.9698 -0.227 0 0 -0.474 19.351 27.854
1 15 9 0.9277 0.0000 0 0 -0.690 15.571 28.259
1 16 0 0.7891 -0.554 0 0 -1.495 12.311 26.448
1 17 5 0.6385 -0.996 0 0 -4.510 11.794 24.210
1 18 9 0.6204 0.0000 0 0 -7.869 11.541 25.923
1 19 22 0.8192 0.6272 0 0 -6.791 12.497 29.437
1 20 9 0.8554 0.0000 0 0 -9.301 15.362 29.448
1 21 13 0.9518 0.1256 0 0 -7.282 18.459 28.548
1 22 17 0.8373 -0.587 0 0 -10.109 19.933 26.477
1 23 0 0.7590 -0.296 0 0 -12.832 18.979 28.947
1 24 12 0.8975 0.6837 0 0 -10.861 20.656 31.759
1 25 18 0.8795 0.3044 0 0 -10.335 23.816 29.777
1 26 11 0.6566 -0.446 0 0 -13.897 24.008 28.538
1 27 6 0.5963 -0.425 0 0 -15.219 23.370 32.056
1 28 12 0.6927 0.5400 0 0 -13.099 26.279 33.366
1 29 11 0.5060 0.3395 0 0 -13.951 28.724 30.594
1 30 6 0.2831 0.0490 0 0 -17.482 27.733 29.587
1 31 2 0.2349 -0.207 0 0 -18.853 25.852 32.634
1 32 10 0.1746 -0.106 0 0 -20.084 22.695 30.963
1 33 15 0.3373 0.1770 0 0 -18.766 19.162 30.475
1 34 22 0.2891 0.3692 0 0 -17.938 17.890 27.010
1 35 3 0.1084 -0.615 0 0 -19.009 14.234 26.988
1 36 7 0.0662 -0.332 0 0 -17.950 13.393 23.426
1 37 20 0.1867 0.4722 0 0 -14.354 12.891 22.319
1 38 3 0.1626 -0.646 0 0 -13.161 15.189 19.528
1 39 16 0.3493 -0.845 0 0 -9.337 15.032 19.270
1 40 18 0.4698 0.8366 0 0 -7.755 18.486 19.438
1 41 11 0.3674 -0.993 0 0 -5.240 19.958 17.025
1 42 7 0.4879 0.1281 0 0 -4.727 23.282 18.837
1 43 3 0.5120 -0.251 0 0 -7.313 25.620 20.385
1 44 17 0.5361 -0.404 0 0 -7.047 28.901 22.293
1 45 20 0.5301 0.3213 0 0 -9.332 30.305 24.988
1 46 1 0.4036 -0.507 0 0 -9.234 33.630 26.829
1 47 13 0.3313 0.1182 0 0 -11.050 34.829 29.918
1 48 6 0.1024 -0.960 0 0 -10.832 37.736 32.345
1 49 22 0.1385 0.9828 0 0 -10.933 36.540 35.976
1 50 22 0.0481 -0.967 0 0 -10.159 37.847 39.480
1 51 11 0.1445 0.9720 0 0 -7.577 35.768 41.342
1 52 3 0.0361 0.6504 0 0 -6.553 36.837 44.861
1 53 9 0.0 0.0000 0 0 -7.953 40.335 44.416
1 54 7 0.0120 0.5024 0 0 -6.201 40.824 41.072
1 55 18 0.0180 -0.685 0 0 -8.076 41.109 37.783
1 56 5 0.0843 0.7092 0 0 -6.180 39.228 35.142
1 57 12 0.2289 -0.249 0 0 -6.463 37.693 31.712
1 58 12 0.5421 0.4383 0 0 -6.046 33.969 31.227
1 59 3 0.5783 -0.461 0 0 -4.823 32.989 27.802
1 60 11 0.8253 0.4937 0 0 -5.143 29.205 27.590
1 61 12 0.8313 -0.473 0 0 -3.730 26.952 24.899
1 62 3 0.8734 -0.099 0 0 -5.385 23.528 24.663
1 63 18 0.8433 0.5161 0 0 -2.896 21.250 22.859
1 64 0 0.6807 -0.945 0 0 -2.899 17.851 21.075
1 65 9 0.7228 0.0000 0 0 -2.364 14.575 22.940
1 66 6 0.4096 -0.531 0 0 -2.152 12.739 19.593
1 67 7 0.2469 0.0911 0 0 1.480 11.739 18.969
1 68 7 0.0602 -0.186 0 0 1.041 12.714 15.296
1 69 20 0.2228 -0.170 0 0 1.104 16.378 16.337
1 70 17 0.3433 -0.579 0 0 4.222 16.172 18.526
1 71 0 0.0963 -0.903 0 0 6.108 18.502 16.138
1 72 14 0.2951 0.0605 0 0 3.860 21.378 17.267
1 73 1 0.4819 0.3478 0 0 5.215 21.139 20.826
1 74 3 0.3132 -0.688 0 0 8.406 23.215 20.497
1 75 6 0.2650 -0.587 0 0 6.417 26.230 19.290
1 76 20 0.5602 0.7052 0 0 3.892 26.300 22.123
1 77 14 0.6144 0.3459 0 0 6.457 25.475 24.812
1 78 1 0.3554 -0.849 0 0 8.515 28.521 23.849
1 79 18 0.4156 0.0698 0 0 5.523 30.864 24.160
1 80 9 0.6867 0.0000 0 0 3.774 29.414 27.242
1 81 7 0.6626 -0.627 0 0 4.450 30.782 30.724
1 82 9 0.8674 0.0000 0 0 2.996 27.947 32.789
1 83 15 0.9638 -0.713 0 0 2.007 24.364 32.032
1 84 12 0.9939 0.5430 0 0 -0.790 22.168 33.292
1 85 5 0.9819 -0.756 0 0 0.642 18.648 32.871
1 86 22 0.9759 0.4566 0 0 -2.385 16.347 32.792
1 87 15 0.8915 -0.339 0 0 -2.765 12.584 33.093
1 88 0 0.7530 -0.418 0 0 -5.850 10.464 33.854
1 89 11 0.5240 -0.166 0 0 -5.967 8.487 37.095
1 90 2 0.3192 0.1522 0 0 -7.414 5.501 35.185
1 91 2 0.3795 0.3415 0 0 -4.651 5.493 32.570
1 92 18 0.2710 -0.895 0 0 -1.251 4.341 33.769
1 93 13 0.3253 -0.315 0 0 0.358 4.989 30.382
1 94 17 0.6265 0.4303 0 0 -0.781 8.645 30.473
1 95 15 0.6325 -0.264 0 0 0.991 9.011 33.827
1 96 7 0.4216 -0.880 0 0 4.146 7.433 32.381
1 97 3 0.5662 -0.267 0 0 3.883 9.883 29.451
1 98 11 0.7951 0.6637 0 0 4.190 12.948 31.728
1 99 10 0.5542 -0.782 0 0 7.978 12.803 31.912
1 100 6 0.4759 -0.022 0 0 8.363 13.306 28.157
1 101 20 0.7710 0.4764 0 0 6.360 16.574 28.449
1 102 1 0.7349 -0.152 0 0 8.331 17.746 31.481
1 103 7 0.4277 -0.648 0 0 11.627 17.016 29.757
1 104 6 0.4457 0.0064 0 0 10.641 18.848 26.589
1 105 11 0.6084 0.9789 0 0 9.419 21.907 28.484
1 106 13 0.3915 -0.154 0 0 12.652 21.972 30.524
1 107 1 0.1325 -0.159 0 0 14.798 21.667 27.421
1 108 22 0.2168 0.5090 0 0 12.864 24.289 25.462
1 109 13 0.2409 0.7702 0 0 12.625 26.934 28.193
1 110 3 0.0542 -0.999 0 0 16.157 26.053 29.319
1 111 17 0.1204 0.3932 0 0 15.087 25.969 32.956
1 112 3 0.1566 -0.359 0 0 14.682 23.429 35.741
1 113 3 0.3614 -0.675 0 0 11.912 25.470 37.387
1 114 22 0.5722 0.2973 0 0 9.281 26.319 34.808
1 115 16 0.7469 -0.557 0 0 5.884 27.080 36.378
1 116 14 0.9096 -0.045 0 0 3.943 23.800 36.261
1 117 22 0.9397 0.0436 0 0 1.189 21.857 38.047
1 118 12 0.9337 -0.647 0 0 0.713 18.085 37.775
1 119 22 0.9578 0.6771 0 0 -2.972 17.194 37.343
1 120 9 0.8614 0.0000 0 0 -4.550 13.782 37.851
1 121 2 0.8493 0.2996 0 0 -7.844 14.054 35.998
1 122 13 0.5903 0.0955 0 0 -10.973 11.858 35.869
1 123 5 0.4518 0.2712 0 0 -10.947 11.451 39.654
1 124 3 0.2108 0.3390 0 0 -14.695 10.741 39.493
1 125 12 0.1144 0.3478 0 0 -13.947 7.376 37.827
1 126 0 0.0240 -0.923 0 0 -13.473 4.336 40.037
1 127 0 0.0301 -0.115 0 0 -11.068 2.317 37.906
1 128 1 0.0783 0.4566 0 0 -8.016 4.055 39.347
1 129 18 0.0722 -0.010 0 0 -4.593 2.662 38.401
1 130 22 0.2590 0.8581 0 0 -2.486 5.655 39.497
1 131 7 0.1265 -0.902 0 0 -2.485 6.209 43.258
1 132 17 0.3072 -0.058 0 0 -2.401 9.774 44.563
1 133 1 0.0903 -0.721 0 0 0.798 8.967 46.469
1 134 6 0.1686 -0.371 0 0 2.544 7.919 43.225
1 135 0 0.4939 0.6599 0 0 1.645 11.218 41.574
1 136 6 0.3975 -0.483 0 0 2.566 13.150 44.716
1 137 3 0.1807 -0.832 0 0 6.064 11.588 44.525
1 138 12 0.4337 0.5827 0 0 6.494 12.549 40.889
1 139 0 0.5843 0.4806 0 0 5.394 16.121 41.555
1 140 1 0.3012 -0.757 0 0 7.690 16.340 44.585
1 141 17 0.1927 0.2566 0 0 10.695 15.397 42.447
1 142 20 0.4397 0.5804 0 0 9.729 18.148 39.989
1 143 9 0.3734 0.0000 0 0 9.217 20.615 42.830
1 144 11 0.6445 0.7680 0 0 5.589 21.289 41.806
1 145 16 0.7048 0.2052 0 0 2.046 20.832 43.239
1 146 20 0.7831 -0.069 0 0 -0.150 17.829 42.464
1 147 11 0.8072 0.2057 0 0 -3.914 18.350 42.231
1 148 7 0.7650 -0.702 0 0 -6.645 15.846 41.322
1 149 18 0.8012 0.9755 0 0 -9.532 17.026 39.177
1 150 17 0.6506 -0.971 0 0 -12.735 15.904 37.488
1 151 0 0.6987 0.4582 0 0 -13.787 17.823 34.387
1 152 13 0.3855 -0.765 0 0 -17.051 15.943 34.753
1 153 18 0.2530 -0.137 0 0 -17.997 17.074 38.283
1 154 1 0.4578 0.0073 0 0 -15.912 20.280 38.173
1 155 6 0.4638 -0.305 0 0 -13.975 19.108 41.248
1 156 9 0.6746 0.0000 0 0 -10.590 20.789 41.512
1 157 22 0.8132 -0.063 0 0 -10.854 22.398 38.082
1 158 7 0.7168 -0.926 0 0 -10.634 26.037 39.190
1 159 3 0.7289 -0.772 0 0 -8.068 24.996 41.810
1 160 0 0.9156 0.6765 0 0 -5.733 23.435 39.217
1 161 15 0.9216 0.5303 0 0 -5.754 26.432 36.872
1 162 20 0.7409 -0.511 0 0 -5.635 29.016 39.676
1 163 18 0.7771 0.0530 0 0 -2.801 27.129 41.346
1 164 12 0.8855 0.7611 0 0 -0.894 27.352 38.061
1 165 22 0.7108 -0.396 0 0 -1.414 31.130 38.079
1 166 1 0.5 -0.152 0 0 -0.118 31.232 41.661
1 167 7 0.6024 0.2719 0 0 2.929 29.244 40.507
1 168 11 0.5481 0.5335 0 0 3.679 31.678 37.688
1 169 1 0.2771 0.0401 0 0 3.642 34.390 40.408
1 170 6 0.1506 0.3346 0 0 6.273 32.727 42.608
1 171 10 0.1987 0.2612 0 0 8.428 32.709 39.464
