1 1 9 0.0 -0.758 0 0 66.854 44.144 -7.372
1 2 14 0.0176 0.1874 0 0 63.078 44.699 -7.363
1 3 18 0.1117 0.3038 0 0 61.849 46.539 -4.255
1 4 7 0.3529 -0.540 0 0 61.463 44.460 -1.126
1 5 20 0.6058 -0.239 0 0 58.989 45.432 1.594
1 6 13 0.7411 -0.651 0 0 59.938 44.219 5.057
1 7 12 0.9176 0.0834 0 0 56.659 43.541 6.846
1 8 22 0.9588 -0.689 0 0 56.205 42.399 10.437
1 9 22 0.9882 0.2229 0 0 53.066 40.707 11.790
1 10 22 0.9647 -0.045 0 0 52.569 41.337 15.533
1 11 9 0.9058 0.4493 0 0 49.799 40.609 18.024
1 12 0 0.7588 -0.409 0 0 48.913 38.391 20.953
1 13 5 0.6117 -0.757 0 0 49.412 34.648 20.771
1 14 9 0.5529 -0.053 0 0 46.408 32.968 19.161
1 15 22 0.8 0.6063 0 0 45.064 35.816 17.053
1 16 9 0.8411 -0.662 0 0 45.978 34.218 13.722
1 17 13 0.9352 0.0881 0 0 49.313 35.774 12.745
1 18 17 0.8235 -0.679 0 0 50.656 32.498 11.397
1 19 0 0.7117 -0.329 0 0 47.400 31.593 9.686
1 20 12 0.8823 0.6207 0 0 47.220 35.026 8.030
1 21 18 0.8764 0.2438 0 0 50.809 34.835 6.825
1 22 11 0.6411 -0.501 0 0 50.420 31.317 5.425
1 23 6 0.6176 -0.283 0 0 47.164 32.267 3.702
1 24 12 0.7294 0.5660 0 0 48.898 35.273 2.108
1 25 11 0.5352 0.3160 0 0 51.981 33.321 1.013
1 26 6 0.3411 0.0537 0 0 50.599 29.869 0.162
1 27 2 0.3176 -0.260 0 0 46.877 30.502 -0.345
1 28 10 0.2117 -0.726 0 0 45.930 27.821 2.136
1 29 15 0.3235 0.0831 0 0 44.356 27.873 5.600
1 30 22 0.2588 0.0485 0 0 46.534 26.037 8.054
1 31 3 0.1941 -0.867 0 0 44.489 25.716 11.223
1 32 7 0.1352 -0.937 0 0 47.234 24.333 13.452
1 33 20 0.2764 0.5715 0 0 50.731 25.884 13.557
1 34 3 0.1529 -0.640 0 0 52.954 25.753 16.678
1 35 16 0.4 -0.755 0 0 52.391 29.035 18.530
1 36 18 0.2823 -0.893 0 0 56.073 29.293 19.438
1 37 11 0.3764 -0.503 0 0 57.577 29.293 15.934
1 38 7 0.5235 0.2644 0 0 58.798 32.619 14.554
1 39 3 0.5176 -0.804 0 0 60.050 32.784 10.989
1 40 17 0.6 -0.274 0 0 60.146 34.885 7.872
1 41 20 0.5705 0.1985 0 0 58.390 34.096 4.609
1 42 1 0.4823 -0.575 0 0 58.805 35.579 1.139
1 43 13 0.4176 0.2262 0 0 56.482 36.126 -1.823
1 44 6 0.1999 -0.968 0 0 56.946 37.893 -5.175
1 45 22 0.2352 0.9975 0 0 53.777 39.773 -6.001
1 46 22 0.1235 -0.981 0 0 52.401 42.574 -8.155
1 47 11 0.2705 0.9701 0 0 50.822 45.422 -6.201
1 48 3 0.0882 0.6190 0 0 49.294 48.265 -8.195
1 49 9 0.0117 0.3068 0 0 51.460 47.264 -11.183
1 50 7 0.0529 0.5071 0 0 54.701 47.083 -9.191
1 51 18 0.0588 -0.685 0 0 56.470 43.683 -9.117
1 52 5 0.1647 0.6525 0 0 57.964 43.487 -5.631
1 53 12 0.3647 -0.186 0 0 59.031 41.122 -2.903
1 54 12 0.6352 0.3961 0 0 57.211 40.803 0.438
1 55 3 0.6529 -0.599 0 0 59.566 39.689 3.216
1 56 11 0.8705 0.4508 0 0 57.221 38.926 6.104
1 57 12 0.8588 -0.398 0 0 58.205 38.177 9.696
1 58 3 0.8882 -0.382 0 0 55.527 36.101 11.464
1 59 18 0.8529 0.5773 0 0 56.382 37.003 15.069
1 60 0 0.6823 -0.545 0 0 55.778 34.792 18.057
1 61 9 0.5764 0.9608 0 0 56.368 37.106 21.055
1 62 6 0.3294 -0.394 0 0 59.268 37.094 23.528
1 63 7 0.1764 0.7397 0 0 62.744 36.509 22.101
1 64 7 0.0411 -0.619 0 0 65.826 34.842 23.574
1 65 20 0.0294 -0.774 0 0 67.178 38.401 23.944
1 66 17 0.0764 -0.517 0 0 65.124 41.609 23.818
1 67 0 0.0647 -0.962 0 0 67.780 42.920 21.385
1 68 14 0.1470 -0.270 0 0 66.325 40.534 18.794
1 69 1 0.4411 -0.137 0 0 62.884 42.142 19.112
1 70 3 0.3352 -0.763 0 0 64.371 45.591 18.885
1 71 6 0.2882 -0.583 0 0 66.325 44.497 15.800
1 72 20 0.5411 0.5734 0 0 63.297 43.273 13.862
1 73 14 0.6470 0.3155 0 0 61.330 46.364 14.798
1 74 1 0.4235 -0.781 0 0 64.097 48.624 13.551
1 75 18 0.4470 -0.230 0 0 64.544 46.587 10.382
1 76 9 0.7529 -0.094 0 0 60.822 46.309 9.714
1 77 7 0.7235 -0.574 0 0 59.226 48.908 7.467
1 78 9 0.8941 -0.663 0 0 55.580 48.266 8.281
1 79 15 0.9764 -0.777 0 0 53.587 46.415 10.919
1 80 12 0.9941 0.5812 0 0 50.348 44.475 10.810
1 81 5 0.9823 -0.630 0 0 48.912 44.844 14.329
1 82 22 0.9705 0.4865 0 0 46.579 41.860 14.651
1 83 15 0.8647 -0.306 0 0 43.881 41.171 17.195
1 84 0 0.6941 -0.276 0 0 41.072 38.592 17.097
1 85 11 0.4941 -0.112 0 0 37.502 39.887 17.088
1 86 2 0.2470 -0.044 0 0 36.537 37.371 19.803
1 87 2 0.3588 0.1851 0 0 39.430 38.182 22.136
1 88 18 0.2411 -0.841 0 0 39.179 41.501 23.939
1 89 13 0.3058 -0.205 0 0 42.552 41.097 25.667
1 90 17 0.5823 0.1990 0 0 44.199 40.755 22.223
1 91 15 0.5882 -0.255 0 0 42.545 44.059 21.249
1 92 7 0.4117 -0.889 0 0 43.757 45.732 24.443
1 93 3 0.5470 -0.055 0 0 47.250 44.402 23.687
1 94 11 0.7705 0.6644 0 0 47.328 46.513 20.496
1 95 10 0.5117 -0.594 0 0 48.022 49.610 22.649
1 96 10 0.5058 -0.081 0 0 51.274 47.930 23.779
1 97 20 0.7941 0.3927 0 0 52.352 46.877 20.303
1 98 1 0.7352 -0.075 0 0 51.660 50.394 18.891
1 99 7 0.4588 -0.838 0 0 53.743 51.905 21.685
1 100 6 0.5 0.0057 0 0 56.575 49.439 21.587
1 101 11 0.6764 0.9955 0 0 57.166 49.673 17.828
1 102 13 0.4647 -0.069 0 0 57.166 53.492 17.910
1 103 1 0.2235 -0.370 0 0 59.444 53.409 20.933
1 104 22 0.3000 0.4945 0 0 62.021 51.107 19.419
1 105 13 0.3470 0.8181 0 0 62.007 52.861 16.055
1 106 3 0.1058 -0.940 0 0 62.061 56.209 17.878
1 107 17 0.1705 0.6181 0 0 59.512 57.429 15.387
1 108 7 0.1882 -0.900 0 0 56.062 58.958 15.393
1 109 3 0.3705 -0.575 0 0 55.472 57.922 11.778
1 110 22 0.6294 0.2325 0 0 55.581 54.139 11.443
1 111 16 0.8058 -0.532 0 0 53.509 52.433 8.726
1 112 14 0.9117 -0.241 0 0 50.928 50.203 10.390
1 113 22 0.9529 0.0586 0 0 47.566 48.562 9.678
1 114 12 0.9411 -0.751 0 0 45.137 47.418 12.368
1 115 22 0.9470 0.7412 0 0 43.764 43.934 11.593
1 116 9 0.8470 0.1676 0 0 40.763 42.329 13.275
1 117 2 0.8294 0.3859 0 0 41.040 38.657 12.410
1 118 13 0.5294 0.1012 0 0 38.637 35.664 12.637
1 119 5 0.4352 0.4187 0 0 35.764 37.658 11.093
1 120 3 0.1823 0.3755 0 0 34.244 34.399 9.862
1 121 12 0.0999 0.3655 0 0 33.157 33.765 13.415
1 122 16 0.0235 -0.610 0 0 29.817 35.283 14.584
1 123 17 0.0352 -0.099 0 0 31.224 35.054 18.120
1 124 1 0.0823 0.4129 0 0 32.576 38.547 18.710
1 125 18 0.0705 0.0039 0 0 33.595 40.679 21.654
1 126 22 0.2176 0.8501 0 0 35.174 43.588 19.713
1 127 3 0.1176 -0.991 0 0 32.675 45.404 17.501
1 128 18 0.2294 -0.003 0 0 33.797 47.016 14.299
1 129 13 0.0941 -0.935 0 0 32.986 50.459 15.724
1 130 6 0.1411 -0.069 0 0 35.413 50.002 18.630
1 131 0 0.4764 0.4033 0 0 38.212 48.950 16.296
1 132 6 0.3882 -0.409 0 0 37.457 51.843 13.924
1 133 3 0.1588 -0.713 0 0 37.696 54.195 16.938
1 134 12 0.4294 0.5326 0 0 41.178 52.860 17.762
1 135 0 0.5647 0.4564 0 0 42.387 53.007 14.161
1 136 1 0.2941 -0.806 0 0 41.017 56.551 13.871
1 137 17 0.2058 0.1369 0 0 43.031 57.540 16.958
1 138 20 0.4529 0.5737 0 0 46.200 56.134 15.337
1 139 9 0.4058 -0.557 0 0 45.517 57.542 11.859
1 140 11 0.6647 0.7009 0 0 45.933 54.092 10.246
1 141 16 0.7176 0.1806 0 0 43.743 51.747 8.186
1 142 15 0.7882 -0.262 0 0 41.625 49.091 9.833
1 143 11 0.8176 0.3312 0 0 40.690 45.859 8.029
1 144 7 0.7 -0.754 0 0 38.685 42.864 9.267
1 145 18 0.7764 0.9746 0 0 40.090 39.590 7.997
1 146 17 0.5941 -0.995 0 0 39.551 35.876 8.009
1 147 0 0.6705 0.5976 0 0 42.591 33.699 7.509
1 148 13 0.3941 -0.774 0 0 40.073 30.862 7.160
1 149 18 0.2529 -0.265 0 0 38.051 32.238 4.232
1 150 1 0.4882 0.1344 0 0 40.816 34.578 2.977
1 151 6 0.4705 -0.367 0 0 38.520 37.602 3.318
1 152 9 0.6882 -0.990 0 0 40.597 40.791 3.619
1 153 22 0.8352 -0.113 0 0 43.966 39.002 3.578
1 154 3 0.7058 -0.874 0 0 45.468 40.529 0.441
1 155 3 0.7470 -0.443 0 0 43.918 43.855 1.428
1 156 0 0.9235 0.4015 0 0 45.642 43.833 4.802
1 157 15 0.9294 0.5001 0 0 49.105 43.116 3.452
1 158 20 0.7823 -0.529 0 0 48.794 45.242 0.294
1 159 18 0.8117 0.0998 0 0 47.368 48.171 2.290
1 160 12 0.9 0.8430 0 0 50.430 47.941 4.530
1 161 22 0.7647 -0.282 0 0 52.683 48.137 1.433
1 162 1 0.5588 -0.092 0 0 50.719 51.194 0.314
1 163 7 0.6588 0.4790 0 0 51.256 52.796 3.740
1 164 11 0.6235 0.5848 0 0 55.019 52.142 3.455
1 165 1 0.3823 0.0681 0 0 54.978 53.815 0.029
1 166 13 0.2647 0.2376 0 0 53.218 56.900 1.426
1 167 10 0.3117 0.3653 0 0 55.821 57.109 4.197
1 168 13 0.1294 0.4245 0 0 58.699 56.876 1.712
1 169 7 0.0470 0.1735 0 0 57.508 59.708 -0.470
1 170 13 0.0058 0.6724 0 0 57.927 62.280 2.295
