0 1 9 0 0 0 0 0 0 0
1 2 14 0.0 0.4164 0 0 -2.000 -25.653 -1.192
1 3 18 0.0662 0.2171 0 0 1.053 -27.574 -2.396
1 4 7 0.2831 -0.533 0 0 3.990 -27.437 0.024
1 5 20 0.5722 -0.251 0 0 7.626 -28.158 -0.838
1 6 13 0.6867 -0.615 0 0 9.957 -28.982 2.046
1 7 12 0.9096 0.1724 0 0 13.537 -27.995 1.214
1 8 22 0.9518 -0.742 0 0 16.888 -28.229 3.006
1 9 22 0.9879 0.4160 0 0 19.966 -26.085 2.361
1 10 22 0.9698 -0.182 0 0 23.367 -27.653 3.060
1 11 9 0.9156 0.3944 0 0 27.011 -26.805 2.442
1 12 0 0.7530 -0.432 0 0 30.218 -25.773 4.179
1 13 9 0.6204 -0.197 0 0 30.241 -22.804 6.529
1 14 9 0.6084 0.0242 0 0 30.452 -19.422 4.838
1 15 22 0.8072 0.5584 0 0 29.171 -20.382 1.384
1 16 9 0.8554 -0.635 0 0 26.017 -18.294 1.829
1 17 13 0.9457 0.0105 0 0 23.322 -20.705 3.001
1 18 17 0.8253 -0.699 0 0 21.706 -18.128 5.287
1 19 0 0.7831 -0.246 0 0 22.212 -15.268 2.838
1 20 12 0.9036 0.6469 0 0 20.449 -17.256 0.115
1 21 18 0.8915 0.2113 0 0 17.578 -18.211 2.419
1 22 11 0.6807 -0.494 0 0 17.022 -14.707 3.807
1 23 6 0.6385 -0.184 0 0 17.249 -13.264 0.307
1 24 12 0.7289 0.6507 0 0 14.398 -15.578 -0.671
1 25 11 0.5481 0.3148 0 0 12.285 -15.064 2.459
1 26 6 0.3493 -0.037 0 0 12.973 -11.417 3.338
1 27 2 0.3373 -0.232 0 0 14.199 -10.037 -0.015
1 28 10 0.2409 -0.188 0 0 17.403 -8.508 1.368
1 29 15 0.3855 0.0838 0 0 21.091 -9.398 1.573
1 30 22 0.3253 0.6495 0 0 22.483 -10.004 5.064
1 31 3 0.1265 -0.775 0 0 26.056 -8.857 5.713
1 32 7 0.1325 -0.777 0 0 26.325 -10.891 8.916
1 33 20 0.3192 0.6166 0 0 24.362 -13.872 10.204
1 34 3 0.1746 -0.652 0 0 25.489 -16.045 13.133
1 35 16 0.4156 -0.766 0 0 27.065 -19.178 11.580
1 36 18 0.2710 -0.903 0 0 25.670 -21.321 14.416
1 37 11 0.3915 -0.440 0 0 22.010 -20.350 13.911
1 38 7 0.5301 0.2172 0 0 19.837 -23.008 12.293
1 39 3 0.5 -0.765 0 0 16.133 -22.473 11.687
1 40 17 0.6144 -0.511 0 0 13.327 -23.042 9.194
1 41 20 0.5903 0.1949 0 0 11.474 -20.418 7.159
1 42 1 0.4578 -0.338 0 0 8.227 -20.475 5.192
1 43 13 0.4096 0.1646 0 0 6.966 -18.328 2.328
1 44 6 0.1686 -0.960 0 0 4.132 -18.542 -0.182
1 45 22 0.2771 0.9933 0 0 5.363 -18.164 -3.756
1 46 22 0.1204 -0.960 0 0 4.185 -18.710 -7.325
1 47 11 0.2891 0.9331 0 0 6.371 -21.136 -9.283
1 48 3 0.0843 0.6138 0 0 5.529 -21.659 -12.955
1 49 9 0.0060 0.4030 0 0 2.074 -20.262 -12.199
1 50 7 0.0361 0.3881 0 0 1.548 -22.605 -9.242
1 51 18 0.0421 -0.659 0 0 0.873 -21.080 -5.828
1 52 5 0.1506 0.6726 0 0 2.748 -23.056 -3.182
1 53 12 0.3433 -0.384 0 0 4.447 -22.779 0.204
1 54 12 0.6265 0.5142 0 0 8.201 -23.286 0.414
1 55 3 0.6506 -0.684 0 0 9.308 -24.735 3.745
1 56 11 0.8614 0.5703 0 0 13.067 -24.346 3.986
1 57 12 0.8493 -0.468 0 0 15.538 -25.429 6.665
1 58 3 0.8855 -0.234 0 0 18.736 -23.382 6.846
1 59 18 0.8373 0.5100 0 0 21.267 -25.831 8.296
1 60 0 0.6686 -0.597 0 0 24.226 -24.662 10.396
1 61 9 0.5240 0.8798 0 0 25.851 -28.034 11.087
1 62 6 0.2289 0.1066 0 0 25.813 -27.735 14.875
1 63 7 0.0542 -0.796 0 0 26.260 -30.651 17.277
1 64 7 0.0240 -0.319 0 0 23.168 -29.780 19.339
1 65 20 0.0301 -0.354 0 0 20.204 -32.102 18.778
1 66 17 0.0903 0.8928 0 0 17.255 -30.657 16.865
1 67 0 0.0481 -0.888 0 0 14.033 -32.623 16.461
1 68 14 0.2048 0.4149 0 0 13.077 -30.203 13.691
1 69 1 0.4457 -0.019 0 0 16.366 -30.905 11.908
1 70 3 0.2469 -0.810 0 0 15.617 -34.631 12.025
1 71 6 0.2349 -0.847 0 0 12.105 -34.059 10.660
1 72 20 0.5542 0.2208 0 0 13.298 -32.071 7.652
1 73 14 0.5602 0.3132 0 0 15.968 -34.671 6.872
1 74 1 0.3313 -0.820 0 0 13.364 -37.444 6.979
1 75 18 0.3614 -0.613 0 0 10.433 -35.701 5.284
1 76 9 0.6566 -0.197 0 0 12.488 -33.285 3.175
1 77 7 0.6746 -0.573 0 0 11.709 -33.438 -0.535
1 78 9 0.8734 -0.651 0 0 14.623 -31.480 -2.002
1 79 15 0.9638 -0.728 0 0 18.172 -30.440 -1.126
1 80 12 0.9939 0.6494 0 0 20.208 -27.372 -2.055
1 81 5 0.9819 -0.738 0 0 23.926 -28.215 -2.059
1 82 22 0.9759 0.5598 0 0 25.741 -24.885 -1.849
1 83 15 0.8674 -0.327 0 0 29.353 -23.880 -2.403
1 84 0 0.7108 -0.258 0 0 31.038 -20.553 -3.212
1 85 11 0.4819 -0.103 0 0 32.743 -19.894 -6.556
1 86 2 0.2650 0.0049 0 0 35.603 -18.152 -4.723
1 87 2 0.3674 0.5308 0 0 36.028 -21.018 -2.264
1 88 18 0.2168 -0.914 0 0 37.727 -24.122 -3.665
1 89 13 0.2530 -0.301 0 0 37.574 -25.844 -0.273
1 90 17 0.5843 0.3880 0 0 33.774 -25.528 -0.116
1 91 15 0.5783 -0.285 0 0 33.484 -27.082 -3.581
1 92 7 0.3975 -0.827 0 0 35.655 -29.990 -2.453
1 93 3 0.5120 -0.104 0 0 33.294 -30.453 0.506
1 94 11 0.7409 0.6502 0 0 30.208 -30.937 -1.704
1 95 10 0.5180 -0.861 0 0 30.617 -34.690 -2.256
1 96 10 0.4698 -0.061 0 0 30.484 -35.285 1.498
1 97 20 0.7650 0.3633 0 0 27.067 -33.598 1.644
1 98 1 0.7168 -0.149 0 0 25.492 -35.474 -1.274
1 99 7 0.4397 -0.662 0 0 26.731 -38.776 0.165
1 100 6 0.4759 0.4791 0 0 25.022 -37.882 3.438
1 101 11 0.6626 0.9791 0 0 21.758 -37.011 1.678
1 102 13 0.4337 -0.115 0 0 21.857 -40.230 -0.349
1 103 1 0.1867 -0.178 0 0 22.118 -42.147 2.932
1 104 22 0.3554 0.7472 0 0 19.198 -40.303 4.549
1 105 13 0.3012 0.7566 0 0 16.958 -41.222 1.613
1 106 3 0.0722 -0.930 0 0 18.665 -44.516 0.752
1 107 17 0.1144 0.2058 0 0 18.529 -43.611 -2.930
1 108 7 0.1807 -0.469 0 0 20.633 -42.174 -5.740
1 109 3 0.3132 -0.617 0 0 17.466 -40.437 -6.929
1 110 22 0.5662 0.2765 0 0 16.966 -37.487 -4.581
1 111 16 0.7469 -0.544 0 0 15.765 -34.091 -5.835
1 112 14 0.8975 -0.074 0 0 18.901 -31.983 -5.514
1 113 22 0.9397 0.1032 0 0 20.531 -28.894 -7.031
1 114 12 0.9277 -0.736 0 0 24.179 -27.825 -7.060
1 115 22 0.9578 0.7985 0 0 24.478 -24.136 -6.177
1 116 9 0.8433 0.1319 0 0 27.581 -22.073 -6.907
1 117 2 0.8192 0.4055 0 0 27.086 -18.940 -4.814
1 118 13 0.5963 0.1082 0 0 28.824 -15.530 -4.799
1 119 5 0.4518 0.4147 0 0 28.943 -15.426 -8.605
1 120 3 0.1927 0.3990 0 0 29.125 -11.620 -8.386
1 121 12 0.1024 0.3980 0 0 32.731 -11.807 -7.168
1 122 16 0.0120 -0.478 0 0 35.494 -11.552 -9.813
1 123 17 0.0180 -0.274 0 0 37.878 -13.790 -7.858
1 124 1 0.0963 0.3743 0 0 36.331 -17.124 -8.840
1 125 18 0.0602 -0.093 0 0 38.553 -20.159 -8.242
1 126 22 0.1987 0.8165 0 0 35.961 -22.779 -9.201
1 127 3 0.1084 -0.946 0 0 35.236 -22.564 -12.930
1 128 18 0.2228 0.0333 0 0 31.735 -23.008 -14.334
1 129 13 0.0783 -0.731 0 0 32.977 -26.007 -16.321
1 130 6 0.1445 -0.308 0 0 34.177 -27.742 -13.150
1 131 0 0.4638 0.4464 0 0 30.829 -27.278 -11.417
1 132 6 0.3734 -0.291 0 0 28.935 -28.212 -14.578
1 133 3 0.1385 -0.791 0 0 30.937 -31.436 -14.902
1 134 12 0.4036 0.5306 0 0 30.366 -32.324 -11.242
1 135 0 0.5361 0.4807 0 0 26.618 -31.735 -11.472
1 136 1 0.2590 -0.628 0 0 26.392 -33.761 -14.683
1 137 17 0.1566 -0.187 0 0 28.219 -36.576 -12.882
1 138 20 0.4277 0.5173 0 0 25.584 -36.496 -10.143
1 139 9 0.3795 -0.457 0 0 22.941 -35.967 -12.817
1 140 11 0.6325 0.6696 0 0 21.500 -32.890 -11.125
1 141 16 0.6987 0.2155 0 0 21.031 -29.250 -12.195
1 142 15 0.7771 -0.213 0 0 23.701 -26.614 -11.544
1 143 11 0.8132 0.1501 0 0 22.723 -23.000 -10.851
1 144 7 0.7349 -0.857 0 0 25.079 -20.069 -10.334
1 145 18 0.8012 0.9754 0 0 23.744 -17.602 -7.770
1 146 17 0.6445 -0.987 0 0 24.461 -14.369 -5.939
1 147 0 0.7048 0.6542 0 0 22.629 -13.775 -2.665
1 148 13 0.4216 -0.828 0 0 23.977 -10.214 -2.888
1 149 18 0.3072 -0.316 0 0 22.402 -9.249 -6.222
1 150 1 0.4939 -0.001 0 0 19.643 -11.878 -6.011
1 151 6 0.4879 -0.331 0 0 20.928 -13.381 -9.275
1 152 9 0.6927 -0.994 0 0 19.860 -17.002 -9.704
1 153 22 0.8313 -0.142 0 0 18.336 -17.159 -6.214
1 154 3 0.7710 -0.869 0 0 14.745 -17.880 -7.259
1 155 3 0.7590 -0.527 0 0 16.047 -20.093 -10.049
1 156 0 0.9216 0.4440 0 0 17.994 -22.249 -7.581
1 157 15 0.9337 0.5288 0 0 15.038 -22.754 -5.230
1 158 20 0.7891 -0.461 0 0 12.492 -23.024 -8.051
1 159 18 0.7951 0.1242 0 0 14.640 -25.457 -10.052
1 160 12 0.8795 0.7841 0 0 14.684 -27.713 -6.995
1 161 22 0.7228 -0.215 0 0 10.886 -27.599 -6.827
1 162 1 0.5060 0.0156 0 0 10.744 -28.654 -10.474
1 163 7 0.6024 0.4855 0 0 13.036 -31.557 -9.592
1 164 11 0.5421 0.6081 0 0 10.657 -32.554 -6.793
1 165 1 0.2951 0.1290 0 0 7.732 -32.358 -9.226
1 166 13 0.1626 0.3461 0 0 9.431 -34.815 -11.576
1 167 10 0.2108 0.3967 0 0 10.255 -37.057 -8.623
0 168 13 0 0 0 0 10.255 -37.057 -8.623
0 169 7 0 0 0 0 10.255 -37.057 -8.623
0 170 13 0 0 0 0 10.255 -37.057 -8.623
