0 1 9 0 0 0 0 0 0 0
1 2 14 0.0 0.3501 0 0 43.172 6.215 -21.063
1 3 18 0.0448 0.2278 0 0 40.080 8.381 -21.503
1 4 7 0.1858 -0.581 0 0 37.291 7.686 -19.013
1 5 20 0.4871 -0.132 0 0 33.713 7.826 -20.298
1 6 13 0.6346 -0.799 0 0 30.981 8.246 -17.683
1 7 12 0.8846 0.2020 0 0 27.914 6.483 -19.077
1 8 22 0.9166 -0.758 0 0 24.478 6.284 -17.457
1 9 22 0.9871 0.4073 0 0 21.655 3.829 -18.161
1 10 22 0.9487 -0.171 0 0 18.086 5.030 -17.569
1 11 9 0.9038 0.3114 0 0 14.559 3.821 -18.282
1 12 0 0.6794 -0.333 0 0 11.441 2.327 -16.717
1 13 9 0.5641 -0.271 0 0 11.728 -0.565 -14.286
1 14 9 0.5833 -0.091 0 0 12.239 -3.949 -15.908
1 15 22 0.8012 0.5227 0 0 13.369 -2.783 -19.357
1 16 9 0.8397 -0.676 0 0 16.741 -4.481 -18.887
1 17 13 0.9230 -0.104 0 0 19.033 -1.721 -17.642
1 18 17 0.8076 -0.758 0 0 20.928 -4.105 -15.363
1 19 0 0.7435 -0.232 0 0 20.807 -7.028 -17.801
1 20 12 0.9102 0.7261 0 0 22.383 -4.837 -20.482
1 21 18 0.8717 0.0658 0 0 25.120 -3.630 -18.141
1 22 11 0.6474 -0.440 0 0 25.955 -7.095 -16.799
1 23 6 0.6410 -0.164 0 0 25.891 -8.595 -20.298
1 24 12 0.7243 0.6476 0 0 28.295 -5.946 -21.592
1 25 11 0.5128 0.2775 0 0 30.696 -6.364 -18.674
1 26 6 0.3076 -0.173 0 0 30.250 -9.850 -17.206
1 27 2 0.3205 -0.326 0 0 29.298 -11.359 -20.579
1 28 10 0.2051 -0.221 0 0 26.278 -13.254 -19.248
1 29 15 0.3461 0.1411 0 0 22.493 -12.828 -19.096
1 30 22 0.2756 0.4942 0 0 21.239 -12.314 -15.547
1 31 3 0.0641 -0.980 0 0 18.013 -14.139 -14.660
1 32 7 0.1217 -0.828 0 0 17.153 -11.484 -12.085
1 33 20 0.2564 0.5190 0 0 18.785 -8.447 -10.499
1 34 3 0.1025 -0.673 0 0 17.706 -6.643 -7.324
1 35 16 0.3141 -0.738 0 0 15.715 -3.699 -8.743
1 36 18 0.1346 -0.909 0 0 16.900 -1.477 -5.872
1 37 11 0.2371 -0.321 0 0 20.626 -1.786 -6.627
1 38 7 0.4551 0.2392 0 0 22.076 1.346 -8.214
1 39 3 0.4294 -0.703 0 0 25.845 1.263 -8.663
1 40 17 0.5192 -0.494 0 0 28.527 1.977 -11.257
1 41 20 0.4935 0.2308 0 0 30.473 -0.718 -13.111
1 42 1 0.3910 -0.822 0 0 33.819 -0.398 -14.901
1 43 13 0.4102 0.2232 0 0 34.856 -1.865 -18.247
1 44 6 0.1794 -0.978 0 0 38.043 -1.499 -20.286
1 45 22 0.25 0.9499 0 0 37.283 -1.582 -24.009
1 46 22 0.0961 -0.954 0 0 38.639 -0.669 -27.449
1 47 11 0.2435 0.9506 0 0 36.349 1.434 -29.654
1 48 3 0.0576 0.5900 0 0 37.499 2.328 -33.172
1 49 9 0.0064 0.3530 0 0 41.098 1.629 -32.168
1 50 7 0.0256 0.3295 0 0 40.848 3.803 -29.059
1 51 18 0.0320 -0.632 0 0 41.197 2.047 -25.719
1 52 5 0.1410 0.6835 0 0 39.049 3.624 -23.010
1 53 12 0.2628 -0.445 0 0 37.470 2.948 -19.625
1 54 12 0.6025 0.5226 0 0 33.677 2.902 -19.440
1 55 3 0.5961 -0.628 0 0 32.219 3.951 -16.084
1 56 11 0.8141 0.5225 0 0 28.629 2.771 -16.397
1 57 12 0.7820 -0.444 0 0 26.099 3.973 -13.834
1 58 3 0.8269 -0.141 0 0 23.195 1.524 -13.743
1 59 18 0.7564 0.5142 0 0 20.333 3.608 -12.327
1 60 0 0.5705 -0.568 0 0 17.434 2.242 -10.274
1 61 9 0.4230 0.8562 0 0 13.990 3.764 -9.769
0 62 6 0 0 0 0 13.990 3.764 -9.769
0 63 7 0 0 0 0 13.990 3.764 -9.769
0 64 7 0 0 0 0 13.990 3.764 -9.769
0 65 20 0 0 0 0 13.990 3.764 -9.769
0 66 17 0 0 0 0 13.990 3.764 -9.769
0 67 0 0 0 0 0 13.990 3.764 -9.769
0 68 14 0 0 0 0 13.990 3.764 -9.769
0 69 1 0 0 0 0 13.990 3.764 -9.769
0 70 3 0 0 0 0 13.990 3.764 -9.769
0 71 6 0 0 0 0 13.990 3.764 -9.769
1 72 20 0.3333 -0.468 0 0 26.888 10.472 -10.135
1 73 14 0.5 0.3094 0 0 23.700 10.958 -12.168
1 74 1 0.3525 -0.832 0 0 24.590 14.570 -12.958
1 75 18 0.3397 -0.553 0 0 28.206 13.801 -13.911
1 76 9 0.6538 -0.092 0 0 27.075 11.523 -16.747
1 77 7 0.6282 -0.572 0 0 28.645 12.327 -20.116
1 78 9 0.8461 -0.681 0 0 26.390 10.040 -22.147
1 79 15 0.9615 -0.810 0 0 23.037 8.356 -21.565
1 80 12 0.9935 0.7108 0 0 21.325 5.191 -22.776
1 81 5 0.9807 -0.759 0 0 17.557 5.693 -22.842
1 82 22 0.9743 0.5729 0 0 16.245 2.144 -22.658
1 83 15 0.8782 -0.237 0 0 12.766 0.765 -23.230
1 84 0 0.7179 -0.334 0 0 11.470 -2.758 -23.833
1 85 11 0.5256 -0.066 0 0 9.924 -3.574 -27.214
1 86 2 0.3012 -0.003 0 0 7.228 -5.616 -25.454
1 87 2 0.3589 0.4604 0 0 6.337 -2.754 -23.117
1 88 18 0.1987 -0.858 0 0 4.471 0.219 -24.580
1 89 13 0.2243 -0.322 0 0 4.447 2.022 -21.232
1 90 17 0.5576 0.3875 0 0 8.250 1.974 -20.995
1 91 15 0.5897 -0.251 0 0 8.402 3.433 -24.506
1 92 7 0.3653 -0.830 0 0 5.974 6.179 -23.490
1 93 3 0.4807 -0.091 0 0 8.231 6.879 -20.490
1 94 11 0.7115 0.6952 0 0 11.251 7.658 -22.696
1 95 10 0.4743 -0.830 0 0 10.394 11.337 -23.176
1 96 10 0.4487 -0.070 0 0 10.196 11.795 -19.408
1 97 20 0.6858 0.3070 0 0 13.719 10.385 -19.040
1 98 1 0.6666 -0.070 0 0 15.234 12.443 -21.867
1 99 7 0.3846 -0.590 0 0 13.807 15.655 -20.410
1 100 6 0.4423 0.1136 0 0 15.292 14.829 -17.007
1 101 11 0.6089 0.9884 0 0 18.714 14.373 -18.580
1 102 13 0.3782 -0.023 0 0 18.356 17.703 -20.386
1 103 1 0.1089 -0.053 0 0 17.642 19.468 -17.103
1 104 22 0.1923 0.7642 0 0 20.286 17.691 -15.003
1 105 13 0.2307 0.7103 0 0 22.982 18.495 -17.579
1 106 3 0.0384 -0.918 0 0 21.617 21.961 -18.407
1 107 17 0.0833 0.3710 0 0 21.760 21.261 -22.143
1 108 7 0.1282 -0.742 0 0 19.428 20.382 -25.022
1 109 3 0.2884 -0.538 0 0 22.213 18.507 -26.830
1 110 22 0.5384 0.2264 0 0 23.414 15.714 -24.530
1 111 16 0.6923 -0.570 0 0 25.092 12.591 -25.993
1 112 14 0.8974 -0.121 0 0 22.338 9.990 -25.988
1 113 22 0.9551 0.1481 0 0 21.074 6.813 -27.663
1 114 12 0.9358 -0.757 0 0 17.617 5.236 -27.797
1 115 22 0.9679 0.8313 0 0 17.754 1.532 -26.953
1 116 9 0.8653 0.1962 0 0 14.910 -0.880 -27.691
1 117 2 0.8589 0.3765 0 0 15.649 -3.948 -25.587
1 118 13 0.6153 0.0930 0 0 14.256 -7.506 -25.592
1 119 5 0.4615 0.4443 0 0 14.134 -7.643 -29.399
1 120 3 0.2115 0.3704 0 0 14.323 -11.446 -29.175
1 121 12 0.0897 0.4165 0 0 10.801 -11.683 -27.753
1 122 16 0.0128 -0.451 0 0 7.934 -12.347 -30.208
1 123 17 0.0192 0.0309 0 0 5.439 -10.170 -28.317
1 124 1 0.0705 0.5678 0 0 6.568 -6.869 -29.848
1 125 18 0.0512 -0.121 0 0 4.143 -3.978 -29.286
1 126 22 0.2179 0.8152 0 0 6.524 -1.128 -30.154
1 127 3 0.1153 -0.932 0 0 7.368 -1.157 -33.870
1 128 18 0.2948 0.0265 0 0 10.852 -0.399 -35.189
1 129 13 0.0769 -0.944 0 0 9.429 2.438 -37.294
1 130 6 0.1474 -0.142 0 0 7.800 3.846 -34.166
1 131 0 0.4679 0.4527 0 0 11.088 3.797 -32.254
1 132 6 0.4038 -0.287 0 0 13.111 5.113 -35.200
1 133 3 0.1730 -0.783 0 0 10.738 8.051 -35.689
1 134 12 0.3974 0.4610 0 0 11.124 8.953 -32.016
1 135 0 0.5769 0.4680 0 0 14.912 8.784 -32.305
1 136 1 0.2820 -0.322 0 0 14.728 11.014 -35.374
1 137 17 0.1666 0.1869 0 0 12.564 13.486 -33.452
1 138 20 0.4358 0.5101 0 0 15.324 13.566 -30.826
1 139 9 0.3717 -0.445 0 0 18.108 13.564 -33.419
1 140 11 0.6602 0.6456 0 0 19.843 10.608 -31.760
1 141 16 0.7307 0.1644 0 0 20.726 7.045 -32.848
1 142 15 0.7884 -0.185 0 0 18.342 4.114 -32.296
1 143 11 0.8333 0.3434 0 0 19.603 0.591 -31.592
1 144 7 0.7628 -0.870 0 0 17.640 -2.620 -31.025
1 145 18 0.8205 0.9766 0 0 19.197 -4.854 -28.383
1 146 17 0.6730 -0.986 0 0 18.804 -8.097 -26.479
1 147 0 0.7051 0.5177 0 0 20.540 -8.602 -23.137
1 148 13 0.4166 -0.756 0 0 19.717 -12.288 -23.591
1 149 18 0.3269 -0.213 0 0 21.312 -12.994 -26.977
1 150 1 0.5064 -0.634 0 0 23.899 -10.153 -26.933
1 151 6 0.5320 -0.325 0 0 22.393 -8.674 -30.114
1 152 9 0.7371 -0.983 0 0 23.201 -4.965 -30.334
1 153 22 0.8525 -0.206 0 0 24.571 -4.789 -26.785
1 154 3 0.75 -0.912 0 0 28.123 -3.696 -27.654
1 155 3 0.7692 -0.476 0 0 26.827 -1.519 -30.486
1 156 0 0.9423 0.4653 0 0 24.513 0.305 -28.077
1 157 15 0.9294 0.4908 0 0 27.273 1.298 -25.658
1 158 20 0.7756 -0.481 0 0 29.890 1.840 -28.385
1 159 18 0.7948 0.1392 0 0 27.607 4.145 -30.372
1 160 12 0.8910 0.7320 0 0 27.055 6.209 -27.230
1 161 22 0.6987 -0.236 0 0 30.821 6.591 -26.846
1 162 1 0.5448 0.0097 0 0 30.934 7.721 -30.469
1 163 7 0.6217 0.5283 0 0 28.178 10.265 -29.809
1 164 11 0.5512 0.5528 0 0 30.234 11.608 -26.909
1 165 1 0.2692 0.0816 0 0 33.277 11.896 -29.184
1 166 13 0.1538 0.4543 0 0 31.294 13.998 -31.667
1 167 10 0.1602 0.2433 0 0 30.235 16.343 -28.876
0 168 13 0 0 0 0 30.235 16.343 -28.876
0 169 7 0 0 0 0 30.235 16.343 -28.876
0 170 13 0 0 0 0 30.235 16.343 -28.876
