0 1 9 0 0 0 0 0 0 0
0 2 14 0 0 0 0 0 0 0
1 3 18 0.0516 -0.905 0 0 1.507 -29.595 -31.610
1 4 7 0.1806 -0.401 0 0 3.519 -29.860 -28.395
1 5 20 0.4774 -0.090 0 0 7.279 -30.332 -28.682
1 6 13 0.6387 -0.880 0 0 10.059 -30.987 -26.174
1 7 12 0.8709 0.2699 0 0 13.335 -29.497 -27.404
1 8 22 0.9161 -0.707 0 0 16.796 -29.779 -25.848
1 9 22 0.9870 0.4474 0 0 19.715 -27.408 -26.413
1 10 22 0.9419 -0.264 0 0 23.170 -28.911 -25.894
1 11 9 0.9032 0.0000 0 0 26.760 -27.787 -26.428
1 12 0 0.6838 -0.496 0 0 29.929 -26.537 -24.742
1 13 5 0.5741 -0.835 0 0 29.875 -23.784 -22.119
1 14 9 0.5677 0.0000 0 0 29.699 -20.258 -23.520
1 15 22 0.7870 0.5660 0 0 28.408 -21.019 -27.017
1 16 9 0.8322 0.0000 0 0 25.101 -19.219 -26.544
1 17 13 0.9225 -0.079 0 0 22.695 -21.994 -25.549
1 18 17 0.8064 -0.719 0 0 21.010 -19.651 -23.087
1 19 0 0.7483 -0.194 0 0 21.279 -16.677 -25.442
1 20 12 0.9096 0.7065 0 0 19.583 -18.547 -28.293
1 21 18 0.8774 0.1107 0 0 16.775 -19.675 -25.992
1 22 11 0.6516 -0.592 0 0 16.058 -16.250 -24.485
1 23 6 0.6451 -0.316 0 0 16.156 -14.605 -27.919
1 24 12 0.7032 0.6088 0 0 13.485 -17.053 -29.074
1 25 11 0.5354 0.2866 0 0 11.368 -16.889 -25.916
1 26 6 0.3096 -0.184 0 0 11.744 -13.254 -24.854
1 27 2 0.3225 -0.220 0 0 12.844 -11.647 -28.141
1 28 10 0.1999 -0.191 0 0 15.885 -9.956 -26.588
1 29 15 0.3612 0.1175 0 0 19.643 -10.523 -26.422
1 30 22 0.2903 0.5448 0 0 21.480 -11.283 -23.187
1 31 3 0.0838 -0.926 0 0 24.976 -9.793 -22.976
1 32 7 0.1161 -0.764 0 0 25.617 -12.152 -20.067
1 33 20 0.2774 0.5121 0 0 23.817 -15.172 -18.619
1 34 3 0.1290 -0.684 0 0 24.723 -17.297 -15.580
1 35 16 0.3548 -0.748 0 0 26.327 -20.456 -17.054
1 36 18 0.1483 -0.969 0 0 25.352 -22.558 -14.031
1 37 11 0.2709 -0.294 0 0 21.654 -21.992 -14.715
1 38 7 0.4451 0.2578 0 0 19.827 -24.935 -16.274
1 39 3 0.4129 -0.625 0 0 16.102 -24.270 -16.584
1 40 17 0.4903 -0.669 0 0 13.273 -25.327 -18.885
1 41 20 0.5032 0.2597 0 0 11.423 -22.600 -20.776
1 42 1 0.3935 -0.528 0 0 7.943 -22.593 -22.301
1 43 13 0.3483 0.2181 0 0 6.286 -20.633 -25.111
1 44 6 0.1419 -0.941 0 0 3.368 -21.030 -27.506
1 45 22 0.2322 0.9923 0 0 4.540 -19.981 -30.965
1 46 22 0.1225 -0.910 0 0 3.462 -20.198 -34.595
1 47 11 0.3290 0.8529 0 0 5.559 -22.495 -36.777
1 48 3 0.0774 0.6391 0 0 4.770 -22.481 -40.506
1 49 9 0.0 0.0000 0 0 1.293 -21.193 -39.685
1 50 7 0.0193 0.0642 0 0 0.657 -23.878 -37.079
1 51 18 0.0258 -0.739 0 0 0.179 -23.042 -33.397
1 52 17 0.1677 0.5405 0 0 2.825 -25.003 -31.509
1 53 12 0.2645 -0.460 0 0 3.868 -25.307 -27.872
1 54 12 0.5612 0.5742 0 0 7.633 -25.344 -27.351
1 55 3 0.5806 -0.586 0 0 9.108 -26.852 -24.191
1 56 11 0.8 0.6367 0 0 12.827 -26.073 -24.320
1 57 12 0.7612 -0.491 0 0 15.479 -27.268 -21.869
1 58 3 0.8258 -0.044 0 0 18.583 -25.079 -21.637
1 59 18 0.7419 0.5251 0 0 21.303 -27.434 -20.395
1 60 0 0.5548 -0.563 0 0 24.227 -26.295 -18.243
0 61 9 0 0 0 0 24.227 -26.295 -18.243
0 62 6 0 0 0 0 24.227 -26.295 -18.243
0 63 7 0 0 0 0 24.227 -26.295 -18.243
0 64 7 0 0 0 0 24.227 -26.295 -18.243
0 65 20 0 0 0 0 24.227 -26.295 -18.243
0 66 17 0 0 0 0 24.227 -26.295 -18.243
0 67 0 0 0 0 0 24.227 -26.295 -18.243
0 68 14 0 0 0 0 24.227 -26.295 -18.243
0 69 1 0 0 0 0 24.227 -26.295 -18.243
0 70 3 0 0 0 0 24.227 -26.295 -18.243
0 71 6 0 0 0 0 24.227 -26.295 -18.243
1 72 20 0.2967 -0.746 0 0 14.180 -34.720 -18.618
1 73 14 0.4580 0.5552 0 0 16.854 -35.455 -21.216
1 74 1 0.3161 -0.915 0 0 15.374 -38.742 -22.429
1 75 18 0.3354 -0.397 0 0 12.000 -37.062 -22.976
1 76 9 0.6322 0.0000 0 0 13.507 -34.879 -25.690
1 77 7 0.6193 -0.577 0 0 12.036 -35.106 -29.182
1 78 9 0.8451 0.0000 0 0 14.489 -32.736 -30.852
1 79 15 0.9548 -0.828 0 0 18.032 -31.637 -30.047
1 80 12 0.9935 0.7634 0 0 20.068 -28.556 -30.962
1 81 12 0.9806 -0.790 0 0 23.797 -29.213 -31.319
1 82 22 0.9741 0.5736 0 0 25.238 -25.755 -30.682
1 83 15 0.8838 -0.257 0 0 28.770 -24.424 -31.130
1 84 0 0.7225 -0.414 0 0 30.283 -20.986 -31.755
1 85 11 0.5161 -0.117 0 0 32.010 -20.010 -35.009
1 86 2 0.3032 0.0917 0 0 34.668 -18.208 -32.971
1 87 2 0.3806 0.3147 0 0 35.190 -21.234 -30.744
1 88 18 0.2258 -0.908 0 0 37.126 -24.171 -32.175
1 89 13 0.2387 -0.358 0 0 37.012 -26.133 -28.911
1 90 17 0.5870 0.4784 0 0 33.205 -25.996 -28.905
1 91 15 0.5935 -0.211 0 0 33.097 -27.370 -32.446
1 92 7 0.3741 -0.789 0 0 35.439 -30.142 -31.325
1 93 3 0.4645 -0.352 0 0 33.141 -31.066 -28.436
1 94 11 0.6903 0.6523 0 0 30.141 -31.479 -30.761
1 95 10 0.4838 -0.800 0 0 30.631 -35.220 -31.298
1 96 10 0.4387 -0.213 0 0 30.617 -35.799 -27.538
1 97 20 0.6774 0.2568 0 0 27.108 -34.368 -27.187
1 98 1 0.6645 -0.235 0 0 25.984 -36.046 -30.412
1 99 7 0.4 -0.584 0 0 26.800 -39.475 -28.982
1 100 6 0.4322 0.2103 0 0 25.216 -38.703 -25.606
1 101 11 0.6064 0.9820 0 0 21.899 -38.101 -27.341
1 102 13 0.3677 -0.124 0 0 22.187 -41.384 -29.239
1 103 1 0.1096 -0.017 0 0 22.690 -43.244 -25.962
1 104 22 0.1935 0.7412 0 0 20.010 -41.453 -23.935
1 105 13 0.2129 0.6929 0 0 17.489 -41.997 -26.740
1 106 3 0.0322 -0.991 0 0 18.727 -45.460 -27.763
1 107 17 0.0709 0.3605 0 0 18.422 -44.559 -31.444
1 108 7 0.0903 -0.780 0 0 20.518 -43.800 -34.518
1 109 3 0.2580 -0.145 0 0 17.861 -41.548 -36.041
1 110 22 0.5225 0.1764 0 0 17.034 -38.766 -33.587
1 111 16 0.7096 -0.587 0 0 15.922 -35.326 -34.881
1 112 14 0.8967 -0.356 0 0 18.914 -32.998 -34.504
1 113 22 0.9612 0.2056 0 0 20.169 -29.691 -35.902
1 114 12 0.9354 -0.721 0 0 23.748 -28.400 -35.944
1 115 22 0.9677 0.8220 0 0 23.907 -24.746 -34.915
1 116 9 0.8645 0.0000 0 0 26.752 -22.330 -35.607
1 117 2 0.8516 0.2672 0 0 26.176 -19.449 -33.205
1 118 13 0.6258 0.0204 0 0 27.791 -15.985 -33.035
1 119 17 0.4709 0.6035 0 0 27.785 -15.496 -36.811
1 120 3 0.2451 0.2943 0 0 27.878 -11.740 -36.201
1 121 12 0.1032 0.3511 0 0 31.511 -11.941 -35.080
1 122 16 0.0129 -0.438 0 0 34.326 -11.412 -37.630
1 123 17 0.0064 0.1635 0 0 36.940 -13.440 -35.720
1 124 1 0.0580 0.5600 0 0 35.871 -16.678 -37.411
1 125 18 0.0387 0.0195 0 0 37.957 -19.828 -36.966
1 126 22 0.2193 0.8297 0 0 35.405 -22.491 -37.885
1 127 3 0.0967 -0.770 0 0 34.686 -21.995 -41.588
1 128 18 0.2064 -0.104 0 0 31.528 -23.134 -43.388
1 129 13 0.0645 -0.891 0 0 33.027 -26.253 -44.990
1 130 6 0.1612 -0.299 0 0 34.084 -27.719 -41.631
1 131 0 0.4967 0.5501 0 0 30.611 -27.295 -40.151
1 132 6 0.4064 -0.273 0 0 28.790 -28.546 -43.245
1 133 3 0.1741 -0.872 0 0 31.093 -31.569 -43.442
1 134 12 0.4258 0.5826 0 0 30.309 -32.364 -39.809
1 135 0 0.6 0.4324 0 0 26.577 -31.997 -40.421
1 136 1 0.2838 -0.627 0 0 26.981 -34.132 -43.540
1 137 17 0.1870 -0.233 0 0 28.623 -36.764 -41.340
1 138 20 0.4516 0.4444 0 0 25.524 -36.745 -39.135
1 139 9 0.3870 0.0000 0 0 23.001 -36.271 -41.927
1 140 11 0.6580 0.6658 0 0 21.453 -33.314 -40.113
1 141 16 0.7290 0.1298 0 0 20.751 -29.688 -41.131
1 142 15 0.8129 -0.155 0 0 23.270 -26.954 -40.310
1 143 11 0.8387 0.3025 0 0 22.175 -23.395 -39.537
1 144 7 0.7548 -0.884 0 0 24.300 -20.315 -38.842
1 145 18 0.8193 0.9869 0 0 22.760 -18.237 -36.063
1 146 17 0.6709 -0.993 0 0 23.277 -15.049 -34.075
1 147 0 0.7161 0.4679 0 0 21.373 -14.631 -30.808
1 148 13 0.4193 -0.766 0 0 22.505 -11.003 -30.727
1 149 18 0.3419 -0.146 0 0 20.919 -10.065 -34.050
1 150 1 0.5290 -0.651 0 0 18.179 -12.750 -34.113
1 151 6 0.5483 -0.090 0 0 19.735 -14.151 -37.299
1 152 9 0.7354 0.0000 0 0 18.638 -17.735 -37.932
1 153 22 0.8580 -0.178 0 0 17.438 -18.129 -34.339
1 154 3 0.7677 -0.815 0 0 13.806 -18.961 -35.134
1 155 3 0.7806 -0.359 0 0 14.865 -21.016 -38.153
1 156 0 0.9483 0.6808 0 0 17.124 -23.175 -35.978
1 157 15 0.9290 0.4897 0 0 14.345 -24.138 -33.568
1 158 20 0.7741 -0.460 0 0 11.692 -24.316 -36.290
1 159 18 0.7935 0.1357 0 0 13.797 -26.571 -38.529
1 160 12 0.8903 0.7040 0 0 14.203 -28.957 -35.599
1 161 22 0.6967 -0.239 0 0 10.420 -29.032 -35.203
1 162 1 0.5419 0.1182 0 0 10.108 -29.771 -38.923
1 163 7 0.6129 0.3584 0 0 12.541 -32.642 -38.352
1 164 11 0.5096 0.5372 0 0 10.295 -33.940 -35.566
1 165 1 0.2516 0.1550 0 0 7.240 -33.749 -37.834
1 166 13 0.1354 0.3786 0 0 8.986 -36.092 -40.269
1 167 10 0.1548 0.1950 0 0 10.015 -38.648 -37.644
1 168 13 0.0451 0.4512 0 0 6.508 -38.560 -36.167
0 169 7 0 0 0 0 6.508 -38.560 -36.167
0 170 13 0 0 0 0 6.508 -38.560 -36.167
