0 1 9 0 0 0 0 0 0 0
0 2 14 0 0 0 0 0 0 0
1 3 18 0.0451 -0.667 0 0 40.247 6.041 -50.445
1 4 7 0.1806 -0.669 0 0 37.895 5.905 -47.454
1 5 20 0.4903 -0.102 0 0 34.143 6.359 -47.874
1 6 13 0.6387 -0.885 0 0 31.341 7.092 -45.410
1 7 12 0.8774 0.2717 0 0 28.043 5.616 -46.596
1 8 22 0.9161 -0.719 0 0 24.600 5.893 -45.006
1 9 22 0.9870 0.4496 0 0 21.703 3.502 -45.597
1 10 22 0.9419 -0.277 0 0 18.234 4.970 -45.065
1 11 9 0.9032 0.0000 0 0 14.654 3.849 -45.660
1 12 0 0.6838 -0.494 0 0 11.494 2.597 -43.959
1 13 5 0.5806 -0.831 0 0 11.573 -0.112 -41.292
1 14 9 0.5677 0.0000 0 0 11.713 -3.629 -42.716
1 15 22 0.7870 0.5912 0 0 13.008 -2.844 -46.207
1 16 9 0.8322 0.0000 0 0 16.295 -4.679 -45.730
1 17 13 0.9225 -0.086 0 0 18.730 -1.935 -44.727
1 18 17 0.8064 -0.723 0 0 20.447 -4.272 -42.280
1 19 0 0.7483 -0.191 0 0 20.158 -7.245 -44.636
1 20 12 0.9096 0.7057 0 0 21.856 -5.372 -47.479
1 21 18 0.8709 0.1286 0 0 24.677 -4.252 -45.189
1 22 11 0.6516 -0.587 0 0 25.386 -7.679 -43.688
1 23 6 0.6451 -0.326 0 0 25.307 -9.317 -47.128
1 24 12 0.6967 0.6035 0 0 28.002 -6.877 -48.238
1 25 11 0.5161 0.2926 0 0 30.155 -7.069 -45.106
1 26 6 0.2967 -0.196 0 0 29.812 -10.711 -44.050
1 27 2 0.3225 -0.177 0 0 28.548 -12.204 -47.328
1 28 10 0.2193 -0.199 0 0 25.501 -13.900 -45.810
1 29 15 0.3612 0.1264 0 0 21.741 -13.351 -45.619
1 30 22 0.2903 0.5425 0 0 19.907 -12.602 -42.380
1 31 3 0.0903 -0.921 0 0 16.417 -14.108 -42.182
1 32 7 0.1225 -0.751 0 0 15.788 -11.737 -39.279
1 33 20 0.2774 0.5178 0 0 17.603 -8.739 -37.801
1 34 3 0.1354 -0.676 0 0 16.735 -6.622 -34.745
1 35 16 0.3290 -0.672 0 0 14.989 -3.510 -36.167
1 36 18 0.1483 -0.971 0 0 16.101 -1.390 -33.210
1 37 11 0.2709 -0.304 0 0 19.795 -1.993 -33.895
1 38 7 0.4451 0.2683 0 0 21.596 0.964 -35.457
1 39 3 0.4129 -0.611 0 0 25.318 0.301 -35.798
1 40 17 0.4580 -0.279 0 0 28.263 1.449 -37.903
1 41 20 0.5032 0.2849 0 0 30.043 -1.198 -39.969
1 42 1 0.3935 -0.547 0 0 33.479 -1.311 -41.585
1 43 13 0.3548 0.2190 0 0 35.155 -3.292 -44.369
1 44 6 0.1419 -0.948 0 0 38.091 -2.816 -46.725
1 45 22 0.2516 0.9969 0 0 36.894 -3.794 -50.197
1 46 22 0.1161 -0.916 0 0 38.036 -3.692 -53.811
1 47 11 0.3161 0.8541 0 0 35.876 -1.417 -55.955
1 48 3 0.0838 0.6291 0 0 36.660 -1.471 -59.683
1 49 9 0.0 0.0000 0 0 40.135 -2.754 -58.849
1 50 7 0.0193 0.0831 0 0 40.738 -0.014 -56.291
1 51 18 0.0258 -0.747 0 0 41.245 -0.814 -52.604
1 52 17 0.1741 0.5187 0 0 38.627 1.141 -50.664
1 53 12 0.2645 -0.452 0 0 37.581 1.362 -47.021
1 54 12 0.5612 0.5719 0 0 33.812 1.512 -46.532
1 55 3 0.5741 -0.615 0 0 32.346 3.029 -43.371
1 56 11 0.8 0.6346 0 0 28.644 2.166 -43.457
1 57 12 0.7612 -0.476 0 0 25.962 3.423 -41.071
1 58 3 0.8258 -0.022 0 0 22.844 1.251 -40.840
1 59 18 0.7419 0.5105 0 0 20.052 3.508 -39.573
1 60 0 0.5548 -0.604 0 0 17.162 2.253 -37.435
0 61 9 0 0 0 0 17.162 2.253 -37.435
0 62 6 0 0 0 0 17.162 2.253 -37.435
0 63 7 0 0 0 0 17.162 2.253 -37.435
0 64 7 0 0 0 0 17.162 2.253 -37.435
0 65 20 0 0 0 0 17.162 2.253 -37.435
0 66 17 0 0 0 0 17.162 2.253 -37.435
0 67 0 0 0 0 0 17.162 2.253 -37.435
0 68 14 0 0 0 0 17.162 2.253 -37.435
0 69 1 0 0 0 0 17.162 2.253 -37.435
0 70 3 0 0 0 0 17.162 2.253 -37.435
0 71 6 0 0 0 0 17.162 2.253 -37.435
1 72 20 0.3419 0.1193 0 0 27.637 10.603 -38.262
1 73 14 0.4709 0.5402 0 0 24.658 11.410 -40.477
1 74 1 0.3096 -0.876 0 0 26.022 14.820 -41.471
1 75 18 0.3354 -0.394 0 0 29.406 13.246 -42.230
1 76 9 0.6322 0.0000 0 0 27.821 11.020 -44.863
1 77 7 0.6193 -0.589 0 0 29.346 11.171 -48.335
1 78 9 0.8451 0.0000 0 0 26.950 8.766 -50.036
1 79 15 0.9612 -0.836 0 0 23.392 7.698 -49.252
1 80 12 0.9935 0.7742 0 0 21.326 4.634 -50.157
1 81 12 0.9806 -0.774 0 0 17.601 5.273 -50.536
1 82 22 0.9741 0.5674 0 0 16.216 1.792 -49.904
1 83 15 0.8838 -0.265 0 0 12.669 0.487 -50.269
1 84 0 0.7225 -0.435 0 0 11.133 -2.935 -50.917
1 85 11 0.5354 -0.104 0 0 9.437 -3.862 -54.200
1 86 2 0.3032 0.1107 0 0 6.809 -5.702 -52.161
1 87 2 0.3806 0.3013 0 0 6.263 -2.683 -49.929
1 88 18 0.2129 -0.911 0 0 4.297 0.238 -51.351
1 89 13 0.2580 -0.279 0 0 4.472 2.176 -48.075
1 90 17 0.5935 0.4877 0 0 8.280 2.073 -48.078
1 91 15 0.6 -0.211 0 0 8.314 3.472 -51.608
1 92 7 0.3677 -0.792 0 0 5.959 6.230 -50.475
1 93 3 0.4645 -0.382 0 0 8.305 7.200 -47.641
1 94 11 0.6903 0.6455 0 0 11.287 7.544 -49.995
1 95 10 0.4838 -0.806 0 0 10.803 11.289 -50.503
1 96 10 0.4387 -0.221 0 0 10.750 11.779 -46.730
1 97 20 0.6774 0.2675 0 0 14.293 10.441 -46.347
1 98 1 0.6645 -0.183 0 0 15.401 12.093 -49.594
1 99 7 0.4064 -0.527 0 0 14.615 15.533 -48.174
1 100 6 0.4322 0.1987 0 0 16.174 14.754 -44.791
1 101 11 0.6064 0.9863 0 0 19.518 14.178 -46.484
1 102 13 0.3741 -0.183 0 0 19.192 17.440 -48.407
1 103 1 0.1096 -0.016 0 0 18.711 19.217 -45.082
1 104 22 0.1935 0.7463 0 0 21.391 17.445 -43.035
1 105 13 0.1999 0.6865 0 0 23.909 18.077 -45.820
1 106 3 0.0387 -0.634 0 0 22.441 21.500 -46.639
1 107 17 0.0709 0.3797 0 0 23.048 20.711 -50.303
1 108 7 0.0774 -0.838 0 0 20.970 20.382 -53.466
1 109 3 0.2322 -0.127 0 0 23.419 17.869 -54.935
1 110 22 0.5225 0.2066 0 0 24.379 14.889 -52.774
1 111 16 0.7032 -0.579 0 0 25.435 11.460 -54.140
1 112 14 0.8967 -0.320 0 0 22.487 9.082 -53.690
1 113 22 0.9548 0.2068 0 0 21.252 5.767 -55.092
1 114 12 0.9354 -0.722 0 0 17.661 4.507 -55.128
1 115 22 0.9677 0.8162 0 0 17.480 0.852 -54.112
1 116 9 0.8645 0.0000 0 0 14.615 -1.560 -54.726
1 117 2 0.8516 0.2742 0 0 15.242 -4.472 -52.374
1 118 13 0.6258 0.0416 0 0 13.641 -7.937 -52.174
1 119 17 0.4774 0.6131 0 0 13.650 -8.408 -55.951
1 120 3 0.2451 0.2753 0 0 13.575 -12.162 -55.330
1 121 12 0.1032 0.3440 0 0 9.913 -11.892 -54.326
1 122 16 0.0129 -0.425 0 0 7.099 -12.447 -56.876
1 123 17 0.0064 0.1470 0 0 4.465 -10.460 -54.951
1 124 1 0.0580 0.5623 0 0 5.553 -7.194 -56.573
1 125 18 0.0516 0.0357 0 0 3.500 -4.023 -56.115
1 126 22 0.2064 0.8211 0 0 6.037 -1.381 -57.129
1 127 3 0.0967 -0.755 0 0 6.817 -1.887 -60.817
1 128 18 0.2258 -0.066 0 0 10.003 -0.736 -62.560
1 129 13 0.0645 -0.783 0 0 8.139 2.206 -64.107
1 130 6 0.1677 -0.274 0 0 7.305 3.845 -60.769
1 131 0 0.4967 0.5407 0 0 10.815 3.398 -59.383
1 132 6 0.4 -0.317 0 0 12.603 4.641 -62.502
1 133 3 0.1612 -0.844 0 0 10.271 7.642 -62.674
1 134 12 0.4258 0.5699 0 0 11.145 8.462 -59.067
1 135 0 0.5870 0.3879 0 0 14.867 8.045 -59.713
1 136 1 0.2838 -0.384 0 0 14.565 10.352 -62.722
1 137 17 0.1870 -0.212 0 0 12.863 12.910 -60.478
1 138 20 0.4516 0.4426 0 0 15.978 12.863 -58.294
1 139 9 0.3870 0.0000 0 0 18.507 12.350 -61.076
1 140 11 0.6580 0.6729 0 0 20.018 9.348 -59.307
1 141 16 0.7290 0.1434 0 0 20.668 5.719 -60.347
1 142 15 0.8129 -0.183 0 0 18.118 3.013 -59.520
1 143 11 0.8387 0.2352 0 0 19.286 -0.493 -58.616
1 144 7 0.7548 -0.891 0 0 17.173 -3.615 -58.096
1 145 18 0.8193 0.9903 0 0 18.661 -5.672 -55.272
1 146 17 0.6709 -0.994 0 0 18.172 -8.859 -53.280
1 147 0 0.7161 0.4767 0 0 20.109 -9.276 -50.033
1 148 13 0.4193 -0.760 0 0 18.958 -12.899 -49.951
1 149 18 0.3483 -0.186 0 0 20.541 -13.877 -53.262
1 150 1 0.5290 -0.642 0 0 23.283 -11.206 -53.317
1 151 6 0.5483 -0.080 0 0 21.735 -9.780 -56.499
1 152 9 0.7354 0.0000 0 0 22.796 -6.181 -57.109
1 153 22 0.8580 -0.189 0 0 24.014 -5.790 -53.524
1 154 3 0.7677 -0.812 0 0 27.643 -4.940 -54.311
1 155 3 0.7806 -0.369 0 0 26.590 -2.912 -57.352
1 156 0 0.9483 0.6845 0 0 24.331 -0.737 -55.193
1 157 15 0.9290 0.4869 0 0 27.094 0.188 -52.750
1 158 20 0.7741 -0.462 0 0 29.744 0.384 -55.474
1 159 18 0.7935 0.1361 0 0 27.652 2.647 -57.718
1 160 12 0.8903 0.7053 0 0 27.197 5.036 -54.796
1 161 22 0.7096 -0.245 0 0 30.978 5.112 -54.380
1 162 1 0.5419 0.1007 0 0 31.322 5.829 -58.102
1 163 7 0.6129 0.3779 0 0 28.865 8.687 -57.576
1 164 11 0.5096 0.5298 0 0 31.168 10.047 -54.869
1 165 1 0.2387 0.1481 0 0 34.125 9.762 -57.251
1 166 13 0.1290 0.4120 0 0 32.553 11.984 -59.912
1 167 10 0.1548 0.3448 0 0 31.495 14.413 -57.204
1 168 13 0.0322 0.4607 0 0 35.106 14.884 -56.113
0 169 7 0 0 0 0 35.106 14.884 -56.113
0 170 13 0 0 0 0 35.106 14.884 -56.113
