0 1 9 0 0 0 0 0 0 0
1 2 14 0.0 0.5840 0 0 13.852 1.282 32.076
1 3 18 0.0595 0.0356 0 0 13.052 1.901 28.402
1 4 7 0.2440 -0.109 0 0 9.626 1.021 26.954
1 5 20 0.5297 -0.160 0 0 8.967 0.360 23.268
1 6 13 0.6964 -0.713 0 0 5.793 0.077 21.257
1 7 12 0.9047 0.0388 0 0 6.025 -2.870 18.830
1 8 22 0.9523 -0.640 0 0 3.513 -3.655 16.119
1 9 22 0.9880 0.1220 0 0 3.010 -7.105 14.561
1 10 22 0.9702 -0.066 0 0 1.712 -6.825 11.014
1 11 9 0.9285 0.4764 0 0 0.971 -9.158 8.162
1 12 0 0.7797 -0.379 0 0 -1.780 -10.690 6.089
1 13 5 0.6309 -0.910 0 0 -4.672 -12.565 7.553
1 14 9 0.6011 -0.119 0 0 -3.717 -15.952 8.907
1 15 22 0.8154 0.6076 0 0 0.063 -15.661 8.712
1 16 9 0.8511 -0.616 0 0 0.463 -16.282 12.489
1 17 13 0.9345 0.0840 0 0 0.595 -12.842 14.051
1 18 17 0.8214 -0.664 0 0 -1.482 -13.933 17.029
1 19 0 0.7380 -0.289 0 0 0.189 -17.337 17.329
1 20 12 0.875 0.6655 0 0 3.642 -15.655 17.390
1 21 18 0.8690 0.2888 0 0 2.595 -13.050 19.912
1 22 11 0.6369 -0.444 0 0 0.882 -15.532 22.277
1 23 6 0.5833 -0.235 0 0 3.936 -17.831 22.108
1 24 12 0.6904 0.6292 0 0 6.145 -14.935 23.186
1 25 11 0.5119 0.3665 0 0 3.824 -13.785 25.955
1 26 6 0.2797 -0.023 0 0 2.215 -17.008 27.278
1 27 2 0.2321 -0.151 0 0 4.400 -19.869 25.961
1 28 10 0.1547 -0.142 0 0 1.798 -21.975 24.191
1 29 15 0.3273 0.1396 0 0 0.626 -22.427 20.582
1 30 22 0.2738 0.5240 0 0 -2.948 -21.395 19.730
1 31 3 0.1309 -0.825 0 0 -4.805 -23.134 16.829
1 32 7 0.0952 -0.549 0 0 -7.957 -20.999 16.305
1 33 20 0.2857 0.4772 0 0 -7.476 -17.583 17.792
1 34 3 0.1488 -0.635 0 0 -10.320 -15.288 16.843
1 35 16 0.3690 -0.760 0 0 -9.086 -13.361 13.761
1 36 18 0.3035 -0.917 0 0 -10.623 -9.997 14.816
1 37 11 0.3630 -0.355 0 0 -9.014 -9.794 18.227
1 38 7 0.5238 0.1193 0 0 -6.692 -6.826 18.103
1 39 3 0.5178 -0.703 0 0 -5.008 -6.103 21.371
1 40 17 0.5773 -0.399 0 0 -1.770 -5.135 23.000
1 41 20 0.5357 0.2709 0 0 0.222 -7.232 25.402
1 42 1 0.4107 -0.901 0 0 2.883 -6.235 27.914
1 43 13 0.4345 0.1556 0 0 6.150 -8.135 28.248
1 44 6 0.1904 -0.942 0 0 9.338 -7.318 30.197
1 45 22 0.3333 0.9738 0 0 12.345 -8.761 28.425
1 46 22 0.125 -0.982 0 0 16.106 -8.936 28.817
1 47 11 0.25 0.9696 0 0 18.015 -8.729 25.545
1 48 3 0.0535 0.6004 0 0 21.806 -8.541 25.364
1 49 9 0.0059 0.3588 0 0 21.897 -8.024 29.106
1 50 7 0.0297 0.2400 0 0 19.580 -4.990 29.111
1 51 18 0.0476 -0.800 0 0 15.944 -4.962 30.155
1 52 17 0.2083 0.5837 0 0 13.141 -3.353 28.106
1 53 12 0.3214 -0.525 0 0 9.378 -3.191 28.604
1 54 12 0.5714 0.5093 0 0 7.568 -4.114 25.406
1 55 3 0.6071 -0.564 0 0 4.037 -3.031 24.567
1 56 11 0.8452 0.3839 0 0 3.169 -5.310 21.593
1 57 12 0.8630 -0.371 0 0 0.176 -4.638 19.351
1 58 3 0.8869 -0.296 0 0 -1.193 -7.734 17.534
1 59 18 0.8392 0.6166 0 0 -3.126 -6.154 14.622
1 60 0 0.6547 -0.220 0 0 -6.421 -7.395 13.255
1 61 9 0.4523 0.7700 0 0 -8.213 -4.880 10.999
1 62 6 0.2380 -0.636 0 0 -9.923 -5.182 7.619
1 63 7 0.1964 0.1200 0 0 -8.414 -4.504 4.135
1 64 7 0.0833 -0.186 0 0 -9.251 -0.829 4.033
1 65 20 0.0714 -0.287 0 0 -7.754 2.538 4.769
1 66 17 0.1071 0.7427 0 0 -8.036 3.181 8.467
1 67 0 0.0357 -0.986 0 0 -7.313 6.394 10.421
1 68 14 0.1428 0.1467 0 0 -6.949 4.286 13.529
1 69 1 0.4464 0.3675 0 0 -4.387 2.074 11.854
1 70 3 0.3511 -0.681 0 0 -2.481 5.200 10.867
1 71 6 0.2678 -0.780 0 0 -2.428 6.205 14.552
1 72 20 0.5476 0.0240 0 0 -0.988 2.816 15.520
1 73 14 0.6488 0.0890 0 0 1.690 3.317 12.878
1 74 1 0.3928 -0.847 0 0 2.493 6.800 14.103
1 75 18 0.4285 -0.442 0 0 3.029 5.644 17.678
1 76 9 0.7142 -0.102 0 0 4.685 2.350 16.741
1 77 7 0.7023 -0.689 0 0 8.449 2.303 17.187
1 78 9 0.8928 -0.698 0 0 9.143 -1.005 15.445
1 79 15 0.9642 -0.742 0 0 7.309 -3.394 13.184
1 80 12 0.9940 0.4801 0 0 7.388 -7.095 12.674
1 81 12 0.9821 -0.647 0 0 6.578 -7.765 9.042
1 82 22 0.9761 0.4492 0 0 5.159 -11.276 9.077
1 83 15 0.8809 -0.327 0 0 4.394 -13.484 6.078
1 84 0 0.7440 -0.221 0 0 3.722 -17.186 5.895
1 85 11 0.5059 -0.104 0 0 6.022 -19.294 3.776
1 86 2 0.3095 -0.020 0 0 3.096 -21.192 2.267
1 87 2 0.3809 0.5105 0 0 1.135 -18.017 1.241
1 88 18 0.2916 -0.859 0 0 2.588 -16.186 -1.709
1 89 13 0.3452 -0.259 0 0 0.062 -13.378 -1.488
1 90 17 0.6428 0.3493 0 0 1.210 -12.676 2.041
1 91 15 0.625 -0.246 0 0 4.787 -12.298 0.877
1 92 7 0.4226 -0.862 0 0 3.885 -10.059 -2.055
1 93 3 0.5535 -0.431 0 0 1.848 -7.918 0.240
1 94 11 0.8035 0.6680 0 0 4.704 -7.286 2.672
1 95 10 0.5654 -0.898 0 0 5.866 -4.632 0.292
1 96 10 0.5 -0.690 0 0 2.526 -2.856 0.508
1 97 20 0.7678 0.2095 0 0 2.483 -3.003 4.301
1 98 1 0.7619 -0.257 0 0 5.983 -1.532 4.458
1 99 7 0.4761 -0.588 0 0 4.875 1.282 2.084
1 100 6 0.4880 0.2511 0 0 1.925 2.044 4.371
1 101 11 0.6607 0.9767 0 0 4.261 2.487 7.307
1 102 13 0.4166 0.0625 0 0 6.504 4.646 5.200
1 103 1 0.1666 -0.063 0 0 3.541 6.765 4.213
1 104 22 0.2559 0.5144 0 0 2.465 7.395 7.771
1 105 13 0.2976 0.8050 0 0 5.956 7.926 9.100
1 106 3 0.0416 -0.488 0 0 6.893 10.364 6.311
1 107 17 0.1369 -0.929 0 0 9.390 7.859 4.951
1 108 7 0.2023 0.2602 0 0 11.300 7.460 8.193
1 109 3 0.3869 -0.401 0 0 13.739 4.527 8.268
1 110 22 0.6130 0.4960 0 0 11.854 2.898 11.084
1 111 16 0.7916 -0.527 0 0 12.880 -0.354 12.689
1 112 14 0.9226 -0.389 0 0 11.480 -3.416 10.983
1 113 22 0.9464 0.0209 0 0 12.194 -7.119 10.834
1 114 12 0.9404 -0.689 0 0 11.016 -9.497 8.118
1 115 22 0.9583 0.7269 0 0 9.552 -12.686 9.587
1 116 9 0.8571 0.1213 0 0 8.957 -15.850 7.522
1 117 2 0.8333 0.4031 0 0 6.521 -17.805 9.698
1 118 13 0.5595 0.1112 0 0 5.175 -21.354 9.421
1 119 17 0.4583 0.6422 0 0 8.699 -22.556 8.771
1 120 3 0.1785 0.3215 0 0 7.803 -25.949 10.096
1 121 12 0.1011 0.3914 0 0 5.540 -26.544 7.040
1 122 16 0.0119 -0.535 0 0 6.865 -28.279 3.894
1 123 17 0.0238 0.1647 0 0 4.128 -26.683 1.682
1 124 1 0.0773 0.4293 0 0 6.340 -23.754 0.876
1 125 18 0.0654 0.0162 0 0 5.488 -21.372 -2.018
1 126 22 0.2261 0.9141 0 0 7.917 -18.531 -1.084
1 127 3 0.1130 -0.908 0 0 11.621 -19.381 -1.483
1 128 18 0.2619 -0.012 0 0 13.891 -18.497 1.395
1 129 13 0.0892 -0.728 0 0 16.300 -16.775 -0.996
1 130 6 0.1607 -0.250 0 0 13.494 -14.472 -2.188
1 131 0 0.4940 0.3876 0 0 12.833 -13.445 1.376
1 132 6 0.3988 -0.384 0 0 16.511 -12.965 2.177
1 133 3 0.1726 -0.852 0 0 16.919 -10.802 -0.907
1 134 12 0.4404 0.5211 0 0 13.855 -8.750 -0.011
1 135 0 0.5892 0.4895 0 0 15.121 -8.082 3.473
1 136 1 0.3392 -0.969 0 0 18.516 -7.184 2.020
1 137 17 0.1845 -0.216 0 0 16.952 -4.639 -0.315
1 138 20 0.4821 0.5373 0 0 15.038 -3.091 2.586
1 139 9 0.4047 -0.559 0 0 18.106 -3.040 4.848
1 140 11 0.6845 0.6983 0 0 16.448 -5.102 7.579
1 141 16 0.7321 0.1873 0 0 17.005 -8.447 9.320
1 142 15 0.7857 -0.227 0 0 15.192 -11.594 8.271
1 143 11 0.8273 0.2447 0 0 14.156 -14.296 10.704
1 144 7 0.7202 -0.856 0 0 12.537 -17.703 9.982
1 145 18 0.7738 0.9638 0 0 9.994 -18.645 12.661
1 146 17 0.6190 -0.992 0 0 7.500 -21.275 13.636
1 147 0 0.6726 0.6203 0 0 4.934 -20.280 16.170
1 148 13 0.375 -0.727 0 0 4.074 -23.987 16.348
1 149 18 0.2202 -0.218 0 0 7.481 -25.309 17.410
1 150 1 0.4642 0.0627 0 0 8.626 -21.941 18.896
1 151 6 0.4702 -0.000 0 0 11.612 -21.861 16.544
1 152 9 0.6785 -0.987 0 0 12.810 -18.266 16.180
1 153 22 0.8095 -0.131 0 0 10.009 -16.666 18.150
1 154 3 0.7083 -0.905 0 0 12.068 -15.007 20.846
1 155 3 0.7261 -0.826 0 0 14.744 -14.140 18.351
1 156 0 0.9107 0.4023 0 0 12.308 -12.340 16.033
1 157 15 0.9166 0.4765 0 0 11.060 -10.089 18.755
1 158 20 0.7559 -0.563 0 0 14.515 -9.642 20.285
1 159 18 0.7976 0.1253 0 0 15.947 -8.718 16.880
1 160 12 0.8988 0.8105 0 0 13.274 -6.055 16.518
1 161 22 0.75 -0.248 0 0 14.216 -4.635 19.906
1 162 1 0.5416 -0.067 0 0 17.857 -4.541 18.849
1 163 7 0.6666 0.4867 0 0 16.797 -2.564 15.728
1 164 11 0.5952 0.6166 0 0 14.836 -0.130 17.872
1 165 1 0.3571 0.0460 0 0 17.734 0.391 20.237
1 166 13 0.2142 0.3788 0 0 20.032 1.075 17.273
1 167 10 0.3154 0.4330 0 0 17.563 3.553 15.709
1 168 13 0.1190 0.5657 0 0 17.161 5.463 18.924
1 169 7 0.0178 0.7747 0 0 20.927 5.842 19.393
0 170 13 0 0 0 0 20.927 5.842 19.393
