0 1 9 0 0 0 0 0 0 0
1 2 14 0.0 0.2176 0 0 14.743 24.493 -21.089
1 3 18 0.0535 -0.034 0 0 15.493 21.998 -18.416
1 4 7 0.2142 -0.775 0 0 18.973 20.500 -18.106
1 5 20 0.5297 -0.170 0 0 19.739 17.298 -16.214
1 6 13 0.6964 -0.743 0 0 22.825 15.521 -15.096
1 7 12 0.9047 0.0456 0 0 22.613 11.717 -15.507
1 8 22 0.9583 -0.656 0 0 25.223 9.274 -14.202
1 9 22 0.9880 0.1164 0 0 25.770 5.800 -15.648
1 10 22 0.9642 -0.025 0 0 27.100 3.375 -13.006
1 11 9 0.9285 0.4934 0 0 27.781 -0.309 -12.757
1 12 0 0.7797 -0.345 0 0 30.486 -2.901 -12.402
1 13 5 0.6071 -0.917 0 0 33.449 -3.078 -14.706
1 14 9 0.5952 -0.092 0 0 32.485 -4.369 -18.107
1 15 22 0.8095 0.5942 0 0 28.722 -4.331 -17.847
1 16 9 0.8630 -0.654 0 0 28.245 -1.917 -20.820
1 17 13 0.9345 0.0225 0 0 28.201 1.608 -19.318
1 18 17 0.8273 -0.665 0 0 30.268 3.068 -22.181
1 19 0 0.7440 -0.274 0 0 28.610 0.934 -24.836
1 20 12 0.8869 0.6729 0 0 25.120 2.099 -23.728
1 21 18 0.8690 0.2513 0 0 26.176 5.731 -23.527
1 22 11 0.6547 -0.517 0 0 27.952 5.802 -26.901
1 23 6 0.5833 -0.214 0 0 24.951 4.074 -28.549
1 24 12 0.6904 0.6227 0 0 22.713 6.811 -27.189
1 25 11 0.5178 0.3803 0 0 25.013 9.670 -28.153
1 26 6 0.2857 0.0041 0 0 26.750 8.486 -31.335
1 27 2 0.25 -0.167 0 0 24.631 5.576 -32.646
1 28 10 0.1666 -0.129 0 0 27.310 2.890 -32.867
1 29 15 0.3392 0.1407 0 0 28.460 -0.004 -30.703
1 30 22 0.3095 0.5018 0 0 31.921 0.179 -29.152
1 31 3 0.1369 -0.647 0 0 33.531 -3.231 -28.586
1 32 7 0.0892 -0.383 0 0 36.911 -2.084 -27.188
1 33 20 0.2678 0.5106 0 0 36.266 1.226 -25.404
1 34 3 0.1428 -0.603 0 0 39.155 2.034 -23.049
1 35 16 0.3690 -0.743 0 0 37.919 1.057 -19.554
1 36 18 0.2738 -0.924 0 0 39.418 4.144 -17.858
1 37 11 0.3630 -0.349 0 0 37.766 6.810 -19.994
1 38 7 0.5238 0.0999 0 0 35.434 8.702 -17.729
1 39 3 0.5059 -0.731 0 0 33.702 11.482 -19.505
1 40 17 0.5773 -0.554 0 0 30.509 13.446 -19.909
1 41 20 0.5357 0.2707 0 0 28.558 13.546 -23.174
1 42 1 0.4285 -0.458 0 0 25.844 15.974 -24.149
1 43 13 0.4166 0.2259 0 0 22.575 15.155 -25.864
1 44 6 0.1964 -0.844 0 0 19.436 17.250 -26.456
1 45 22 0.3154 0.9816 0 0 16.318 15.017 -26.395
1 46 22 0.1190 -0.983 0 0 12.578 15.273 -26.645
1 47 11 0.2261 0.9779 0 0 10.730 12.969 -24.243
1 48 3 0.0476 0.6301 0 0 6.933 12.927 -23.881
1 49 9 0.0059 0.3883 0 0 6.792 16.099 -25.983
1 50 7 0.0297 0.2109 0 0 9.172 18.115 -23.790
1 51 18 0.0416 -0.797 0 0 12.767 18.891 -24.568
1 52 17 0.2023 0.5674 0 0 15.640 18.425 -22.145
1 53 12 0.3035 -0.555 0 0 19.389 18.845 -22.393
1 54 12 0.5714 0.4905 0 0 21.125 15.828 -20.905
1 55 3 0.6011 -0.591 0 0 24.687 15.820 -19.562
1 56 11 0.8452 0.4145 0 0 25.571 12.153 -19.198
1 57 12 0.8511 -0.372 0 0 28.555 11.057 -17.108
1 58 3 0.8809 -0.319 0 0 29.923 7.616 -18.050
1 59 18 0.8392 0.6044 0 0 31.842 6.592 -14.873
1 60 0 0.6488 -0.207 0 0 35.174 4.755 -14.851
1 61 9 0.4583 0.8294 0 0 36.926 4.744 -11.485
1 62 6 0.2083 -0.619 0 0 38.630 2.101 -9.345
1 63 7 0.1845 0.1556 0 0 37.195 0.073 -6.457
1 64 7 0.0714 -0.161 0 0 38.064 2.514 -3.717
1 65 20 0.0595 -0.267 0 0 36.526 5.336 -1.766
1 66 17 0.1071 0.6807 0 0 36.787 8.471 -3.829
1 67 0 0.0357 -0.986 0 0 35.996 12.059 -2.832
1 68 14 0.1309 0.1878 0 0 35.657 12.850 -6.541
1 69 1 0.4464 0.3588 0 0 33.096 10.133 -7.010
1 70 3 0.3511 -0.680 0 0 31.190 11.573 -4.094
1 71 6 0.2619 -0.765 0 0 31.218 14.895 -5.917
1 72 20 0.5416 0.0146 0 0 29.802 13.238 -9.036
1 73 14 0.6428 0.0837 0 0 27.051 11.784 -6.896
1 74 1 0.3869 -0.754 0 0 26.243 15.167 -5.362
1 75 18 0.4404 -0.303 0 0 25.994 16.760 -8.855
1 76 9 0.7261 -0.069 0 0 24.127 13.912 -10.453
1 77 7 0.7023 -0.686 0 0 20.365 14.125 -10.610
1 78 9 0.8928 -0.690 0 0 19.642 10.559 -11.747
1 79 15 0.9702 -0.758 0 0 21.507 7.305 -11.958
1 80 12 0.9940 0.5811 0 0 21.362 4.423 -14.353
1 81 12 0.9821 -0.643 0 0 22.179 1.309 -12.336
1 82 22 0.9761 0.4464 0 0 23.581 -1.089 -14.930
1 83 15 0.875 -0.310 0 0 24.307 -4.769 -14.496
1 84 0 0.7202 -0.266 0 0 24.981 -7.471 -17.038
1 85 11 0.5119 -0.069 0 0 22.547 -10.305 -17.187
1 86 2 0.2916 -0.058 0 0 25.347 -12.869 -17.428
1 87 2 0.375 0.4935 0 0 27.346 -11.475 -14.441
1 88 18 0.2797 -0.853 0 0 25.806 -12.279 -11.040
1 89 13 0.3452 -0.222 0 0 28.389 -10.269 -9.157
1 90 17 0.6369 0.2093 0 0 27.437 -7.156 -11.102
1 91 15 0.6309 -0.240 0 0 23.813 -7.707 -10.053
1 92 7 0.4226 -0.855 0 0 24.717 -8.283 -6.404
1 93 3 0.5476 -0.394 0 0 26.806 -5.151 -6.391
1 94 11 0.7976 0.6780 0 0 23.943 -2.964 -7.597
1 95 10 0.5595 -0.913 0 0 22.852 -2.899 -3.984
1 96 10 0.5 -0.674 0 0 26.172 -1.457 -2.875
1 97 20 0.7678 0.2546 0 0 26.136 1.194 -5.589
1 98 1 0.75 -0.280 0 0 22.642 2.255 -4.569
1 99 7 0.4702 -0.604 0 0 23.805 2.463 -0.905
1 100 6 0.4880 -0.020 0 0 26.676 4.753 -1.811
1 101 11 0.6607 0.9807 0 0 24.305 7.089 -3.663
1 102 13 0.4107 -0.092 0 0 22.053 7.065 -0.643
1 103 1 0.1607 -0.058 0 0 25.007 7.886 1.601
1 104 22 0.2559 0.5067 0 0 26.225 10.879 -0.455
1 105 13 0.3214 0.8026 0 0 22.838 12.336 -1.342
1 106 3 0.0773 -0.954 0 0 21.429 11.554 2.167
1 107 17 0.1547 0.3857 0 0 18.227 10.322 0.505
1 108 7 0.3273 -0.754 0 0 16.387 7.194 -0.569
1 109 3 0.3809 -0.954 0 0 14.275 9.086 -3.163
1 110 22 0.625 0.2353 0 0 17.061 9.709 -5.712
1 111 16 0.7916 -0.558 0 0 15.992 9.135 -9.322
1 112 14 0.9166 -0.349 0 0 17.269 5.716 -10.456
1 113 22 0.9464 0.0228 0 0 16.545 3.086 -13.106
1 114 12 0.9404 -0.702 0 0 17.690 -0.540 -12.982
1 115 22 0.9523 0.7037 0 0 19.195 -1.656 -16.319
1 116 9 0.8571 0.1431 0 0 19.828 -5.292 -17.229
1 117 2 0.8333 0.3711 0 0 22.246 -5.055 -20.182
1 118 13 0.5654 0.1153 0 0 23.457 -7.657 -22.663
1 119 17 0.4523 0.4561 0 0 19.896 -8.969 -23.283
1 120 3 0.1726 0.3766 0 0 20.976 -10.226 -26.720
1 121 12 0.1011 0.4448 0 0 23.084 -12.962 -25.101
1 122 16 0.0119 -0.298 0 0 21.702 -16.581 -25.284
1 123 17 0.0178 -0.308 0 0 22.465 -17.360 -21.655
1 124 1 0.0833 0.4668 0 0 21.890 -15.513 -18.446
1 125 18 0.0654 -0.042 0 0 22.720 -15.978 -14.829
1 126 22 0.2202 0.9013 0 0 20.360 -13.295 -13.434
1 127 3 0.1130 -0.709 0 0 16.706 -14.156 -13.937
1 128 18 0.2440 -0.057 0 0 14.371 -11.469 -15.112
1 129 13 0.0952 -0.657 0 0 12.009 -11.969 -12.218
1 130 6 0.1488 -0.124 0 0 14.826 -11.438 -9.701
1 131 0 0.4940 0.3995 0 0 15.644 -8.139 -11.370
1 132 6 0.3988 -0.392 0 0 11.995 -7.009 -11.556
1 133 3 0.1785 -0.851 0 0 11.620 -7.912 -7.839
1 134 12 0.4345 0.5193 0 0 14.779 -5.970 -6.969
1 135 0 0.5892 0.4900 0 0 13.523 -2.913 -8.808
1 136 1 0.3333 -0.974 0 0 10.077 -3.290 -7.144
1 137 17 0.1904 -0.075 0 0 11.760 -3.458 -3.729
1 138 20 0.4761 0.5293 0 0 13.605 -0.234 -4.483
1 139 9 0.4047 -0.561 0 0 10.538 1.503 -5.994
1 140 11 0.6785 0.6993 0 0 12.237 2.115 -9.367
1 141 16 0.7321 0.1727 0 0 11.721 1.072 -12.973
1 142 15 0.7857 -0.228 0 0 13.502 -1.844 -14.612
1 143 11 0.8214 0.3109 0 0 14.451 -2.079 -18.238
1 144 7 0.7380 -0.825 0 0 16.333 -4.726 -20.214
1 145 18 0.7738 0.9645 0 0 18.793 -3.458 -22.857
1 146 17 0.6190 -0.993 0 0 21.266 -4.523 -25.426
1 147 0 0.6845 0.6621 0 0 23.905 -1.924 -26.270
1 148 13 0.3928 -0.725 0 0 24.942 -4.297 -29.033
1 149 18 0.2321 -0.218 0 0 21.593 -4.369 -30.895
1 150 1 0.4821 0.0863 0 0 20.387 -0.976 -29.485
1 151 6 0.4642 -0.045 0 0 17.339 -2.643 -28.006
1 152 9 0.6666 -0.987 0 0 15.945 -0.561 -25.109
1 153 22 0.8154 -0.126 0 0 18.784 1.979 -25.098
1 154 3 0.7083 -0.899 0 0 16.721 5.106 -25.715
1 155 3 0.7142 -0.852 0 0 13.995 3.847 -23.418
1 156 0 0.9107 0.3901 0 0 16.433 3.298 -20.568
1 157 15 0.9226 0.4779 0 0 17.730 6.821 -20.674
1 158 20 0.7619 -0.613 0 0 14.272 8.282 -21.399
1 159 18 0.8035 0.1039 0 0 12.862 6.438 -18.397
1 160 12 0.8988 0.8259 0 0 15.528 7.930 -16.206
1 161 22 0.7559 -0.271 0 0 14.649 11.406 -17.415
1 162 1 0.5535 -0.084 0 0 11.027 10.686 -16.546
1 163 7 0.6726 0.4833 0 0 12.133 9.724 -13.038
1 164 11 0.6130 0.5945 0 0 14.092 12.949 -12.652
1 165 1 0.3571 0.0341 0 0 11.203 15.074 -13.871
1 166 13 0.2380 0.3782 0 0 8.818 13.349 -11.435
1 167 10 0.2976 0.3563 0 0 11.183 14.007 -8.562
1 168 13 0.125 0.3230 0 0 11.658 17.689 -9.448
1 169 7 0.0238 0.7415 0 0 7.888 18.208 -9.489
0 170 13 0 0 0 0 7.888 18.208 -9.489
