0 1 9 0 0 0 0 0 0 0
1 2 14 0.0 0.4811 0 0 14.025 1.314 31.761
1 3 18 0.0595 0.0589 0 0 13.138 2.143 28.159
1 4 7 0.2440 -0.167 0 0 9.661 1.366 26.786
1 5 20 0.5297 -0.148 0 0 8.990 0.610 23.098
1 6 13 0.6964 -0.694 0 0 5.805 0.296 21.086
1 7 12 0.9047 0.0412 0 0 6.033 -2.684 18.716
1 8 22 0.9523 -0.636 0 0 3.476 -3.502 16.035
1 9 22 0.9880 0.1495 0 0 2.984 -6.939 14.430
1 10 22 0.9702 -0.052 0 0 1.749 -6.634 10.836
1 11 9 0.9345 0.4794 0 0 1.058 -9.071 8.061
1 12 0 0.7797 -0.360 0 0 -1.649 -10.680 6.000
1 13 5 0.6130 -0.896 0 0 -4.620 -12.535 7.406
1 14 9 0.5952 -0.076 0 0 -3.577 -15.922 8.710
1 15 22 0.8154 0.6075 0 0 0.214 -15.568 8.646
1 16 9 0.8511 -0.620 0 0 0.492 -16.189 12.407
1 17 13 0.9285 0.1194 0 0 0.615 -12.728 14.008
1 18 17 0.8214 -0.608 0 0 -1.496 -13.791 16.967
1 19 0 0.7321 -0.321 0 0 0.201 -17.157 17.338
1 20 12 0.875 0.6764 0 0 3.615 -15.487 17.402
1 21 18 0.8690 0.2930 0 0 2.567 -12.824 19.872
1 22 11 0.6309 -0.454 0 0 0.831 -15.297 22.225
1 23 6 0.5892 -0.232 0 0 3.868 -17.579 22.110
1 24 12 0.6904 0.6231 0 0 6.113 -14.685 23.175
1 25 11 0.5178 0.3828 0 0 3.773 -13.490 25.920
1 26 6 0.2857 -0.026 0 0 2.167 -16.712 27.235
1 27 2 0.25 -0.088 0 0 4.377 -19.575 25.973
1 28 10 0.1547 -0.150 0 0 1.755 -21.690 24.230
1 29 15 0.3273 0.1356 0 0 0.611 -22.170 20.634
1 30 22 0.2797 0.5177 0 0 -2.963 -21.187 19.770
1 31 3 0.1309 -0.837 0 0 -4.641 -23.008 16.867
1 32 7 0.0952 -0.675 0 0 -7.868 -21.098 16.232
1 33 20 0.2976 0.4249 0 0 -7.334 -17.568 17.455
1 34 3 0.1488 -0.611 0 0 -10.264 -15.258 16.740
1 35 16 0.3690 -0.716 0 0 -9.157 -13.236 13.693
1 36 18 0.2261 -0.945 0 0 -10.962 -10.060 14.788
1 37 11 0.3630 -0.390 0 0 -9.187 -9.632 18.096
1 38 7 0.5238 0.1889 0 0 -6.748 -6.753 17.981
1 39 3 0.5059 -0.724 0 0 -5.051 -6.104 21.274
1 40 17 0.5714 -0.376 0 0 -1.823 -5.138 22.953
1 41 20 0.5357 0.2566 0 0 0.360 -6.958 25.410
1 42 1 0.4226 -0.821 0 0 2.998 -5.733 27.779
1 43 13 0.4047 0.1681 0 0 6.157 -7.674 28.456
1 44 6 0.1904 -0.913 0 0 9.432 -6.887 30.247
1 45 22 0.3392 0.9886 0 0 12.360 -8.472 28.418
1 46 22 0.125 -0.984 0 0 16.150 -8.539 28.759
1 47 11 0.2619 0.9693 0 0 18.027 -8.269 25.442
1 48 3 0.0535 0.6018 0 0 21.823 -8.062 25.282
1 49 9 0.0059 0.4073 0 0 21.842 -7.542 29.047
1 50 7 0.0297 0.2372 0 0 19.544 -4.503 29.049
1 51 18 0.0416 -0.437 0 0 15.889 -4.563 30.073
1 52 17 0.2142 0.5538 0 0 13.130 -2.977 28.016
1 53 12 0.3154 -0.497 0 0 9.373 -2.828 28.454
1 54 12 0.5773 0.4851 0 0 7.627 -3.858 25.269
1 55 3 0.6071 -0.566 0 0 4.093 -2.765 24.343
1 56 11 0.8452 0.3968 0 0 3.158 -5.091 21.485
1 57 12 0.8571 -0.376 0 0 0.141 -4.544 19.240
1 58 3 0.8869 -0.310 0 0 -1.141 -7.641 17.416
1 59 18 0.8392 0.6285 0 0 -3.105 -6.127 14.516
1 60 0 0.6488 -0.286 0 0 -6.418 -7.182 13.026
1 61 9 0.4166 0.8218 0 0 -8.750 -5.237 10.756
1 62 6 0.1845 -0.653 0 0 -10.318 -5.083 7.329
1 63 7 0.1964 0.0886 0 0 -8.540 -4.547 4.029
1 64 7 0.0773 -0.228 0 0 -9.406 -0.869 3.961
1 65 20 0.0714 -0.258 0 0 -7.880 2.484 4.653
1 66 17 0.1011 0.6970 0 0 -8.205 3.274 8.340
1 67 0 0.0357 -0.983 0 0 -7.421 6.477 10.254
1 68 14 0.1428 0.1660 0 0 -7.075 4.424 13.422
1 69 1 0.4523 0.3533 0 0 -4.519 2.148 11.762
1 70 3 0.3511 -0.675 0 0 -2.605 5.238 10.671
1 71 6 0.2738 -0.642 0 0 -2.461 6.328 14.333
1 72 20 0.5416 0.0312 0 0 -1.048 2.909 15.333
1 73 14 0.6547 0.0726 0 0 1.654 3.367 12.714
1 74 1 0.3928 -0.851 0 0 2.418 6.912 13.808
1 75 18 0.4285 -0.470 0 0 2.972 5.862 17.459
1 76 9 0.7142 -0.120 0 0 4.642 2.543 16.625
1 77 7 0.7023 -0.706 0 0 8.443 2.472 16.995
1 78 9 0.8928 -0.709 0 0 9.154 -0.824 15.286
1 79 15 0.9642 -0.746 0 0 7.281 -3.253 13.099
1 80 12 0.9940 0.5079 0 0 7.431 -6.973 12.505
1 81 12 0.9821 -0.647 0 0 6.572 -7.630 8.863
1 82 22 0.9761 0.4692 0 0 5.244 -11.177 8.978
1 83 15 0.8809 -0.317 0 0 4.524 -13.478 6.052
1 84 0 0.7261 -0.250 0 0 3.930 -17.243 5.948
1 85 11 0.5119 -0.106 0 0 6.364 -19.316 3.895
1 86 2 0.3035 -0.024 0 0 3.520 -21.300 2.333
1 87 2 0.3809 0.4617 0 0 1.604 -18.181 1.217
1 88 18 0.2916 -0.874 0 0 3.107 -16.318 -1.737
1 89 13 0.3452 -0.267 0 0 0.474 -13.604 -1.651
1 90 17 0.625 0.2134 0 0 1.403 -12.813 1.955
1 91 15 0.6428 -0.262 0 0 5.008 -12.355 0.917
1 92 7 0.4345 -0.879 0 0 4.132 -10.105 -2.050
1 93 3 0.5535 -0.292 0 0 1.928 -8.066 0.241
1 94 11 0.8035 0.6560 0 0 4.846 -7.243 2.584
1 95 10 0.5595 -0.917 0 0 5.870 -4.566 0.147
1 96 10 0.5 -0.706 0 0 2.513 -2.820 0.352
1 97 20 0.7678 0.2764 0 0 2.451 -2.966 4.138
1 98 1 0.7619 -0.272 0 0 5.928 -1.421 4.318
1 99 7 0.4761 -0.616 0 0 4.781 1.325 1.938
1 100 6 0.4880 -0.300 0 0 1.874 2.157 4.228
1 101 11 0.6666 0.9809 0 0 4.121 2.407 7.266
1 102 13 0.4464 0.1743 0 0 6.513 4.646 5.325
1 103 1 0.1666 -0.070 0 0 3.633 6.832 4.076
1 104 22 0.2678 0.5237 0 0 2.363 7.442 7.593
1 105 13 0.3214 0.7958 0 0 5.811 7.883 9.106
1 106 3 0.0476 -0.471 0 0 6.922 10.459 6.505
1 107 17 0.1369 -0.695 0 0 9.350 7.958 4.947
1 108 7 0.2083 0.0711 0 0 11.360 7.554 8.144
1 109 3 0.375 -0.429 0 0 13.943 4.761 8.231
1 110 22 0.6369 0.3243 0 0 11.563 2.821 10.424
1 111 16 0.7857 -0.549 0 0 12.843 -0.097 12.487
1 112 14 0.9226 -0.420 0 0 11.476 -3.253 10.866
1 113 22 0.9464 0.0190 0 0 12.190 -6.972 10.756
1 114 12 0.9404 -0.714 0 0 11.059 -9.360 8.035
1 115 22 0.9583 0.7502 0 0 9.641 -12.529 9.561
1 116 9 0.8630 0.1341 0 0 9.023 -15.733 7.601
1 117 2 0.8333 0.3846 0 0 6.623 -17.724 9.785
1 118 13 0.5654 0.1086 0 0 5.351 -21.284 9.536
1 119 17 0.4583 0.7100 0 0 8.897 -22.548 8.960
1 120 3 0.1726 0.3367 0 0 7.938 -25.940 10.395
1 121 12 0.1071 0.3653 0 0 5.809 -26.613 7.315
1 122 16 0.0119 -0.517 0 0 7.266 -28.496 4.324
1 123 17 0.0238 0.2146 0 0 4.745 -26.767 1.991
1 124 1 0.0833 0.4398 0 0 7.020 -23.827 1.155
1 125 18 0.0654 0.0070 0 0 6.228 -21.571 -1.833
1 126 22 0.2380 0.9136 0 0 8.353 -18.588 -0.896
1 127 3 0.1130 -0.854 0 0 11.984 -19.482 -1.362
1 128 18 0.2559 -0.011 0 0 14.243 -18.537 1.548
1 129 13 0.0892 -0.785 0 0 16.550 -16.772 -0.922
1 130 6 0.1607 -0.238 0 0 13.724 -14.532 -2.142
1 131 0 0.4940 0.4115 0 0 13.090 -13.398 1.384
1 132 6 0.3988 -0.381 0 0 16.754 -12.773 2.217
1 133 3 0.1785 -0.841 0 0 17.017 -10.737 -0.966
1 134 12 0.4404 0.5445 0 0 13.940 -8.702 -0.090
1 135 0 0.5833 0.4890 0 0 15.232 -7.953 3.387
1 136 1 0.3333 -0.960 0 0 18.595 -6.983 1.897
1 137 17 0.2023 -0.279 0 0 16.921 -4.503 -0.468
1 138 20 0.4821 0.5055 0 0 14.978 -3.006 2.456
1 139 9 0.4107 -0.562 0 0 18.048 -2.885 4.673
1 140 11 0.6845 0.6950 0 0 16.435 -4.932 7.441
1 141 16 0.7202 0.2163 0 0 17.054 -8.248 9.216
1 142 15 0.7916 -0.215 0 0 15.239 -11.435 8.182
1 143 11 0.8273 0.1988 0 0 14.228 -14.063 10.745
1 144 7 0.7440 -0.829 0 0 12.569 -17.421 10.122
1 145 18 0.7738 0.9654 0 0 10.078 -18.510 12.766
1 146 17 0.6190 -0.983 0 0 7.550 -21.116 13.751
1 147 0 0.6726 0.6275 0 0 4.923 -20.100 16.271
1 148 13 0.3869 -0.693 0 0 4.049 -23.797 16.404
1 149 18 0.2321 -0.218 0 0 7.470 -25.062 17.585
1 150 1 0.4702 0.0672 0 0 8.561 -21.684 19.019
1 151 6 0.4642 -0.026 0 0 11.603 -21.651 16.704
1 152 9 0.6785 -0.980 0 0 12.853 -18.073 16.321
1 153 22 0.8095 -0.136 0 0 9.988 -16.441 18.211
1 154 3 0.7083 -0.906 0 0 12.088 -14.743 20.876
1 155 3 0.7380 -0.759 0 0 14.727 -13.914 18.252
1 156 0 0.9107 0.4290 0 0 12.215 -12.155 16.002
1 157 15 0.9166 0.4832 0 0 11.049 -9.821 18.739
1 158 20 0.7559 -0.581 0 0 14.530 -9.349 20.256
1 159 18 0.7976 0.1218 0 0 15.953 -8.499 16.867
1 160 12 0.8988 0.8040 0 0 13.282 -5.835 16.389
1 161 22 0.75 -0.281 0 0 14.222 -4.317 19.745
1 162 1 0.5476 -0.076 0 0 17.874 -4.296 18.624
1 163 7 0.6607 0.4859 0 0 16.771 -2.424 15.492
1 164 11 0.6011 0.5883 0 0 14.829 0.100 17.549
1 165 1 0.3571 0.0346 0 0 17.808 0.650 19.851
1 166 13 0.2202 0.3778 0 0 20.114 1.171 16.826
1 167 10 0.3095 0.4045 0 0 17.699 3.704 15.325
1 168 13 0.1190 0.5452 0 0 17.252 5.728 18.524
1 169 7 0.0178 0.7682 0 0 21.003 6.006 19.126
0 170 13 0 0 0 0 21.003 6.006 19.126
