0 1 9 0 0 0 0 0 0 0
1 2 14 0.0 0.3210 0 0 14.495 24.202 -21.390
1 3 18 0.0479 0.0643 0 0 15.373 21.910 -18.510
1 4 7 0.2215 -0.685 0 0 18.862 20.390 -18.174
1 5 20 0.5269 -0.183 0 0 19.487 17.049 -16.404
1 6 13 0.7005 -0.746 0 0 22.690 15.424 -15.223
1 7 12 0.9041 0.1059 0 0 22.578 11.651 -15.670
1 8 22 0.9520 -0.652 0 0 25.136 9.172 -14.378
1 9 22 0.9880 0.1771 0 0 25.680 5.670 -15.763
1 10 22 0.9700 -0.057 0 0 26.923 3.292 -13.110
1 11 9 0.9281 0.4632 0 0 27.601 -0.404 -12.942
1 12 0 0.7904 -0.373 0 0 30.302 -3.039 -12.722
1 13 5 0.6227 -0.890 0 0 33.241 -3.227 -15.065
1 14 9 0.5988 -0.056 0 0 32.237 -4.562 -18.472
1 15 22 0.8143 0.5901 0 0 28.440 -4.491 -18.158
1 16 9 0.8562 -0.630 0 0 28.050 -2.119 -21.125
1 17 13 0.9341 0.1128 0 0 28.001 1.407 -19.707
1 18 17 0.8263 -0.561 0 0 30.126 2.893 -22.490
1 19 0 0.7485 -0.266 0 0 28.378 0.853 -25.156
1 20 12 0.8802 0.6762 0 0 24.932 2.024 -23.994
1 21 18 0.8682 0.2994 0 0 26.038 5.650 -23.790
1 22 11 0.6407 -0.506 0 0 27.808 5.665 -27.185
1 23 6 0.5868 -0.210 0 0 24.773 4.033 -28.818
1 24 12 0.6886 0.6295 0 0 22.548 6.765 -27.416
1 25 11 0.5089 0.3847 0 0 24.886 9.591 -28.428
1 26 6 0.2754 0.0155 0 0 26.652 8.386 -31.627
1 27 2 0.2574 -0.163 0 0 24.394 5.585 -32.835
1 28 10 0.1616 -0.131 0 0 27.036 2.859 -33.140
1 29 15 0.3353 0.1366 0 0 28.143 -0.118 -31.026
1 30 22 0.3173 0.5192 0 0 31.670 0.070 -29.551
1 31 3 0.1317 -0.701 0 0 33.252 -3.350 -29.051
1 32 7 0.1077 -0.390 0 0 36.535 -2.291 -27.444
1 33 20 0.2994 0.4769 0 0 36.036 1.016 -25.655
1 34 3 0.1437 -0.632 0 0 38.941 1.913 -23.385
1 35 16 0.3712 -0.717 0 0 37.809 0.956 -19.868
1 36 18 0.2275 -0.948 0 0 39.613 3.932 -18.309
1 37 11 0.3592 -0.406 0 0 37.790 6.622 -20.244
1 38 7 0.5209 0.1771 0 0 35.357 8.435 -18.012
1 39 3 0.5029 -0.743 0 0 33.666 11.249 -19.871
1 40 17 0.5748 -0.321 0 0 30.466 13.124 -20.307
1 41 20 0.5329 0.2267 0 0 28.338 13.526 -23.364
1 42 1 0.4251 -0.405 0 0 25.580 15.984 -24.261
1 43 13 0.4071 0.2372 0 0 22.377 15.263 -26.120
1 44 6 0.1796 -0.934 0 0 19.216 17.298 -26.606
1 45 22 0.2814 0.9104 0 0 16.149 15.047 -26.590
1 46 22 0.1137 -0.974 0 0 12.337 15.336 -26.779
1 47 11 0.2155 0.9792 0 0 10.583 13.080 -24.269
1 48 3 0.0419 0.6148 0 0 6.798 13.049 -23.855
1 49 9 0.0059 0.3847 0 0 6.610 16.200 -25.943
1 50 7 0.0239 0.1973 0 0 9.061 18.229 -23.846
1 51 18 0.0359 -0.708 0 0 12.652 19.008 -24.787
1 52 17 0.1916 0.5137 0 0 15.476 18.453 -22.325
1 53 12 0.2934 -0.519 0 0 19.247 18.765 -22.471
1 54 12 0.5688 0.4694 0 0 20.971 15.686 -21.091
1 55 3 0.6107 -0.565 0 0 24.477 15.679 -19.666
1 56 11 0.8443 0.3971 0 0 25.472 12.028 -19.348
1 57 12 0.8502 -0.369 0 0 28.487 10.860 -17.387
1 58 3 0.8862 -0.323 0 0 29.783 7.412 -18.331
1 59 18 0.8383 0.6198 0 0 31.704 6.379 -15.222
1 60 0 0.6526 -0.245 0 0 35.014 4.554 -14.987
1 61 9 0.4131 0.8728 0 0 37.405 4.272 -12.065
1 62 6 0.1856 -0.646 0 0 38.925 1.940 -9.520
1 63 7 0.1976 0.0320 0 0 37.196 0.018 -6.751
1 64 7 0.0718 -0.223 0 0 38.014 2.577 -4.087
1 65 20 0.0538 -0.346 0 0 36.532 5.472 -2.179
1 66 17 0.0778 0.7003 0 0 36.984 8.693 -4.062
1 67 0 0.0299 -0.991 0 0 36.022 12.277 -3.206
1 68 14 0.1257 0.2079 0 0 35.725 13.027 -6.925
1 69 1 0.4371 0.3483 0 0 33.258 10.183 -7.359
1 70 3 0.3413 -0.694 0 0 31.285 11.547 -4.419
1 71 6 0.2634 -0.614 0 0 31.152 14.866 -6.277
1 72 20 0.5449 -0.018 0 0 29.817 13.076 -9.384
1 73 14 0.6467 0.0779 0 0 27.088 11.552 -7.209
1 74 1 0.3832 -0.853 0 0 26.308 14.896 -5.572
1 75 18 0.4311 -0.415 0 0 25.894 16.678 -8.905
1 76 9 0.7125 -0.109 0 0 24.085 13.778 -10.565
1 77 7 0.6946 -0.687 0 0 20.298 14.056 -10.739
1 78 9 0.8922 -0.688 0 0 19.538 10.527 -11.945
1 79 15 0.9640 -0.750 0 0 21.403 7.225 -12.158
1 80 12 0.9940 0.5060 0 0 21.220 4.257 -14.504
1 81 12 0.9820 -0.652 0 0 22.052 1.148 -12.493
1 82 22 0.9760 0.4835 0 0 23.383 -1.214 -15.126
1 83 15 0.8742 -0.309 0 0 24.112 -4.909 -14.796
1 84 0 0.7305 -0.259 0 0 24.663 -7.556 -17.427
1 85 11 0.5149 -0.078 0 0 22.199 -10.422 -17.537
1 86 2 0.3053 -0.044 0 0 25.001 -13.008 -17.794
1 87 2 0.3772 0.4814 0 0 26.995 -11.683 -14.801
1 88 18 0.2874 -0.892 0 0 25.422 -12.493 -11.432
1 89 13 0.3473 -0.254 0 0 28.080 -10.551 -9.562
1 90 17 0.6287 0.1950 0 0 27.177 -7.373 -11.463
1 91 15 0.6347 -0.265 0 0 23.561 -7.792 -10.392
1 92 7 0.4431 -0.863 0 0 24.440 -8.467 -6.767
1 93 3 0.5508 -0.352 0 0 26.666 -5.384 -6.723
1 94 11 0.8023 0.6612 0 0 23.800 -3.073 -7.838
1 95 10 0.5568 -0.923 0 0 22.813 -2.995 -4.197
1 96 10 0.4970 -0.694 0 0 26.202 -1.666 -3.125
1 97 20 0.7664 0.2742 0 0 26.280 0.998 -5.815
1 98 1 0.7544 -0.270 0 0 22.802 2.191 -4.791
1 99 7 0.4610 -0.621 0 0 23.938 2.348 -1.152
1 100 6 0.4850 -0.317 0 0 26.859 4.590 -2.174
1 101 11 0.6586 0.9813 0 0 24.522 6.973 -3.964
1 102 13 0.4191 -0.107 0 0 22.222 6.977 -0.925
1 103 1 0.1556 -0.071 0 0 25.167 7.796 1.343
1 104 22 0.2514 0.5434 0 0 26.402 10.713 -0.736
1 105 13 0.3233 0.8044 0 0 23.032 12.240 -1.569
1 106 3 0.0658 -0.938 0 0 21.792 11.548 1.977
1 107 17 0.1377 0.3745 0 0 18.516 10.350 0.515
1 108 7 0.3113 -0.790 0 0 16.613 7.213 -0.529
1 109 3 0.3652 -0.946 0 0 14.334 8.871 -3.150
1 110 22 0.6047 0.2552 0 0 17.016 9.510 -5.803
1 111 16 0.7784 -0.564 0 0 15.883 9.025 -9.409
1 112 14 0.9161 -0.182 0 0 17.196 5.693 -10.665
1 113 22 0.9461 0.0218 0 0 16.437 3.060 -13.270
1 114 12 0.9401 -0.696 0 0 17.538 -0.580 -13.174
1 115 22 0.9580 0.7422 0 0 18.986 -1.695 -16.488
1 116 9 0.8622 0.1488 0 0 19.606 -5.322 -17.445
1 117 2 0.8323 0.3760 0 0 21.973 -5.093 -20.435
1 118 13 0.5628 0.1347 0 0 23.144 -7.722 -22.960
1 119 17 0.4550 0.4740 0 0 19.598 -8.993 -23.494
1 120 3 0.1676 0.3637 0 0 20.611 -10.314 -26.925
1 121 12 0.1017 0.4492 0 0 22.745 -13.056 -25.376
1 122 16 0.0119 -0.349 0 0 21.141 -16.533 -25.534
1 123 17 0.0179 -0.303 0 0 22.092 -17.391 -21.972
1 124 1 0.0838 0.4645 0 0 21.647 -15.557 -18.724
1 125 18 0.0598 -0.013 0 0 22.397 -16.104 -15.074
1 126 22 0.2335 0.8889 0 0 20.130 -13.355 -13.726
1 127 3 0.1197 -0.612 0 0 16.425 -14.132 -14.000
1 128 18 0.2455 -0.070 0 0 14.073 -11.416 -15.241
1 129 13 0.0898 -0.717 0 0 11.737 -11.943 -12.246
1 130 6 0.1497 -0.183 0 0 14.705 -11.466 -9.924
1 131 0 0.4910 0.4014 0 0 15.460 -8.128 -11.530
1 132 6 0.3952 -0.381 0 0 11.798 -7.030 -11.623
1 133 3 0.1736 -0.833 0 0 11.528 -7.944 -7.956
1 134 12 0.4491 0.5404 0 0 14.656 -5.955 -7.085
1 135 0 0.5808 0.4765 0 0 13.396 -2.898 -8.926
1 136 1 0.3293 -0.969 0 0 10.008 -3.297 -7.182
1 137 17 0.2035 -0.082 0 0 11.712 -3.396 -3.780
1 138 20 0.4670 0.5429 0 0 13.628 -0.206 -4.659
1 139 9 0.4011 -0.554 0 0 10.567 1.522 -6.097
1 140 11 0.6766 0.7088 0 0 12.199 2.091 -9.504
1 141 16 0.7185 0.2087 0 0 11.546 1.102 -13.101
1 142 15 0.7844 -0.207 0 0 13.335 -1.863 -14.729
1 143 11 0.8203 0.1797 0 0 14.347 -1.871 -18.421
1 144 7 0.7365 -0.835 0 0 16.008 -4.639 -20.434
1 145 18 0.7724 0.9628 0 0 18.518 -3.456 -23.044
1 146 17 0.6167 -0.993 0 0 20.966 -4.519 -25.679
1 147 0 0.6826 0.6348 0 0 23.607 -1.952 -26.576
1 148 13 0.3892 -0.719 0 0 24.566 -4.354 -29.366
1 149 18 0.2395 -0.228 0 0 21.188 -4.276 -31.163
1 150 1 0.4790 0.0668 0 0 20.113 -0.926 -29.653
1 151 6 0.4730 -0.084 0 0 17.026 -2.607 -28.141
1 152 9 0.6706 -0.986 0 0 15.746 -0.507 -25.259
1 153 22 0.8083 -0.132 0 0 18.624 1.983 -25.306
1 154 3 0.7065 -0.900 0 0 16.555 5.136 -25.832
1 155 3 0.7245 -0.723 0 0 13.892 3.786 -23.470
1 156 0 0.9101 0.4381 0 0 16.375 3.336 -20.629
1 157 15 0.9221 0.4885 0 0 17.643 6.899 -20.771
1 158 20 0.7604 -0.603 0 0 14.188 8.389 -21.518
1 159 18 0.7964 0.1092 0 0 12.716 6.528 -18.552
1 160 12 0.8982 0.8072 0 0 15.411 7.967 -16.323
1 161 22 0.7425 -0.290 0 0 14.474 11.446 -17.472
1 162 1 0.5389 -0.076 0 0 10.815 10.658 -16.668
1 163 7 0.6646 0.4940 0 0 11.975 9.643 -13.178
1 164 11 0.5928 0.5735 0 0 13.905 12.884 -12.675
1 165 1 0.3532 0.0316 0 0 10.891 14.904 -13.813
1 166 13 0.2095 0.3789 0 0 8.583 13.042 -11.405
1 167 10 0.2694 0.3692 0 0 11.015 13.718 -8.558
1 168 13 0.0958 0.3730 0 0 11.061 17.445 -9.296
0 169 7 0 0 0 0 11.061 17.445 -9.296
0 170 13 0 0 0 0 11.061 17.445 -9.296
