0 1 9 0 0 0 0 0 0 0
1 2 14 0.0 0.2112 0 0 7.114 33.608 7.998
1 3 18 0.0696 0.3008 0 0 6.777 29.840 7.552
1 4 7 0.3101 -0.516 0 0 6.390 27.708 10.693
1 5 20 0.5506 -0.137 0 0 7.278 24.012 10.743
1 6 13 0.6708 -0.885 0 0 5.837 21.721 13.414
1 7 12 0.8924 0.1571 0 0 8.425 19.070 14.215
1 8 22 0.9367 -0.694 0 0 8.122 15.936 16.346
1 9 22 0.9873 0.2165 0 0 11.068 14.030 17.805
1 10 22 0.9620 -0.046 0 0 10.330 10.313 18.247
1 11 9 0.8987 0.4306 0 0 12.324 7.356 19.495
1 12 0 0.7151 -0.335 0 0 12.737 5.051 22.448
1 13 5 0.5569 -0.846 0 0 12.782 6.409 25.983
1 14 9 0.5316 -0.037 0 0 16.251 7.677 26.888
1 15 22 0.7721 0.5887 0 0 17.848 8.072 23.452
1 16 9 0.8164 -0.642 0 0 18.275 11.828 24.003
1 17 13 0.9113 0.1246 0 0 15.285 13.419 22.284
1 18 17 0.8037 -0.634 0 0 14.883 16.096 24.962
1 19 0 0.7025 -0.309 0 0 18.644 16.608 25.007
1 20 12 0.8797 0.6943 0 0 18.734 17.162 21.246
1 21 18 0.8670 0.1556 0 0 15.938 19.700 21.479
1 22 11 0.5822 -0.498 0 0 17.575 21.576 24.344
1 23 6 0.5696 -0.244 0 0 20.873 21.634 22.501
1 24 12 0.6772 0.6669 0 0 19.166 22.971 19.349
1 25 11 0.5 0.3356 0 0 17.222 25.750 21.066
1 26 6 0.2658 -0.119 0 0 19.372 26.677 24.078
1 27 2 0.2594 -0.173 0 0 22.845 25.427 23.123
1 28 10 0.1392 -0.600 0 0 23.185 23.564 26.419
1 29 15 0.2151 0.2438 0 0 23.645 19.980 27.631
1 30 22 0.0822 0.7621 0 0 22.402 19.262 31.175
0 31 3 0 0 0 0 22.402 19.262 31.175
0 32 7 0 0 0 0 22.402 19.262 31.175
0 33 20 0 0 0 0 22.402 19.262 31.175
0 34 3 0 0 0 0 22.402 19.262 31.175
0 35 16 0 0 0 0 22.402 19.262 31.175
0 36 18 0 0 0 0 22.402 19.262 31.175
0 37 11 0 0 0 0 22.402 19.262 31.175
0 38 7 0 0 0 0 22.402 19.262 31.175
0 39 3 0 0 0 0 22.402 19.262 31.175
1 40 17 0.2974 -0.323 0 0 11.754 26.308 25.366
1 41 20 0.5126 0.1330 0 0 10.605 24.665 22.115
1 42 1 0.4050 -0.356 0 0 10.686 27.371 19.421
1 43 13 0.3797 0.3100 0 0 13.515 28.761 17.278
1 44 6 0.1645 -0.961 0 0 13.816 31.120 14.328
1 45 22 0.2848 0.9163 0 0 16.321 29.882 11.749
1 46 22 0.1012 -0.980 0 0 17.572 30.708 8.262
1 47 11 0.2468 0.9803 0 0 17.807 27.601 6.079
1 48 3 0.0506 0.5963 0 0 18.856 27.860 2.421
1 49 9 0.0063 0.3045 0 0 18.252 31.599 2.456
1 50 7 0.0253 0.3136 0 0 14.755 31.375 3.978
1 51 18 0.0316 -0.600 0 0 13.860 32.392 7.525
1 52 17 0.1962 0.4755 0 0 11.608 29.861 9.270
1 53 12 0.3291 -0.841 0 0 10.141 29.123 12.694
1 54 12 0.6202 0.4484 0 0 10.781 25.675 14.154
1 55 3 0.6075 -0.647 0 0 8.060 24.613 16.582
1 56 11 0.8354 0.5717 0 0 9.157 21.394 18.226
1 57 12 0.7215 -0.113 0 0 6.107 19.800 19.774
1 58 3 0.5949 -0.811 0 0 6.416 19.298 23.518
1 59 18 0.5886 0.9008 0 0 5.193 15.754 24.044
1 60 0 0.4240 0.1061 0 0 6.549 15.160 27.559
1 61 9 0.1265 0.4331 0 0 4.037 13.602 29.940
1 62 6 0.1708 -0.267 0 0 1.423 13.066 27.234
1 63 7 0.4303 0.6776 0 0 3.416 10.784 24.885
1 64 7 0.1898 -0.687 0 0 2.816 7.757 27.089
1 65 20 0.0759 -0.603 0 0 -0.784 7.664 25.810
1 66 17 0.1075 -0.438 0 0 -1.292 6.179 22.350
1 67 0 0.0379 -0.935 0 0 -4.179 8.554 21.671
1 68 14 0.1582 -0.603 0 0 -1.963 11.553 22.322
1 69 1 0.4556 -0.006 0 0 0.853 10.093 20.230
1 70 3 0.3354 -0.729 0 0 -1.651 9.775 17.377
1 71 6 0.2721 -0.572 0 0 -2.647 13.411 17.845
1 72 20 0.5379 -0.031 0 0 0.970 14.578 17.818
1 73 14 0.6518 0.0400 0 0 1.699 12.507 14.726
1 74 1 0.3860 -0.746 0 0 -1.281 13.993 12.923
1 75 18 0.4430 -0.164 0 0 -0.173 17.503 13.903
1 76 9 0.7278 -0.019 0 0 3.504 17.143 13.091
1 77 7 0.7088 -0.626 0 0 4.763 17.931 9.597
1 78 9 0.8860 -0.705 0 0 8.060 16.090 9.956
1 79 15 0.9746 -0.819 0 0 9.717 13.611 12.286
1 80 12 0.9936 0.7462 0 0 13.167 12.850 13.624
1 81 12 0.9810 -0.588 0 0 13.495 9.117 14.160
1 82 22 0.9683 0.4426 0 0 16.077 8.990 16.946
1 83 15 0.8734 -0.236 0 0 17.984 5.986 18.221
1 84 0 0.6898 -0.284 0 0 21.139 5.908 20.374
1 85 11 0.4936 -0.078 0 0 24.263 4.337 18.900
1 86 2 0.2531 -0.066 0 0 24.895 2.442 22.162
1 87 2 0.3481 0.4400 0 0 21.365 1.026 22.324
1 88 18 0.2215 -0.893 0 0 20.722 -1.719 19.801
1 89 13 0.2784 -0.259 0 0 17.078 -2.131 20.874
1 90 17 0.5632 0.2029 0 0 16.409 1.573 20.244
1 91 15 0.6012 -0.226 0 0 17.626 1.080 16.665
1 92 7 0.3734 -0.843 0 0 15.459 -2.032 16.312
1 93 3 0.5189 -0.051 0 0 12.472 0.028 17.563
1 94 11 0.7658 0.7234 0 0 12.740 2.579 14.706
1 95 10 0.5253 -0.776 0 0 10.730 0.557 12.176
1 96 10 0.4810 -0.431 0 0 7.770 0.347 14.568
1 97 20 0.7405 0.2294 0 0 7.811 4.112 15.168
1 98 1 0.7531 -0.211 0 0 7.947 4.858 11.440
1 99 7 0.4493 -0.595 0 0 5.108 2.408 10.779
1 100 6 0.4620 -0.267 0 0 2.903 4.181 13.327
1 101 11 0.6455 0.9923 0 0 3.567 7.552 11.716
1 102 13 0.4113 0.0093 0 0 2.664 6.186 8.279
1 103 1 0.1518 -0.146 0 0 -0.471 4.514 9.648
1 104 22 0.2341 0.4702 0 0 -1.757 7.550 11.532
1 105 13 0.3164 0.8272 0 0 -1.039 10.090 8.807
1 106 3 0.0632 -0.003 0 0 -2.459 7.701 6.181
1 107 17 0.1329 0.4598 0 0 0.529 8.339 3.908
1 108 7 0.1835 -0.950 0 0 3.537 6.398 2.613
1 109 3 0.3607 -0.535 0 0 5.309 9.739 2.109
1 110 22 0.6265 0.1799 0 0 5.956 11.647 5.342
1 111 16 0.8101 -0.519 0 0 9.063 13.834 5.922
1 112 14 0.9177 -0.318 0 0 11.467 11.996 8.218
1 113 22 0.9556 0.0656 0 0 15.169 11.989 9.135
1 114 12 0.9430 -0.772 0 0 16.985 9.093 10.846
1 115 22 0.9493 0.7463 0 0 19.150 10.268 13.741
1 116 9 0.8607 0.2129 0 0 21.836 8.221 15.491
1 117 2 0.8481 0.3630 0 0 22.476 10.032 18.751
1 118 13 0.5443 0.0695 0 0 25.162 9.780 21.442
1 119 17 0.4177 0.3957 0 0 27.945 9.683 18.840
1 120 3 0.1455 0.3471 0 0 30.411 10.896 21.499
1 121 12 0.0886 0.3827 0 0 30.270 7.593 23.364
1 122 16 0.0126 -0.470 0 0 32.855 4.828 22.824
1 123 17 0.0189 0.1145 0 0 30.439 1.969 23.605
1 124 1 0.0569 0.5099 0 0 28.979 1.921 20.068
1 125 18 0.0443 -0.201 0 0 26.916 -1.164 19.195
1 126 22 0.2278 0.8210 0 0 25.033 0.218 16.161
1 127 3 0.1202 -0.685 0 0 27.412 0.767 13.277
1 128 18 0.3037 -0.103 0 0 27.147 3.636 10.870
1 129 13 0.0949 -0.872 0 0 26.611 1.096 8.035
1 130 6 0.1772 -0.287 0 0 23.554 -0.500 9.643
1 131 0 0.5063 0.4300 0 0 21.905 2.877 10.012
1 132 6 0.3924 -0.316 0 0 22.874 4.042 6.517
1 133 3 0.2025 -0.768 0 0 21.405 0.864 5.029
1 134 12 0.4367 0.5563 0 0 18.149 1.517 6.887
1 135 0 0.6139 0.5029 0 0 17.888 5.151 5.824
1 136 1 0.3417 -0.912 0 0 18.735 4.196 2.199
1 137 17 0.2088 -0.250 0 0 15.885 1.673 2.185
1 138 20 0.4746 0.5561 0 0 13.446 4.277 3.565
1 139 9 0.3987 -0.483 0 0 14.751 6.905 1.168
1 140 11 0.6962 0.6578 0 0 15.452 9.380 3.972
1 141 16 0.7848 0.1981 0 0 18.547 11.171 5.331
1 142 15 0.8227 -0.264 0 0 20.716 9.751 8.138
1 143 11 0.8544 0.1920 0 0 22.521 12.133 10.485
1 144 7 0.7468 -0.811 0 0 24.789 11.081 13.381
1 145 18 0.7974 0.9775 0 0 24.479 13.433 16.353
1 146 17 0.6329 -0.989 0 0 25.583 14.136 19.879
1 147 0 0.6582 0.5322 0 0 23.452 16.325 22.100
1 148 13 0.3544 -0.743 0 0 26.517 16.538 24.329
1 149 18 0.2405 -0.184 0 0 29.088 17.884 21.822
1 150 1 0.4683 0.0529 0 0 26.480 19.402 19.460
1 151 6 0.4873 -0.241 0 0 27.789 17.222 16.631
1 152 9 0.6835 -0.969 0 0 25.147 17.101 13.916
1 153 22 0.8417 -0.143 0 0 22.372 18.759 15.919
1 154 3 0.7341 -0.911 0 0 21.631 21.719 13.621
1 155 3 0.7594 -0.468 0 0 22.149 19.442 10.600
1 156 0 0.9303 0.4270 0 0 19.506 16.970 11.805
1 157 15 0.9240 0.4362 0 0 16.791 19.573 12.361
1 158 20 0.7911 -0.524 0 0 17.677 21.688 9.316
1 159 18 0.8291 0.1151 0 0 17.739 18.602 7.088
1 160 12 0.9050 0.7916 0 0 14.270 17.711 8.347
1 161 22 0.7784 -0.323 0 0 13.024 21.175 7.411
1 162 1 0.5759 -0.140 0 0 14.506 20.600 3.960
1 163 7 0.6645 0.4862 0 0 12.578 17.304 3.688
1 164 11 0.6392 0.5600 0 0 9.343 18.987 4.758
1 165 1 0.3670 0.0284 0 0 9.831 21.709 2.130
1 166 13 0.2911 0.6265 0 0 10.454 19.121 -0.596
1 167 10 0.3227 0.3219 0 0 7.252 17.286 0.380
1 168 13 0.1139 0.9351 0 0 5.145 20.476 0.288
0 169 7 0 0 0 0 5.145 20.476 0.288
0 170 13 0 0 0 0 5.145 20.476 0.288
