0 1 9 0 0 0 0 0 0 0
0 2 14 0 0 0 0 0 0 0
1 3 18 0.0389 -0.065 0 0 13.097 36.375 53.300
1 4 7 0.1883 -0.521 0 0 9.381 36.204 52.425
1 5 20 0.5324 -0.108 0 0 7.705 36.902 49.067
1 6 13 0.6428 -0.862 0 0 4.044 37.827 48.718
1 7 12 0.8896 0.1919 0 0 2.768 36.643 45.322
1 8 22 0.9285 -0.659 0 0 -0.676 37.153 43.868
1 9 22 0.9805 0.1852 0 0 -2.160 35.101 41.039
1 10 22 0.9415 -0.026 0 0 -4.730 36.986 38.952
1 11 9 0.8961 0.4032 0 0 -6.735 36.319 35.811
1 12 0 0.6883 -0.309 0 0 -10.161 35.483 34.476
1 13 5 0.5129 -0.936 0 0 -12.300 32.626 35.723
1 14 9 0.5 -0.160 0 0 -11.089 29.198 34.664
1 15 22 0.7337 0.5599 0 0 -7.649 30.127 33.282
1 16 9 0.8116 -0.696 0 0 -5.890 27.834 35.749
1 17 13 0.9025 -0.012 0 0 -4.934 30.107 38.653
1 18 17 0.7272 -0.684 0 0 -5.748 27.402 41.206
1 19 0 0.6753 -0.283 0 0 -4.295 24.570 39.170
1 20 12 0.8766 0.6961 0 0 -1.011 26.458 38.773
1 21 18 0.8506 0.1230 0 0 -0.876 27.293 42.482
1 22 11 0.5779 -0.509 0 0 -1.592 23.722 43.591
1 23 6 0.5584 -0.184 0 0 0.934 22.346 41.090
1 24 12 0.6623 0.6549 0 0 3.616 24.617 42.574
1 25 11 0.4805 0.3102 0 0 2.784 23.874 46.226
1 26 6 0.2077 -0.034 0 0 1.596 20.258 46.151
1 27 2 0.2402 -0.132 0 0 3.115 19.045 42.866
1 28 10 0.1298 -0.313 0 0 0.011 17.498 41.365
1 29 15 0.2337 0.1538 0 0 -2.732 18.490 38.950
1 30 22 0.1168 0.4432 0 0 -6.357 18.755 40.060
0 31 3 0 0 0 0 -6.357 18.755 40.060
0 32 7 0 0 0 0 -6.357 18.755 40.060
0 33 20 0 0 0 0 -6.357 18.755 40.060
0 34 3 0 0 0 0 -6.357 18.755 40.060
0 35 16 0 0 0 0 -6.357 18.755 40.060
0 36 18 0 0 0 0 -6.357 18.755 40.060
0 37 11 0 0 0 0 -6.357 18.755 40.060
0 38 7 0 0 0 0 -6.357 18.755 40.060
0 39 3 0 0 0 0 -6.357 18.755 40.060
1 40 17 0.4415 0.0279 0 0 -3.543 31.683 50.804
1 41 20 0.4545 0.2568 0 0 -0.710 29.158 50.541
1 42 1 0.3701 -0.494 0 0 2.856 28.958 51.773
1 43 13 0.3441 0.2394 0 0 5.801 27.044 50.352
1 44 6 0.1103 -0.550 0 0 9.484 27.085 51.291
1 45 22 0.2207 0.9979 0 0 11.580 27.038 48.118
1 46 22 0.0844 -0.956 0 0 15.155 27.607 46.991
1 47 11 0.2857 0.9791 0 0 15.576 30.196 44.257
1 48 3 0.0714 0.6702 0 0 18.868 31.622 42.959
1 49 9 0.0064 0.4210 0 0 20.595 29.793 45.837
1 50 7 0.0194 0.2898 0 0 18.462 31.600 48.413
1 51 18 0.0259 -0.668 0 0 15.920 29.933 50.675
1 52 17 0.1688 0.6051 0 0 12.639 31.795 50.261
1 53 12 0.2597 -0.455 0 0 9.197 31.547 51.847
1 54 12 0.5454 0.5109 0 0 6.541 32.085 49.178
1 55 3 0.5714 -0.490 0 0 3.132 33.353 50.285
1 56 11 0.8051 0.4492 0 0 0.814 32.817 47.324
1 57 12 0.7922 -0.412 0 0 -2.635 34.343 47.096
1 58 3 0.8441 -0.303 0 0 -4.847 32.538 44.630
1 59 18 0.7662 0.5747 0 0 -7.505 35.117 43.802
1 60 0 0.6363 0.2974 0 0 -9.860 32.481 42.371
1 61 9 0.3636 0.3635 0 0 -13.267 33.118 43.879
1 62 6 0.3896 0.2395 0 0 -11.925 36.206 45.638
1 63 7 0.1428 -0.819 0 0 -14.483 38.937 45.102
1 64 7 0.2532 0.1716 0 0 -13.393 41.864 42.915
1 65 20 0.0324 -0.375 0 0 -15.278 44.233 45.242
0 66 17 0 0 0 0 -15.278 44.233 45.242
0 67 0 0 0 0 0 -15.278 44.233 45.242
0 68 14 0 0 0 0 -15.278 44.233 45.242
1 69 1 0.3116 0.9553 0 0 -8.895 43.212 47.358
1 70 3 0.1558 -0.751 0 0 -7.164 46.527 48.013
1 71 6 0.1363 -0.512 0 0 -5.059 45.132 50.850
1 72 20 0.4610 -0.142 0 0 -4.006 42.043 48.905
1 73 14 0.5519 -0.004 0 0 -2.892 44.202 45.967
1 74 1 0.3246 -0.761 0 0 -1.130 46.828 48.059
1 75 18 0.3766 -0.260 0 0 0.497 44.028 50.075
1 76 9 0.6493 -0.211 0 0 1.267 41.855 47.071
1 77 7 0.6558 -0.569 0 0 4.857 42.206 45.935
1 78 9 0.8831 -0.720 0 0 4.467 40.522 42.571
1 79 15 0.9675 -0.864 0 0 1.629 39.396 40.290
1 80 12 0.9935 0.7793 0 0 1.143 36.515 37.885
1 81 12 0.9870 -0.582 0 0 -1.133 37.748 35.092
1 82 22 0.9740 0.4153 0 0 -2.653 34.476 33.887
1 83 15 0.8701 -0.190 0 0 -4.633 33.893 30.706
1 84 0 0.6948 -0.347 0 0 -5.380 30.623 28.883
1 85 11 0.4870 -0.005 0 0 -4.065 30.190 25.374
1 86 2 0.2467 -0.061 0 0 -7.467 28.843 24.237
1 87 2 0.3181 0.4453 0 0 -9.428 31.761 25.705
1 88 18 0.1948 -0.849 0 0 -9.175 35.021 23.774
1 89 13 0.2662 -0.074 0 0 -11.354 36.888 26.276
1 90 17 0.5649 0.3421 0 0 -8.997 35.920 29.121
1 91 15 0.5909 -0.210 0 0 -6.117 37.445 27.155
1 92 7 0.3831 -0.862 0 0 -8.143 40.602 26.536
1 93 3 0.5259 -0.120 0 0 -8.849 40.761 30.279
1 94 11 0.7467 0.7099 0 0 -5.116 41.001 31.089
1 95 10 0.5064 -0.957 0 0 -5.273 44.767 30.373
1 96 10 0.4740 -0.108 0 0 -7.851 45.156 33.158
1 97 20 0.7207 0.3549 0 0 -5.713 43.388 35.723
1 98 1 0.7077 -0.017 0 0 -2.515 45.208 34.751
1 99 7 0.4025 -0.580 0 0 -4.189 48.614 34.989
1 100 6 0.4220 0.2941 0 0 -5.981 47.825 38.242
1 101 11 0.5974 0.9959 0 0 -2.784 46.753 39.978
1 102 13 0.3961 0.0252 0 0 -0.748 49.752 38.855
1 103 1 0.1233 -0.287 0 0 -3.515 52.082 39.982
1 104 22 0.1753 0.3900 0 0 -4.074 50.499 43.396
1 105 13 0.2922 0.8041 0 0 -0.380 50.053 44.251
1 106 3 0.0519 -0.949 0 0 0.232 53.517 42.762
1 107 17 0.1038 0.5059 0 0 3.397 52.484 40.926
1 108 7 0.1623 -0.952 0 0 4.583 52.144 37.326
1 109 3 0.3376 -0.983 0 0 7.173 49.528 38.333
1 110 22 0.6038 0.2162 0 0 5.253 46.604 39.793
1 111 16 0.7987 -0.585 0 0 6.801 43.148 39.442
1 112 14 0.9155 -0.341 0 0 4.659 41.041 37.095
1 113 22 0.9610 0.1003 0 0 4.915 38.008 34.820
1 114 12 0.9480 -0.785 0 0 2.520 37.235 31.950
1 115 22 0.9545 0.7418 0 0 1.528 33.558 31.979
1 116 9 0.8636 0.2588 0 0 -0.123 31.777 29.059
1 117 2 0.8311 0.3226 0 0 -1.576 28.610 30.556
1 118 13 0.5389 0.0578 0 0 -3.039 25.404 29.079
1 119 17 0.4155 0.5191 0 0 -0.180 25.002 26.608
1 120 3 0.1493 0.3283 0 0 -0.866 21.239 26.500
1 121 12 0.0649 0.4262 0 0 -4.034 21.741 24.515
1 122 16 0.0 -0.345 0 0 -3.838 20.905 20.797
1 123 17 0.0129 -0.442 0 0 -5.310 24.221 19.679
1 124 1 0.0584 0.5305 0 0 -4.804 27.838 20.646
1 125 18 0.0454 -0.247 0 0 -6.481 31.117 19.716
1 126 22 0.2272 0.8289 0 0 -3.870 33.389 21.358
1 127 3 0.0974 -0.768 0 0 -0.565 32.958 19.554
1 128 18 0.2987 -0.036 0 0 2.836 33.069 21.187
1 129 13 0.0909 -0.841 0 0 3.775 36.224 19.261
1 130 6 0.1818 -0.288 0 0 0.694 38.088 20.537
1 131 0 0.5194 0.3761 0 0 1.595 37.287 24.125
1 132 6 0.4090 -0.347 0 0 5.308 38.031 23.681
1 133 3 0.2142 -0.821 0 0 4.462 41.410 22.195
1 134 12 0.4350 0.4635 0 0 2.096 42.301 25.054
1 135 0 0.6233 0.4671 0 0 4.722 41.289 27.614
1 136 1 0.3506 -0.717 0 0 7.287 43.417 25.765
1 137 17 0.2792 -0.099 0 0 4.923 46.412 25.926
1 138 20 0.4935 0.4911 0 0 4.595 45.916 29.662
1 139 9 0.4285 -0.507 0 0 8.322 45.280 30.137
1 140 11 0.7012 0.6715 0 0 7.721 41.912 31.810
1 141 16 0.7792 0.1748 0 0 8.535 38.259 31.143
1 142 15 0.8246 -0.243 0 0 6.184 35.943 29.308
1 143 11 0.8571 0.3382 0 0 6.064 32.257 30.250
1 144 7 0.7402 -0.822 0 0 3.924 29.535 28.670
1 145 18 0.7857 0.9742 0 0 2.673 26.952 31.138
1 146 17 0.6103 -0.985 0 0 0.637 23.831 31.569
1 147 0 0.6298 0.5618 0 0 -0.649 23.142 35.028
1 148 13 0.3311 -0.742 0 0 -1.657 19.744 33.667
1 149 18 0.2012 -0.247 0 0 1.840 18.612 32.612
1 150 1 0.4480 0.0477 0 0 3.700 21.016 34.940
1 151 6 0.4675 -0.202 0 0 5.532 22.558 31.958
1 152 9 0.6818 -0.986 0 0 6.769 26.030 32.851
1 153 22 0.8181 -0.176 0 0 5.063 26.152 36.247
1 154 3 0.7142 -0.912 0 0 8.166 26.514 38.410
1 155 3 0.7532 -0.408 0 0 9.633 28.829 35.786
1 156 0 0.9350 0.3908 0 0 6.630 31.154 36.078
1 157 15 0.9220 0.3978 0 0 6.704 31.509 39.874
1 158 20 0.7727 -0.574 0 0 10.506 31.571 40.160
1 159 18 0.8376 0.1607 0 0 10.682 34.219 37.425
1 160 12 0.9090 0.7643 0 0 8.217 36.358 39.379
1 161 22 0.7597 -0.336 0 0 10.358 36.015 42.536
1 162 1 0.5844 -0.048 0 0 13.324 37.158 40.433
1 163 7 0.6688 0.5444 0 0 11.377 40.196 39.227
1 164 11 0.6168 0.5357 0 0 10.532 41.099 42.814
1 165 1 0.3571 0.0476 0 0 14.223 40.845 43.777
1 166 13 0.2727 0.3833 0 0 15.221 43.153 40.911
1 167 10 0.3051 0.2816 0 0 12.651 45.660 42.161
1 168 13 0.0779 0.9287 0 0 13.922 45.444 45.739
0 169 7 0 0 0 0 13.922 45.444 45.739
0 170 13 0 0 0 0 13.922 45.444 45.739
