0 1 9 0 0 0 0 0 0 0
1 2 14 0.0 0.4654 0 0 33.169 -0.447 -6.781
1 3 18 0.0683 0.3322 0 0 30.206 1.358 -8.288
1 4 7 0.2857 -0.079 0 0 30.725 4.074 -10.891
1 5 20 0.5465 -0.122 0 0 28.044 6.571 -11.965
1 6 13 0.6708 -0.629 0 0 28.359 8.421 -15.267
1 7 12 0.9006 0.1589 0 0 26.620 11.773 -14.818
1 8 22 0.9440 -0.692 0 0 25.914 14.452 -17.378
1 9 22 0.9875 0.3261 0 0 25.126 18.056 -16.472
1 10 22 0.9627 -0.064 0 0 23.182 19.753 -19.273
1 11 9 0.9068 0.4476 0 0 21.819 23.228 -19.737
1 12 0 0.7204 -0.406 0 0 22.350 26.538 -21.486
1 13 5 0.5776 -0.850 0 0 25.708 28.259 -21.584
1 14 9 0.5341 -0.020 0 0 26.388 30.275 -18.440
1 15 22 0.7763 0.5740 0 0 23.828 28.722 -16.055
1 16 9 0.8260 -0.650 0 0 26.634 27.425 -13.839
1 17 13 0.9316 0.0862 0 0 27.140 23.768 -14.802
1 18 17 0.8074 -0.655 0 0 30.915 23.962 -14.381
1 19 0 0.7018 -0.292 0 0 30.569 26.062 -11.237
1 20 12 0.8757 0.6420 0 0 28.236 23.484 -9.665
1 21 18 0.8695 0.3593 0 0 30.533 20.609 -10.566
1 22 11 0.6211 -0.462 0 0 33.624 22.462 -9.284
1 23 6 0.5838 -0.271 0 0 31.879 23.166 -6.019
1 24 12 0.6894 0.6717 0 0 30.924 19.475 -5.695
1 25 11 0.4906 0.4166 0 0 34.317 18.042 -6.674
1 26 6 0.3105 0.0923 0 0 36.805 20.750 -5.681
1 27 2 0.2670 -0.261 0 0 34.861 22.599 -2.959
1 28 10 0.1677 -0.193 0 0 35.305 26.148 -4.160
1 29 15 0.2236 0.2859 0 0 33.760 28.921 -6.211
1 30 22 0.0745 0.3894 0 0 35.407 31.855 -7.997
1 31 3 0.0372 0.0969 0 0 33.577 34.693 -9.794
0 32 7 0 0 0 0 33.577 34.693 -9.794
0 33 20 0 0 0 0 33.577 34.693 -9.794
0 34 3 0 0 0 0 33.577 34.693 -9.794
0 35 16 0 0 0 0 33.577 34.693 -9.794
0 36 18 0 0 0 0 33.577 34.693 -9.794
0 37 11 0 0 0 0 33.577 34.693 -9.794
1 38 7 0.3726 -0.238 0 0 37.303 22.202 -17.847
1 39 3 0.6086 -0.049 0 0 34.029 20.365 -18.511
1 40 17 0.5527 -0.587 0 0 35.017 16.880 -17.196
1 41 20 0.5403 0.3534 0 0 35.496 15.708 -13.610
1 42 1 0.4161 -0.505 0 0 36.133 12.422 -11.848
1 43 13 0.3540 0.0327 0 0 36.096 11.746 -8.085
1 44 6 0.1552 -0.802 0 0 35.239 9.050 -5.535
1 45 22 0.2360 0.9760 0 0 32.738 10.065 -2.890
1 46 22 0.1242 -0.980 0 0 30.579 8.277 -0.347
1 47 11 0.2795 0.9629 0 0 26.820 8.560 -0.781
1 48 3 0.0807 0.6253 0 0 24.612 6.962 1.852
1 49 9 0.0062 0.3323 0 0 27.562 4.795 2.892
1 50 7 0.0248 0.5054 0 0 28.164 3.519 -0.654
1 51 18 0.0310 -0.699 0 0 31.515 4.395 -2.187
1 52 17 0.2298 0.5184 0 0 30.736 5.842 -5.590
1 53 12 0.3229 -0.411 0 0 33.061 6.984 -8.374
1 54 12 0.6024 0.4781 0 0 31.379 9.952 -10.147
1 55 3 0.6149 -0.645 0 0 32.390 10.552 -13.759
1 56 11 0.8447 0.5046 0 0 30.849 13.870 -14.756
1 57 12 0.8509 -0.507 0 0 30.494 15.800 -18.054
1 58 3 0.8881 0.0298 0 0 29.178 19.394 -18.278
1 59 18 0.8385 0.0409 0 0 27.595 20.236 -21.663
1 60 0 0.7453 -0.405 0 0 25.327 22.805 -23.343
1 61 9 0.5279 0.8772 0 0 25.295 20.721 -26.526
1 62 6 0.3167 0.6882 0 0 27.283 23.142 -28.682
1 63 7 0.2981 0.9127 0 0 30.850 22.300 -27.606
1 64 7 0.0496 0.0331 0 0 33.661 21.200 -29.940
1 65 20 0.0993 -0.303 0 0 33.779 17.516 -28.977
1 66 17 0.1304 -0.628 0 0 30.375 16.340 -30.217
1 67 0 0.0434 -0.901 0 0 31.485 12.715 -30.568
1 68 14 0.1925 0.3876 0 0 32.383 12.576 -26.864
1 69 1 0.4472 -0.350 0 0 29.104 14.346 -26.045
1 70 3 0.3291 -0.725 0 0 27.071 11.767 -27.959
1 71 6 0.2546 -0.734 0 0 28.938 8.990 -26.187
1 72 20 0.5093 0.1693 0 0 28.264 10.501 -22.782
1 73 14 0.6335 0.2514 0 0 24.628 11.067 -23.617
1 74 1 0.3788 -0.745 0 0 24.273 7.401 -24.614
1 75 18 0.4099 -0.584 0 0 26.050 5.999 -21.570
1 76 9 0.6956 -0.193 0 0 25.068 8.691 -19.091
1 77 7 0.6770 -0.609 0 0 23.099 7.048 -16.326
1 78 9 0.8819 -0.696 0 0 21.673 10.261 -14.953
1 79 15 0.9751 -0.798 0 0 21.283 13.878 -16.010
1 80 12 0.9937 0.6734 0 0 21.105 17.215 -14.186
1 81 12 0.9813 -0.634 0 0 18.910 19.596 -16.182
1 82 22 0.9689 0.4971 0 0 20.229 22.982 -15.134
1 83 15 0.8633 -0.281 0 0 18.766 26.429 -15.622
1 84 0 0.6832 -0.263 0 0 19.540 29.714 -13.790
1 85 11 0.4658 -0.148 0 0 16.781 31.515 -11.900
1 86 2 0.2422 -0.003 0 0 17.805 34.805 -13.566
1 87 2 0.3602 0.4970 0 0 17.780 33.356 -17.106
1 88 18 0.2049 -0.873 0 0 14.332 32.776 -18.564
1 89 13 0.2919 -0.224 0 0 15.685 31.420 -21.835
1 90 17 0.5652 0.2437 0 0 17.684 28.795 -19.992
1 91 15 0.5714 -0.252 0 0 14.474 27.610 -18.286
1 92 7 0.3850 -0.844 0 0 12.679 27.543 -21.642
1 93 3 0.5031 -0.012 0 0 15.558 25.433 -23.031
1 94 11 0.7515 0.6761 0 0 14.993 22.649 -20.484
1 95 10 0.4968 -0.850 0 0 12.337 20.828 -22.543
1 96 10 0.4720 -0.099 0 0 14.740 20.620 -25.494
1 97 20 0.7577 0.3423 0 0 17.441 19.070 -23.351
1 98 1 0.7329 -0.053 0 0 15.083 16.518 -21.786
1 99 7 0.4347 -0.615 0 0 13.666 15.562 -25.177
1 100 6 0.4596 0.1642 0 0 17.157 15.132 -26.604
1 101 11 0.6397 0.9891 0 0 18.193 12.856 -23.739
1 102 13 0.4223 -0.057 0 0 15.062 10.727 -24.069
1 103 1 0.1801 -0.226 0 0 15.729 10.344 -27.795
1 104 22 0.2608 0.7256 0 0 19.375 9.323 -27.530
1 105 13 0.3416 0.7767 0 0 18.729 6.961 -24.602
1 106 3 0.0869 -0.941 0 0 15.680 5.656 -26.484
1 107 17 0.1366 0.4971 0 0 13.861 5.513 -23.165
1 108 7 0.1490 -0.735 0 0 11.035 7.142 -21.246
1 109 3 0.3354 -0.550 0 0 12.611 6.188 -17.920
1 110 22 0.5962 0.2338 0 0 15.857 8.131 -17.578
1 111 16 0.7888 -0.506 0 0 17.065 9.407 -14.184
1 112 14 0.9130 -0.292 0 0 16.985 13.212 -14.135
1 113 22 0.9503 0.1023 0 0 16.897 16.067 -11.666
1 114 12 0.9378 -0.741 0 0 15.815 19.631 -12.460
1 115 22 0.9565 0.7664 0 0 18.232 22.181 -10.984
1 116 9 0.8571 0.1835 0 0 17.529 25.910 -10.581
1 117 2 0.8322 0.3961 0 0 20.916 27.484 -10.000
1 118 13 0.5155 0.0770 0 0 22.078 30.955 -8.927
1 119 17 0.4285 0.6314 0 0 19.515 30.923 -6.110
1 120 3 0.1739 0.3351 0 0 21.684 33.364 -4.183
1 121 12 0.1055 0.3737 0 0 21.003 36.125 -6.722
1 122 16 0.0124 -0.441 0 0 18.241 38.688 -6.124
1 123 17 0.0186 -0.128 0 0 17.403 38.892 -9.808
1 124 1 0.0621 0.4323 0 0 14.760 36.252 -10.443
1 125 18 0.0559 -0.121 0 0 12.805 35.809 -13.654
1 126 22 0.1987 0.8800 0 0 11.850 32.122 -13.156
1 127 3 0.1180 -0.885 0 0 9.410 31.457 -10.285
1 128 18 0.2484 0.0080 0 0 10.048 28.518 -7.998
1 129 13 0.0931 -0.860 0 0 6.427 27.462 -8.678
1 130 6 0.1428 -0.259 0 0 7.114 27.353 -12.439
1 131 0 0.4844 0.4228 0 0 10.029 25.040 -11.875
1 132 6 0.3913 -0.535 0 0 8.227 22.884 -9.341
1 133 3 0.1614 -0.795 0 0 5.307 22.562 -11.743
1 134 12 0.4037 0.5065 0 0 7.610 21.516 -14.607
1 135 0 0.5590 0.4997 0 0 9.461 18.958 -12.494
1 136 1 0.3043 -0.728 0 0 6.130 17.535 -11.339
1 137 17 0.1863 -0.274 0 0 5.064 17.115 -14.964
1 138 20 0.4409 0.5070 0 0 8.303 15.283 -15.768
1 139 9 0.3975 -0.542 0 0 8.090 13.179 -12.616
1 140 11 0.6583 0.6655 0 0 11.538 14.258 -11.363
1 141 16 0.7267 0.2138 0 0 12.891 16.127 -8.373
1 142 15 0.7950 -0.210 0 0 13.503 19.882 -8.397
1 143 11 0.8198 0.3482 0 0 16.405 21.254 -6.372
1 144 7 0.7080 -0.876 0 0 17.306 24.918 -5.906
1 145 18 0.7826 0.9795 0 0 21.066 25.471 -5.884
1 146 17 0.6273 -0.993 0 0 23.814 28.039 -5.578
1 147 0 0.6521 0.5486 0 0 27.327 27.134 -6.661
1 148 13 0.3664 -0.754 0 0 28.420 30.275 -4.807
1 149 18 0.2173 -0.224 0 0 26.964 29.465 -1.369
1 150 1 0.4534 0.0412 0 0 26.903 25.676 -1.824
1 151 6 0.4782 -0.121 0 0 23.121 25.678 -1.305
1 152 9 0.6645 -0.971 0 0 21.713 22.404 -2.605
1 153 22 0.8136 -0.134 0 0 24.861 21.305 -4.436
1 154 3 0.7142 -0.906 0 0 25.428 17.966 -2.698
1 155 3 0.7391 -0.499 0 0 21.645 17.433 -2.620
1 156 0 0.9192 0.4127 0 0 21.372 17.869 -6.404
1 157 15 0.9254 0.4837 0 0 24.089 15.388 -7.350
1 158 20 0.7701 -0.525 0 0 23.326 12.889 -4.560
1 159 18 0.8012 0.1131 0 0 19.598 12.979 -5.344
1 160 12 0.8944 0.8232 0 0 20.515 12.131 -8.951
1 161 22 0.7639 -0.259 0 0 22.656 9.207 -7.764
1 162 1 0.5217 -0.048 0 0 19.659 8.051 -5.729
1 163 7 0.6459 0.4951 0 0 17.463 8.318 -8.840
1 164 11 0.5900 0.5969 0 0 19.966 6.109 -10.685
1 165 1 0.3478 0.0892 0 0 19.789 3.454 -7.993
1 166 13 0.2111 0.3400 0 0 15.978 3.563 -8.144
1 167 10 0.2732 0.3340 0 0 16.194 2.904 -11.868
1 168 13 0.1118 0.4341 0 0 18.664 0.019 -11.478
0 169 7 0 0 0 0 18.664 0.019 -11.478
0 170 13 0 0 0 0 18.664 0.019 -11.478
