0 1 9 0 0 0 0 0 0 0
1 2 14 0.0064 0.1594 0 0 87.081 31.883 218.309
1 3 18 0.0833 -0.063 0 0 85.834 34.262 215.657
1 4 7 0.2692 -0.574 0 0 82.138 34.067 214.981
1 5 20 0.5576 -0.091 0 0 80.544 34.945 211.642
1 6 13 0.6858 -0.886 0 0 76.857 35.788 211.229
1 7 12 0.9038 0.1527 0 0 75.647 34.545 207.851
1 8 22 0.9358 -0.694 0 0 72.148 35.079 206.431
1 9 22 0.9807 0.1720 0 0 70.742 33.033 203.528
1 10 22 0.9423 -0.014 0 0 68.239 34.929 201.416
1 11 9 0.8846 0.4474 0 0 66.249 34.248 198.290
1 12 0 0.6602 -0.316 0 0 62.854 33.348 196.953
1 13 5 0.5192 -0.877 0 0 60.783 30.471 198.242
1 14 9 0.4935 -0.179 0 0 61.843 27.115 196.973
1 15 22 0.7051 0.5846 0 0 65.331 27.938 195.696
1 16 9 0.7756 -0.719 0 0 67.090 25.659 198.191
1 17 13 0.8910 0.0265 0 0 68.066 27.940 201.085
1 18 17 0.7371 -0.693 0 0 67.167 25.303 203.684
1 19 0 0.6474 -0.322 0 0 68.669 22.479 201.712
1 20 12 0.8782 0.6656 0 0 71.950 24.388 201.298
1 21 18 0.8589 0.1291 0 0 72.093 25.213 204.991
1 22 11 0.5641 -0.504 0 0 71.347 21.639 206.128
1 23 6 0.5512 -0.205 0 0 73.993 20.280 203.747
1 24 12 0.6666 0.6833 0 0 76.508 22.649 205.242
1 25 11 0.4871 0.2471 0 0 75.613 21.906 208.862
1 26 6 0.2307 -0.039 0 0 74.599 18.257 208.753
1 27 2 0.2564 -0.102 0 0 76.028 16.957 205.511
1 28 10 0.1346 -0.281 0 0 72.887 15.431 204.081
1 29 15 0.25 0.1059 0 0 70.297 16.507 201.528
1 30 22 0.1602 0.5793 0 0 66.813 17.134 202.834
0 31 3 0 0 0 0 66.813 17.134 202.834
0 32 7 0 0 0 0 66.813 17.134 202.834
0 33 20 0 0 0 0 66.813 17.134 202.834
0 34 3 0 0 0 0 66.813 17.134 202.834
0 35 16 0 0 0 0 66.813 17.134 202.834
0 36 18 0 0 0 0 66.813 17.134 202.834
0 37 11 0 0 0 0 66.813 17.134 202.834
0 38 7 0 0 0 0 66.813 17.134 202.834
0 39 3 0 0 0 0 66.813 17.134 202.834
1 40 17 0.4807 0.6888 0 0 69.990 30.248 213.575
1 41 20 0.4743 0.2943 0 0 72.067 27.045 213.077
1 42 1 0.3974 -0.658 0 0 75.690 26.926 214.219
1 43 13 0.3717 0.1471 0 0 78.629 25.015 212.739
1 44 6 0.1666 -0.884 0 0 82.330 25.166 213.611
1 45 22 0.2884 0.9976 0 0 84.500 24.970 210.540
1 46 22 0.1153 -0.954 0 0 88.109 25.625 209.615
1 47 11 0.3076 0.9708 0 0 88.408 28.234 206.873
1 48 3 0.0961 0.6224 0 0 91.750 29.543 205.537
1 49 9 0.0192 0.3639 0 0 93.490 27.722 208.470
1 50 7 0.0384 0.2751 0 0 91.289 29.437 211.057
1 51 18 0.0512 -0.679 0 0 88.656 27.841 213.320
1 52 17 0.2371 0.5818 0 0 85.489 29.778 212.608
1 53 12 0.2948 -0.599 0 0 82.093 29.587 214.330
1 54 12 0.5897 0.4921 0 0 79.340 30.087 211.699
1 55 3 0.5961 -0.801 0 0 75.918 31.276 212.805
1 56 11 0.8269 0.4639 0 0 73.589 30.714 209.849
1 57 12 0.8012 -0.474 0 0 70.088 32.099 209.525
1 58 3 0.8397 -0.375 0 0 67.963 30.356 207.001
1 59 18 0.7564 0.5183 0 0 65.274 32.876 206.269
1 60 0 0.6346 0.2362 0 0 63.071 30.142 204.618
1 61 9 0.3782 0.5793 0 0 60.615 30.789 207.450
0 62 6 0 0 0 0 60.615 30.789 207.450
0 63 7 0 0 0 0 60.615 30.789 207.450
0 64 7 0 0 0 0 60.615 30.789 207.450
1 65 20 0.0576 -0.793 0 0 57.896 41.320 208.670
1 66 17 0.0448 -0.891 0 0 59.859 44.564 208.850
1 67 0 0.0256 -0.850 0 0 61.059 44.299 212.478
1 68 14 0.1217 -0.666 0 0 62.470 40.827 211.923
1 69 1 0.3525 -0.160 0 0 64.027 41.749 208.565
1 70 3 0.1923 -0.811 0 0 65.687 44.865 209.921
1 71 6 0.1794 -0.629 0 0 67.271 43.076 212.852
1 72 20 0.5064 -0.116 0 0 68.825 40.198 210.984
1 73 14 0.5833 0.1322 0 0 69.932 42.436 208.090
1 74 1 0.3461 -0.744 0 0 71.691 44.849 210.417
1 75 18 0.3910 -0.317 0 0 73.164 42.159 212.616
1 76 9 0.6794 -0.196 0 0 74.092 39.867 209.744
1 77 7 0.6923 -0.602 0 0 77.654 40.207 208.494
1 78 9 0.8974 -0.716 0 0 77.295 38.523 205.137
1 79 15 0.9743 -0.892 0 0 74.518 37.346 202.857
1 80 12 0.9935 0.8664 0 0 74.095 34.502 200.487
1 81 12 0.9871 -0.511 0 0 71.849 35.644 197.615
1 82 22 0.9679 0.3859 0 0 70.343 32.406 196.399
1 83 15 0.8717 -0.186 0 0 68.410 31.795 193.180
1 84 0 0.6538 -0.323 0 0 67.671 28.533 191.393
1 85 11 0.4679 0.0075 0 0 69.025 28.106 187.869
1 86 2 0.2179 -0.070 0 0 65.631 26.786 186.690
1 87 2 0.3205 0.4398 0 0 63.668 29.656 188.188
1 88 18 0.1987 -0.890 0 0 63.885 32.884 186.245
1 89 13 0.2628 -0.269 0 0 61.725 34.767 188.770
1 90 17 0.5448 0.1894 0 0 64.050 33.839 191.584
1 91 15 0.5705 -0.192 0 0 66.971 35.344 189.633
1 92 7 0.3653 -0.872 0 0 64.941 38.497 188.968
1 93 3 0.5256 -0.100 0 0 64.199 38.733 192.700
1 94 11 0.75 0.6953 0 0 67.955 38.928 193.573
1 95 10 0.5384 -0.898 0 0 67.919 42.679 192.894
1 96 10 0.4615 -0.062 0 0 65.105 43.095 195.512
1 97 20 0.7307 0.3486 0 0 67.149 41.299 198.108
1 98 1 0.7243 0.0119 0 0 70.378 43.102 197.383
1 99 7 0.4230 -0.562 0 0 68.818 46.528 197.426
1 100 6 0.4294 0.1785 0 0 66.926 45.883 200.625
1 101 11 0.6089 0.9978 0 0 70.006 44.649 202.466
1 102 13 0.4166 0.0423 0 0 72.023 47.662 201.350
1 103 1 0.1474 0.3808 0 0 69.175 50.023 202.370
1 104 22 0.2115 0.4058 0 0 68.503 48.530 205.816
1 105 13 0.3141 0.8219 0 0 72.182 48.066 206.684
1 106 3 0.0897 -0.969 0 0 72.874 51.592 205.349
1 107 17 0.1538 0.5482 0 0 76.042 50.415 203.618
1 108 7 0.1858 -0.921 0 0 77.423 50.223 200.074
1 109 3 0.3589 -0.466 0 0 79.928 47.577 201.117
1 110 22 0.6282 0.1708 0 0 78.104 44.543 202.369
1 111 16 0.8141 -0.563 0 0 79.676 41.104 202.073
1 112 14 0.9294 -0.309 0 0 77.607 38.960 199.657
1 113 22 0.9615 0.1399 0 0 77.891 35.966 197.374
1 114 12 0.9487 -0.801 0 0 75.542 35.190 194.512
1 115 22 0.9551 0.7172 0 0 74.524 31.497 194.534
1 116 9 0.8525 0.2867 0 0 72.892 29.702 191.612
1 117 2 0.8076 0.2900 0 0 71.468 26.533 193.084
1 118 13 0.5320 0.0469 0 0 70.059 23.351 191.530
1 119 17 0.4038 0.5676 0 0 73.010 22.915 189.154
1 120 3 0.1410 0.3056 0 0 72.192 19.190 188.974
1 121 12 0.0769 0.3898 0 0 69.048 19.880 186.952
1 122 16 0.0 -0.450 0 0 68.845 19.751 183.127
1 123 17 0.0128 0.1098 0 0 66.321 22.534 182.785
1 124 1 0.0705 0.5489 0 0 68.449 25.773 183.103
1 125 18 0.0641 -0.263 0 0 66.728 29.001 182.224
1 126 22 0.2243 0.8247 0 0 69.277 31.294 183.914
1 127 3 0.1089 -0.915 0 0 72.581 30.945 182.070
1 128 18 0.2820 -0.084 0 0 76.010 30.913 183.780
1 129 13 0.1025 -0.863 0 0 76.999 34.024 181.868
1 130 6 0.1730 -0.270 0 0 73.872 35.938 183.019
1 131 0 0.5128 0.3864 0 0 74.692 35.179 186.616
1 132 6 0.4102 -0.328 0 0 78.380 35.970 186.288
1 133 3 0.2435 -0.828 0 0 77.518 39.284 184.756
1 134 12 0.4487 0.4685 0 0 75.150 40.183 187.601
1 135 0 0.6217 0.4622 0 0 77.712 39.238 190.227
1 136 1 0.3397 -0.727 0 0 80.359 41.300 188.378
1 137 17 0.2756 -0.045 0 0 77.983 44.300 188.455
1 138 20 0.5 0.4991 0 0 77.656 43.885 192.239
1 139 9 0.4423 -0.544 0 0 81.396 43.212 192.693
1 140 11 0.7115 0.6547 0 0 80.732 39.843 194.413
1 141 16 0.7884 0.2085 0 0 81.529 36.212 193.775
1 142 15 0.8333 -0.287 0 0 79.185 33.869 191.903
1 143 11 0.8653 0.3773 0 0 79.095 30.187 192.893
1 144 7 0.7435 -0.786 0 0 76.999 27.453 191.346
1 145 18 0.7692 0.9701 0 0 75.718 24.852 193.747
1 146 17 0.5769 -0.986 0 0 73.690 21.709 194.103
1 147 0 0.6153 0.5962 0 0 72.424 21.091 197.530
1 148 13 0.3269 -0.755 0 0 71.381 17.658 196.138
1 149 18 0.2051 -0.221 0 0 74.867 16.483 195.152
1 150 1 0.4358 0.1070 0 0 76.602 18.858 197.616
1 151 6 0.4551 -0.857 0 0 78.598 20.367 194.750
1 152 9 0.6730 -0.957 0 0 79.671 23.871 195.607
1 153 22 0.8205 -0.210 0 0 78.024 24.037 199.024
1 154 3 0.7179 -0.917 0 0 81.142 24.472 201.221
1 155 3 0.7628 -0.450 0 0 82.547 26.788 198.561
1 156 0 0.9230 0.3537 0 0 79.534 29.081 198.696
1 157 15 0.9166 0.3832 0 0 79.626 29.450 202.504
1 158 20 0.7948 -0.608 0 0 83.444 29.570 202.791
1 159 18 0.8461 0.0890 0 0 83.589 32.214 200.034
1 160 12 0.9102 0.7855 0 0 81.123 34.298 202.004
1 161 22 0.7820 -0.336 0 0 83.276 34.021 205.146
1 162 1 0.6025 -0.067 0 0 86.248 35.156 203.027
1 163 7 0.6987 0.5162 0 0 84.248 38.157 201.854
1 164 11 0.6410 0.5365 0 0 83.364 39.072 205.443
1 165 1 0.3846 0.0352 0 0 87.031 38.915 206.465
1 166 13 0.3012 0.3805 0 0 88.031 41.243 203.600
1 167 10 0.3333 0.2820 0 0 85.425 43.693 204.805
1 168 13 0.1282 0.3964 0 0 86.678 43.447 208.380
1 169 7 0.0320 0.2851 0 0 90.321 43.999 207.352
0 170 13 0 0 0 0 90.321 43.999 207.352
