0 1 9 0 0 0 0 0 0 0
1 2 14 0.0 0.2101 0 0 107.212 -2.486 154.349
1 3 18 0.0736 0.3111 0 0 103.844 -0.912 153.572
1 4 7 0.3190 -0.040 0 0 104.047 1.957 151.161
1 5 20 0.5705 -0.148 0 0 101.340 4.427 150.254
1 6 13 0.6871 -0.879 0 0 101.622 6.169 146.907
1 7 12 0.9079 0.1638 0 0 99.968 9.573 147.321
1 8 22 0.9570 -0.745 0 0 99.338 12.303 144.738
1 9 22 0.9877 0.3275 0 0 98.545 15.902 145.665
1 10 22 0.9631 -0.096 0 0 96.648 17.586 142.824
1 11 9 0.9018 0.4713 0 0 95.327 21.085 142.361
1 12 0 0.7177 -0.412 0 0 95.897 24.315 140.558
1 13 5 0.5828 -0.925 0 0 99.252 26.089 140.617
1 14 9 0.5214 -0.066 0 0 99.860 28.197 143.654
1 15 22 0.7730 0.5617 0 0 97.306 26.548 146.048
1 16 9 0.8220 -0.694 0 0 100.097 25.309 148.330
1 17 13 0.9263 0.1027 0 0 100.582 21.685 147.364
1 18 17 0.8098 -0.830 0 0 104.376 21.913 147.783
1 19 0 0.7116 -0.339 0 0 103.987 23.871 151.003
1 20 12 0.8773 0.6418 0 0 101.610 21.335 152.462
1 21 18 0.8711 0.3866 0 0 103.886 18.452 151.548
1 22 11 0.6319 -0.460 0 0 107.007 20.233 152.891
1 23 6 0.6012 -0.287 0 0 105.184 20.859 156.115
1 24 12 0.6932 0.6769 0 0 104.226 17.239 156.475
1 25 11 0.5092 0.4225 0 0 107.597 15.814 155.485
1 26 6 0.3251 0.0980 0 0 110.125 18.457 156.596
1 27 2 0.2883 -0.224 0 0 108.085 20.256 159.291
1 28 10 0.2024 -0.201 0 0 108.569 23.828 158.151
1 29 15 0.2638 0.2502 0 0 107.103 26.629 156.004
1 30 22 0.0797 0.3045 0 0 108.848 29.435 154.125
1 31 3 0.0674 0.0941 0 0 106.825 32.124 152.311
0 32 7 0 0 0 0 106.825 32.124 152.311
0 33 20 0 0 0 0 106.825 32.124 152.311
0 34 3 0 0 0 0 106.825 32.124 152.311
0 35 16 0 0 0 0 106.825 32.124 152.311
0 36 18 0 0 0 0 106.825 32.124 152.311
1 37 11 0.2208 0.4691 0 0 111.418 23.369 145.385
1 38 7 0.3803 -0.299 0 0 111.059 19.522 145.104
1 39 3 0.6073 0.0672 0 0 107.646 18.187 143.695
1 40 17 0.5766 -0.746 0 0 108.436 14.610 144.946
1 41 20 0.5460 0.3880 0 0 108.910 13.408 148.548
1 42 1 0.4417 -0.501 0 0 109.451 10.104 150.364
1 43 13 0.3680 0.0022 0 0 109.408 9.515 154.156
1 44 6 0.1656 -0.796 0 0 108.642 6.775 156.735
1 45 22 0.2576 0.9972 0 0 106.038 7.755 159.254
1 46 22 0.1349 -0.977 0 0 103.849 6.043 161.778
1 47 11 0.2944 0.9645 0 0 100.110 6.461 161.373
1 48 3 0.0920 0.6501 0 0 97.793 4.950 163.945
1 49 9 0.0122 0.2994 0 0 100.649 2.685 164.983
1 50 7 0.0306 0.5182 0 0 101.332 1.402 161.475
1 51 18 0.0368 -0.712 0 0 104.721 2.107 159.943
1 52 17 0.1901 0.7650 0 0 104.617 2.949 156.288
1 53 12 0.3374 -0.349 0 0 106.422 4.860 153.725
1 54 12 0.6134 0.4597 0 0 104.743 7.781 152.021
1 55 3 0.6380 -0.624 0 0 105.719 8.390 148.422
1 56 11 0.8588 0.5313 0 0 104.253 11.701 147.288
1 57 12 0.8527 -0.520 0 0 104.053 13.687 144.044
1 58 3 0.8895 -0.007 0 0 102.646 17.211 143.930
1 59 18 0.8404 0.0537 0 0 101.189 18.057 140.463
1 60 0 0.7607 -0.457 0 0 98.945 20.663 138.771
1 61 9 0.5276 0.8592 0 0 98.864 18.670 135.557
1 62 6 0.3006 -0.386 0 0 100.866 20.775 133.169
1 63 7 0.2699 0.9124 0 0 104.420 20.490 134.413
1 64 7 0.0490 -0.255 0 0 107.201 19.241 132.146
1 65 20 0.0858 -0.304 0 0 107.555 15.569 133.059
1 66 17 0.1288 -0.646 0 0 104.221 14.335 131.777
1 67 0 0.0429 -0.960 0 0 105.117 10.639 131.468
1 68 14 0.1533 0.3595 0 0 106.369 10.573 135.012
1 69 1 0.4539 0.0999 0 0 103.185 12.271 136.118
1 70 3 0.3312 -0.725 0 0 101.016 9.702 134.235
1 71 6 0.2515 -0.802 0 0 102.926 6.914 135.993
1 72 20 0.5153 0.0744 0 0 102.299 8.448 139.366
1 73 14 0.6257 0.3453 0 0 98.633 9.043 138.472
1 74 1 0.3987 -0.743 0 0 98.122 5.426 137.405
1 75 18 0.4171 -0.589 0 0 99.769 3.985 140.487
1 76 9 0.7055 -0.151 0 0 98.520 6.533 143.022
1 77 7 0.6809 -0.596 0 0 96.508 4.896 145.743
1 78 9 0.8834 -0.657 0 0 95.013 8.098 147.114
1 79 15 0.9754 -0.777 0 0 94.661 11.688 146.048
1 80 12 0.9938 0.7053 0 0 94.504 15.042 147.820
1 81 12 0.9815 -0.622 0 0 92.349 17.462 145.853
1 82 22 0.9693 0.5342 0 0 93.674 20.862 146.938
1 83 15 0.8650 -0.280 0 0 92.193 24.294 146.436
1 84 0 0.6748 -0.264 0 0 92.981 27.546 148.263
1 85 11 0.4723 -0.117 0 0 90.227 29.347 150.180
1 86 2 0.2392 -0.002 0 0 91.268 32.594 148.522
1 87 2 0.3558 0.4951 0 0 91.293 31.222 144.967
1 88 18 0.2147 -0.876 0 0 87.833 30.629 143.515
1 89 13 0.2822 -0.233 0 0 89.246 29.312 140.252
1 90 17 0.5582 0.2517 0 0 91.227 26.648 142.127
1 91 15 0.5644 -0.256 0 0 87.982 25.442 143.762
1 92 7 0.3865 -0.848 0 0 86.190 25.447 140.373
1 93 3 0.5030 0.0158 0 0 89.055 23.287 138.956
1 94 11 0.7546 0.6473 0 0 88.501 20.506 141.552
1 95 10 0.4969 -0.845 0 0 85.796 18.738 139.520
1 96 10 0.4662 -0.282 0 0 88.130 18.497 136.522
1 97 20 0.7423 0.3729 0 0 90.875 16.995 138.607
1 98 1 0.7239 -0.188 0 0 88.499 14.464 140.187
1 99 7 0.4355 -0.603 0 0 87.149 13.448 136.772
1 100 6 0.4785 0.4710 0 0 90.683 13.017 135.454
1 101 11 0.6503 0.9881 0 0 91.596 10.745 138.423
1 102 13 0.4233 -0.095 0 0 88.517 8.598 137.912
1 103 1 0.1963 -0.026 0 0 89.311 8.234 134.199
1 104 22 0.3067 0.6421 0 0 92.957 7.264 134.731
1 105 13 0.3496 0.7168 0 0 92.127 4.893 137.595
1 106 3 0.0981 -0.938 0 0 89.083 3.572 135.685
1 107 17 0.1411 0.5072 0 0 87.107 3.503 138.876
1 108 7 0.1717 -0.739 0 0 84.363 5.346 140.634
1 109 3 0.3435 -0.513 0 0 85.896 4.395 143.991
1 110 22 0.5950 0.2549 0 0 89.285 6.056 144.328
1 111 16 0.7914 -0.500 0 0 90.442 7.259 147.794
1 112 14 0.9141 -0.305 0 0 90.362 11.063 147.897
1 113 22 0.9447 0.0975 0 0 90.274 13.912 150.342
1 114 12 0.9386 -0.739 0 0 89.226 17.504 149.604
1 115 22 0.9509 0.7786 0 0 91.597 20.072 151.061
1 116 9 0.8466 0.2051 0 0 90.921 23.782 151.455
1 117 2 0.8282 0.3914 0 0 94.357 25.324 152.059
1 118 13 0.5337 0.0793 0 0 95.489 28.730 153.205
1 119 17 0.4294 0.7197 0 0 92.896 28.693 155.986
1 120 3 0.1779 0.3370 0 0 95.055 31.114 157.947
1 121 12 0.1104 0.3795 0 0 94.348 33.909 155.469
1 122 16 0.0061 -0.443 0 0 91.618 36.461 156.123
1 123 17 0.0184 -0.193 0 0 90.822 36.693 152.348
1 124 1 0.0613 0.4432 0 0 88.216 34.120 151.632
1 125 18 0.0552 -0.166 0 0 86.284 33.622 148.448
1 126 22 0.2085 0.8668 0 0 85.334 29.958 148.940
1 127 3 0.1165 -0.878 0 0 82.899 29.345 151.806
1 128 18 0.2453 0.0018 0 0 83.539 26.367 154.054
1 129 13 0.1042 -0.882 0 0 79.902 25.319 153.463
1 130 6 0.1472 -0.273 0 0 80.501 25.224 149.694
1 131 0 0.4907 0.4178 0 0 83.475 22.945 150.101
1 132 6 0.3926 -0.393 0 0 81.685 20.732 152.659
1 133 3 0.1595 -0.790 0 0 78.739 20.424 150.270
1 134 12 0.4110 0.4757 0 0 81.029 19.424 147.371
1 135 0 0.5521 0.4900 0 0 82.884 16.831 149.476
1 136 1 0.3128 -0.713 0 0 79.547 15.426 150.599
1 137 17 0.1840 -0.278 0 0 78.410 15.044 147.017
1 138 20 0.4478 0.4972 0 0 81.673 13.208 146.200
1 139 9 0.4049 -0.542 0 0 81.490 11.045 149.289
1 140 11 0.6625 0.6620 0 0 84.934 12.148 150.598
1 141 16 0.7361 0.2139 0 0 86.295 13.914 153.623
1 142 15 0.7975 -0.236 0 0 86.929 17.695 153.594
1 143 11 0.8159 0.3688 0 0 89.732 19.157 155.678
1 144 7 0.6993 -0.881 0 0 90.725 22.789 156.068
1 145 18 0.7852 0.9760 0 0 94.458 23.244 156.168
1 146 17 0.6196 -0.989 0 0 97.216 25.830 156.556
1 147 0 0.6564 0.5295 0 0 100.726 24.957 155.511
1 148 13 0.3742 -0.762 0 0 101.775 28.121 157.356
1 149 18 0.2331 -0.219 0 0 100.271 27.305 160.772
1 150 1 0.4601 -0.161 0 0 100.189 23.509 160.343
1 151 6 0.4846 -0.124 0 0 96.413 23.443 160.815
1 152 9 0.6687 -0.965 0 0 94.986 20.228 159.451
1 153 22 0.8343 -0.116 0 0 98.174 19.123 157.668
1 154 3 0.7300 -0.873 0 0 98.801 15.831 159.356
1 155 3 0.7484 -0.593 0 0 95.036 15.219 159.466
1 156 0 0.9202 0.4192 0 0 94.693 15.690 155.682
1 157 15 0.9325 0.5049 0 0 97.401 13.193 154.754
1 158 20 0.7791 -0.500 0 0 96.630 10.667 157.539
1 159 18 0.8036 0.0864 0 0 92.897 10.794 156.657
1 160 12 0.8957 0.8177 0 0 93.839 10.012 153.041
1 161 22 0.7668 -0.242 0 0 95.945 6.999 154.292
1 162 1 0.5398 -0.042 0 0 92.878 5.873 156.296
1 163 7 0.6441 0.4697 0 0 90.745 6.165 153.124
1 164 11 0.5889 0.5996 0 0 93.277 3.963 151.260
1 165 1 0.3619 0.0797 0 0 93.129 1.382 154.012
1 166 13 0.2269 0.4252 0 0 89.324 1.339 153.757
1 167 10 0.2760 0.3582 0 0 89.617 0.660 150.030
1 168 13 0.1226 0.4554 0 0 92.200 -2.146 150.471
1 169 7 0.0245 0.7584 0 0 90.027 -3.843 153.070
0 170 13 0 0 0 0 90.027 -3.843 153.070
