0 1 9 0 0 0 0 0 0 0
1 2 14 0.0125 0.1713 0 0 80.582 31.248 169.306
1 3 18 0.0880 0.3048 0 0 79.987 27.574 169.148
1 4 7 0.3081 -0.529 0 0 79.664 25.521 172.321
1 5 20 0.5911 -0.155 0 0 80.613 21.846 172.495
1 6 13 0.7044 -0.898 0 0 79.111 19.605 175.198
1 7 12 0.9056 0.1445 0 0 81.730 17.013 176.130
1 8 22 0.9371 -0.675 0 0 81.413 13.947 178.381
1 9 22 0.9874 0.1751 0 0 84.294 12.026 179.924
1 10 22 0.9559 0.0472 0 0 83.560 8.321 180.393
1 11 9 0.8867 0.4160 0 0 85.440 5.304 181.689
1 12 0 0.6918 -0.334 0 0 85.883 3.116 184.760
1 13 5 0.5408 -0.860 0 0 85.986 4.403 188.274
1 14 9 0.5283 -0.114 0 0 89.385 5.873 189.127
1 15 22 0.7547 0.5729 0 0 90.898 6.155 185.635
1 16 9 0.8113 -0.641 0 0 91.248 9.950 186.132
1 17 13 0.8993 0.0883 0 0 88.231 11.452 184.432
1 18 17 0.7798 -0.861 0 0 87.844 14.185 187.047
1 19 0 0.6729 -0.338 0 0 91.575 14.814 187.052
1 20 12 0.8805 0.6720 0 0 91.659 15.269 183.276
1 21 18 0.8679 0.1676 0 0 88.810 17.765 183.460
1 22 11 0.5849 -0.494 0 0 90.399 19.757 186.256
1 23 6 0.5723 -0.230 0 0 93.697 19.843 184.388
1 24 12 0.6792 0.6637 0 0 92.018 21.062 181.252
1 25 11 0.5031 0.3373 0 0 89.939 23.820 182.920
1 26 6 0.2578 -0.167 0 0 92.011 24.847 185.934
1 27 2 0.2830 -0.275 0 0 95.504 23.719 184.825
1 28 10 0.1509 -0.696 0 0 95.980 21.874 188.118
1 29 15 0.2327 0.1943 0 0 96.469 18.294 189.500
1 30 22 0.0943 0.1352 0 0 94.991 17.881 192.963
0 31 3 0 0 0 0 94.991 17.881 192.963
0 32 7 0 0 0 0 94.991 17.881 192.963
0 33 20 0 0 0 0 94.991 17.881 192.963
0 34 3 0 0 0 0 94.991 17.881 192.963
0 35 16 0 0 0 0 94.991 17.881 192.963
0 36 18 0 0 0 0 94.991 17.881 192.963
0 37 11 0 0 0 0 94.991 17.881 192.963
0 38 7 0 0 0 0 94.991 17.881 192.963
0 39 3 0 0 0 0 94.991 17.881 192.963
0 40 17 0 0 0 0 94.991 17.881 192.963
1 41 20 0.5094 0.0832 0 0 83.533 23.080 183.796
1 42 1 0.4025 -0.607 0 0 83.677 25.593 180.942
1 43 13 0.3710 0.2848 0 0 86.658 26.869 178.937
1 44 6 0.1572 -0.970 0 0 86.995 29.146 175.935
1 45 22 0.2767 0.9977 0 0 89.673 27.893 173.515
1 46 22 0.1132 -0.982 0 0 90.802 28.481 169.942
1 47 11 0.2893 0.9756 0 0 90.996 25.284 167.898
1 48 3 0.0691 0.6337 0 0 92.057 25.455 164.217
1 49 9 0.0062 0.2789 0 0 91.426 29.200 164.094
1 50 7 0.0314 0.4119 0 0 87.869 28.987 165.536
1 51 18 0.0440 -0.641 0 0 87.126 30.225 169.085
1 52 17 0.2012 0.4724 0 0 84.803 27.835 170.941
1 53 12 0.3333 -0.546 0 0 83.412 27.124 174.403
1 54 12 0.6289 0.4679 0 0 83.977 23.671 175.890
1 55 3 0.6100 -0.639 0 0 81.349 22.645 178.382
1 56 11 0.8238 0.5871 0 0 82.379 19.465 180.173
1 57 12 0.7169 -0.044 0 0 79.255 17.971 181.720
1 58 3 0.5660 -0.814 0 0 79.617 17.678 185.481
1 59 18 0.5786 0.8879 0 0 78.598 14.116 186.271
1 60 0 0.3899 0.0624 0 0 79.794 14.128 189.941
1 61 9 0.1194 0.3835 0 0 77.466 12.740 192.592
1 62 6 0.1698 -0.346 0 0 75.280 11.419 189.775
1 63 7 0.4339 0.4641 0 0 77.614 9.125 187.747
1 64 7 0.1823 -0.743 0 0 76.541 6.049 189.732
1 65 20 0.1006 -0.573 0 0 72.921 6.225 188.455
1 66 17 0.1320 -0.401 0 0 72.330 4.521 185.153
1 67 0 0.0566 -0.948 0 0 69.345 6.835 184.399
1 68 14 0.1949 -0.317 0 0 71.587 9.873 184.842
1 69 1 0.4779 0.0100 0 0 74.356 8.425 182.700
1 70 3 0.3396 -0.722 0 0 71.703 7.943 180.026
1 71 6 0.3018 -0.402 0 0 70.749 11.611 180.254
1 72 20 0.5597 -0.072 0 0 74.410 12.688 180.032
1 73 14 0.6603 0.0009 0 0 75.001 10.494 177.049
1 74 1 0.3962 -0.743 0 0 71.948 11.903 175.291
1 75 18 0.4591 -0.137 0 0 73.078 15.510 176.092
1 76 9 0.7421 -0.052 0 0 76.751 15.055 175.175
1 77 7 0.7295 -0.596 0 0 77.993 15.708 171.646
1 78 9 0.8930 -0.702 0 0 81.262 13.856 172.008
1 79 15 0.9748 -0.832 0 0 82.928 11.482 174.388
1 80 12 0.9937 0.8130 0 0 86.408 10.792 175.779
1 81 12 0.9811 -0.560 0 0 86.696 7.046 176.317
1 82 22 0.9685 0.3780 0 0 89.207 7.015 179.148
1 83 15 0.8742 -0.212 0 0 91.120 3.986 180.468
1 84 0 0.6666 -0.293 0 0 94.247 3.951 182.670
1 85 11 0.4842 -0.077 0 0 97.402 2.352 181.298
1 86 2 0.2515 -0.066 0 0 97.932 0.483 184.577
1 87 2 0.3207 0.4450 0 0 94.387 -0.888 184.652
1 88 18 0.2138 -0.879 0 0 93.763 -3.710 182.234
1 89 13 0.2704 -0.525 0 0 90.092 -4.014 183.218
1 90 17 0.5534 0.2182 0 0 89.468 -0.379 182.489
1 91 15 0.5974 -0.213 0 0 90.762 -0.893 178.947
1 92 7 0.3647 -0.848 0 0 88.646 -4.060 178.565
1 93 3 0.5220 -0.021 0 0 85.528 -2.038 179.702
1 94 11 0.7672 0.7178 0 0 85.928 0.565 176.829
1 95 10 0.5471 -0.755 0 0 84.000 -1.454 174.231
1 96 10 0.4716 -0.414 0 0 80.958 -1.822 176.500
1 97 20 0.7232 0.2215 0 0 80.944 1.931 177.221
1 98 1 0.7610 -0.106 0 0 81.176 2.770 173.507
1 99 7 0.4528 -0.571 0 0 78.332 0.305 172.759
1 100 6 0.4654 -0.021 0 0 76.170 1.860 175.428
1 101 11 0.6415 0.9983 0 0 76.728 5.405 174.064
1 102 13 0.4402 0.0364 0 0 75.792 4.213 170.542
1 103 1 0.1761 -0.226 0 0 72.665 2.488 171.857
1 104 22 0.2641 0.4543 0 0 71.487 5.337 174.022
1 105 13 0.3270 0.8294 0 0 72.091 7.990 171.371
1 106 3 0.0817 0.0031 0 0 70.575 5.685 168.725
1 107 17 0.1635 0.5356 0 0 73.590 6.337 166.457
1 108 7 0.2201 -0.936 0 0 76.487 4.416 164.947
1 109 3 0.3773 -0.572 0 0 78.307 7.702 164.352
1 110 22 0.6477 0.1717 0 0 79.123 9.416 167.672
1 111 16 0.8427 -0.540 0 0 82.267 11.551 168.072
1 112 14 0.9308 -0.296 0 0 84.700 9.824 170.363
1 113 22 0.9622 0.0626 0 0 88.430 9.819 171.268
1 114 12 0.9433 -0.789 0 0 90.213 6.982 173.009
1 115 22 0.9496 0.7540 0 0 92.351 8.199 175.960
1 116 9 0.8616 0.2393 0 0 94.971 6.161 177.812
1 117 2 0.8176 0.3339 0 0 95.571 8.110 181.008
1 118 13 0.5345 0.0646 0 0 98.228 7.857 183.775
1 119 17 0.4150 0.3495 0 0 101.057 7.679 181.235
1 120 3 0.1446 0.3290 0 0 103.416 9.023 183.981
1 121 12 0.0754 0.4333 0 0 103.253 5.783 185.945
1 122 16 0.0 -0.370 0 0 105.984 3.098 185.790
1 123 17 0.0188 0.0666 0 0 103.498 0.114 186.013
1 124 1 0.0628 0.5242 0 0 102.027 -0.107 182.465
1 125 18 0.0503 -0.247 0 0 99.956 -3.174 181.660
1 126 22 0.2389 0.8327 0 0 98.078 -1.836 178.603
1 127 3 0.1257 -0.777 0 0 100.570 -1.312 175.762
1 128 18 0.2955 -0.105 0 0 100.294 1.480 173.254
1 129 13 0.1069 -0.845 0 0 99.846 -1.094 170.434
1 130 6 0.1886 -0.284 0 0 96.744 -2.675 171.988
1 131 0 0.5157 0.4208 0 0 95.127 0.726 172.359
1 132 6 0.4088 -0.232 0 0 96.153 1.915 168.908
1 133 3 0.2075 -0.765 0 0 94.770 -1.274 167.392
1 134 12 0.4276 0.5503 0 0 91.485 -0.623 169.144
1 135 0 0.6226 0.5290 0 0 91.226 2.967 168.032
1 136 1 0.3522 -0.887 0 0 92.162 2.058 164.474
1 137 17 0.2452 -0.141 0 0 89.323 -0.481 164.344
1 138 20 0.4905 0.5538 0 0 86.858 2.138 165.648
1 139 9 0.4213 -0.529 0 0 88.292 4.765 163.280
1 140 11 0.7106 0.6652 0 0 88.872 7.226 166.093
1 141 16 0.7987 0.2075 0 0 91.872 9.048 167.520
1 142 15 0.8301 -0.310 0 0 93.969 7.651 170.396
1 143 11 0.8553 0.1895 0 0 95.803 10.032 172.744
1 144 7 0.7484 -0.771 0 0 97.987 9.008 175.735
1 145 18 0.7861 0.9735 0 0 97.595 11.432 178.619
1 146 17 0.6163 -0.989 0 0 98.676 12.205 182.076
1 147 0 0.6352 0.5488 0 0 96.548 14.469 184.222
1 148 13 0.3459 -0.747 0 0 99.549 14.708 186.513
1 149 18 0.2264 -0.188 0 0 102.135 16.005 184.027
1 150 1 0.4465 -0.098 0 0 99.619 17.527 181.544
1 151 6 0.4968 -0.066 0 0 100.870 15.247 178.829
1 152 9 0.6855 -0.960 0 0 98.229 15.011 176.058
1 153 22 0.8364 -0.162 0 0 95.451 16.741 177.995
1 154 3 0.7358 -0.909 0 0 94.660 19.705 175.735
1 155 3 0.7735 -0.450 0 0 95.263 17.409 172.713
1 156 0 0.9245 0.3827 0 0 92.659 14.887 173.897
1 157 15 0.9182 0.4124 0 0 89.911 17.508 174.380
1 158 20 0.8050 -0.587 0 0 90.833 19.566 171.305
1 159 18 0.8490 0.0925 0 0 90.918 16.426 169.170
1 160 12 0.9119 0.8043 0 0 87.443 15.573 170.421
1 161 22 0.7924 -0.368 0 0 86.169 18.967 169.346
1 162 1 0.6037 -0.131 0 0 87.673 18.289 165.877
1 163 7 0.6981 0.5157 0 0 85.762 14.978 165.736
1 164 11 0.6540 0.5659 0 0 82.533 16.666 166.667
1 165 1 0.3836 0.0278 0 0 83.027 19.350 163.977
1 166 13 0.3144 0.3720 0 0 83.662 16.604 161.401
1 167 10 0.3584 0.3140 0 0 80.469 14.856 162.388
1 168 13 0.1383 0.3452 0 0 78.426 18.075 162.262
1 169 7 0.0377 0.3139 0 0 79.755 18.796 158.727
1 170 13 0.0251 0.2547 0 0 79.276 15.325 157.230
