0 1 9 0 0 0 0 0 0 0
0 2 14 0 0 0 0 0 0 0
1 3 18 0.0542 -0.749 0 0 -30.476 5.971 8.316
1 4 7 0.2951 0.0442 0 0 -27.001 7.200 9.313
1 5 20 0.5722 -0.246 0 0 -24.136 4.972 10.508
1 6 13 0.7228 -0.822 0 0 -21.195 6.389 12.453
1 7 12 0.9156 0.1094 0 0 -18.120 4.287 11.761
1 8 22 0.9578 -0.662 0 0 -14.709 4.545 13.387
1 9 22 0.9879 0.3470 0 0 -11.586 2.950 11.962
1 10 22 0.9698 -0.185 0 0 -9.086 1.916 14.657
1 11 9 0.9277 0.0000 0 0 -5.672 0.263 14.774
1 12 0 0.7891 -0.577 0 0 -1.955 0.921 15.095
1 13 5 0.6144 -0.869 0 0 -0.052 3.778 13.494
1 14 9 0.6204 0.0000 0 0 0.454 3.163 9.785
1 15 22 0.8313 0.5865 0 0 -1.818 0.136 9.306
1 16 9 0.8674 0.0000 0 0 -3.783 2.013 6.633
1 17 13 0.9457 0.0637 0 0 -6.734 3.557 8.490
1 18 17 0.8554 -0.650 0 0 -6.803 6.793 6.488
1 19 0 0.8012 -0.310 0 0 -5.922 5.041 3.214
1 20 12 0.9036 0.6401 0 0 -8.856 2.656 3.624
1 21 18 0.8915 0.2677 0 0 -11.276 5.491 4.388
1 22 11 0.6686 -0.483 0 0 -10.077 7.556 1.425
1 23 6 0.6445 -0.404 0 0 -10.310 4.529 -0.870
1 24 12 0.7650 0.5758 0 0 -13.911 3.967 0.273
1 25 11 0.5602 0.2655 0 0 -14.910 7.623 -0.045
1 26 6 0.3614 -0.192 0 0 -12.843 8.944 -2.960
1 27 2 0.3313 -0.302 0 0 -12.097 5.679 -4.828
1 28 10 0.2590 -0.837 0 0 -8.371 6.541 -4.842
1 29 15 0.3674 0.1052 0 0 -5.254 5.204 -3.130
1 30 22 0.3253 0.3901 0 0 -3.110 7.783 -1.357
1 31 3 0.1626 -0.764 0 0 0.496 7.600 -0.241
1 32 7 0.1807 -0.381 0 0 -0.106 10.432 2.240
1 33 20 0.2228 0.8899 0 0 -2.734 12.987 3.401
1 34 3 0.0783 -0.968 0 0 -3.060 16.149 5.482
1 35 16 0.1987 -0.364 0 0 -4.973 16.135 8.751
1 36 18 0.1084 0.2679 0 0 -8.134 18.110 7.946
1 37 11 0.0301 -0.901 0 0 -10.467 20.500 9.777
1 38 7 0.1204 -0.399 0 0 -13.349 18.245 8.693
1 39 3 0.3915 -0.638 0 0 -14.202 15.688 11.384
1 40 17 0.5481 -0.189 0 0 -15.612 13.040 9.042
1 41 20 0.5361 0.0865 0 0 -16.417 11.942 5.498
1 42 1 0.4518 -0.411 0 0 -19.956 11.020 4.495
1 43 13 0.4216 0.2455 0 0 -21.031 8.736 1.662
1 44 6 0.1927 -0.961 0 0 -24.433 7.500 0.571
1 45 22 0.2650 0.9815 0 0 -24.545 3.792 -0.221
1 46 22 0.0843 -0.982 0 0 -27.175 1.158 -0.911
1 47 11 0.2048 0.9763 0 0 -26.778 -2.012 1.147
1 48 3 0.0361 0.5547 0 0 -29.212 -4.925 0.769
1 49 9 0.0 0.0000 0 0 -31.625 -2.665 -1.096
1 50 7 0.0180 -0.038 0 0 -31.611 0.077 1.533
1 51 18 0.0240 -0.633 0 0 -30.128 3.556 1.155
1 52 17 0.2168 0.4590 0 0 -27.664 4.258 3.958
1 53 12 0.3433 -0.278 0 0 -25.437 7.146 4.980
1 54 12 0.6325 0.4105 0 0 -21.948 6.167 6.135
1 55 3 0.6566 -0.560 0 0 -20.317 8.735 8.423
1 56 11 0.8614 0.5738 0 0 -16.650 7.798 8.835
1 57 12 0.8253 -0.224 0 0 -14.529 9.752 11.298
1 58 3 0.7349 -0.638 0 0 -11.317 11.340 10.061
1 59 18 0.6867 0.8010 0 0 -9.136 11.114 13.151
1 60 0 0.5542 -0.095 0 0 -5.777 11.939 11.551
1 61 9 0.3012 0.0000 0 0 -3.789 14.249 13.814
1 62 6 0.2771 -0.803 0 0 -5.981 14.448 16.909
1 63 7 0.5120 0.6440 0 0 -5.956 10.650 17.376
1 64 7 0.3132 -0.784 0 0 -2.670 10.878 19.275
1 65 20 0.1144 -0.599 0 0 -4.572 12.159 22.324
1 66 17 0.1867 -0.768 0 0 -6.260 9.505 24.469
1 67 0 0.0722 -0.917 0 0 -9.074 11.855 25.553
1 68 14 0.2710 -0.270 0 0 -9.887 12.432 21.884
1 69 1 0.5240 0.0212 0 0 -9.896 8.703 21.160
1 70 3 0.3975 -0.678 0 0 -12.331 8.341 24.079
1 71 6 0.3554 -0.722 0 0 -14.584 10.850 22.326
1 72 20 0.6385 0.0501 0 0 -14.287 8.978 19.006
1 73 14 0.6626 0.0655 0 0 -15.208 5.700 20.711
1 74 1 0.4397 -0.698 0 0 -18.247 7.213 22.409
1 75 18 0.4939 -0.052 0 0 -19.248 8.624 19.014
1 76 9 0.7951 0.0000 0 0 -18.790 5.441 16.962
1 77 7 0.6927 -0.515 0 0 -21.623 2.946 16.494
1 78 9 0.8795 0.0000 0 0 -19.344 0.355 14.915
1 79 15 0.9638 -0.687 0 0 -15.600 -0.151 14.583
1 80 12 0.9939 0.5968 0 0 -13.149 -1.549 12.041
1 81 12 0.9819 -0.748 0 0 -10.327 -3.241 13.964
1 82 22 0.9759 0.5456 0 0 -7.508 -2.770 11.483
1 83 15 0.8734 -0.367 0 0 -4.088 -4.405 11.505
1 84 0 0.7108 -0.382 0 0 -1.516 -4.718 8.726
1 85 11 0.5 -0.121 0 0 -0.700 -8.230 7.560
1 86 2 0.2831 0.1558 0 0 3.008 -7.309 7.412
1 87 2 0.3855 0.3803 0 0 3.008 -5.882 10.974
1 88 18 0.2469 -0.879 0 0 2.739 -8.512 13.723
1 89 13 0.3072 -0.286 0 0 2.627 -5.979 16.565
1 90 17 0.6024 0.4321 0 0 -0.419 -4.275 15.003
1 91 15 0.5843 -0.279 0 0 -2.187 -7.634 15.030
1 92 7 0.4036 -0.819 0 0 -1.135 -8.506 18.579
1 93 3 0.5060 -0.397 0 0 -2.512 -5.169 19.848
1 94 11 0.7530 0.6929 0 0 -6.001 -5.748 18.402
1 95 10 0.5180 -0.900 0 0 -7.306 -7.231 21.659
1 96 10 0.4698 -0.765 0 0 -6.166 -4.157 23.616
1 97 20 0.7168 0.2739 0 0 -8.017 -1.836 21.239
1 98 1 0.7048 -0.100 0 0 -11.126 -4.018 21.395
1 99 7 0.4457 -0.635 0 0 -11.075 -4.011 25.203
1 100 6 0.4638 0.1616 0 0 -10.631 -0.239 25.341
1 101 11 0.6265 0.9781 0 0 -13.684 0.252 23.113
1 102 13 0.4337 -0.084 0 0 -15.816 -2.046 25.276
1 103 1 0.1746 -0.128 0 0 -14.686 -0.209 28.406
1 104 22 0.2530 0.5610 0 0 -15.400 3.274 27.028
1 105 13 0.3192 0.8215 0 0 -18.806 2.325 25.634
1 106 3 0.0421 -0.983 0 0 -19.579 0.490 28.890
1 107 17 0.1024 0.3522 0 0 -20.825 -2.458 26.881
1 108 7 0.1506 -0.769 0 0 -19.644 -5.935 26.003
1 109 3 0.3795 -0.703 0 0 -20.375 -6.800 22.366
1 110 22 0.5783 0.3135 0 0 -20.010 -3.640 20.287
1 111 16 0.7771 -0.442 0 0 -20.388 -4.070 16.497
1 112 14 0.8975 -0.145 0 0 -16.885 -4.782 15.147
1 113 22 0.9397 0.1197 0 0 -15.133 -6.249 12.113
1 114 12 0.9216 -0.694 0 0 -11.528 -7.481 12.020
1 115 22 0.9518 0.7902 0 0 -9.649 -6.135 9.001
1 116 9 0.8493 0.0000 0 0 -6.242 -7.302 7.791
1 117 2 0.8433 0.3499 0 0 -4.944 -4.564 5.538
1 118 13 0.5903 0.1125 0 0 -2.082 -4.309 3.005
1 119 17 0.4578 0.2527 0 0 -2.834 -7.715 1.477
1 120 3 0.2108 0.3736 0 0 -0.986 -6.625 -1.684
1 121 12 0.0963 0.4194 0 0 2.418 -6.347 0.030
1 122 16 0.0120 -0.354 0 0 5.096 -9.059 0.298
1 123 17 0.0060 -0.476 0 0 6.502 -10.299 3.627
1 124 1 0.0662 0.4215 0 0 3.195 -11.170 5.250
1 125 18 0.0481 0.0615 0 0 3.777 -11.940 8.918
1 126 22 0.2289 0.8583 0 0 0.179 -12.593 9.927
1 127 3 0.0903 -0.957 0 0 -1.369 -15.664 8.313
1 128 18 0.2349 0.0056 0 0 -5.021 -15.591 7.263
1 129 13 0.0602 -0.869 0 0 -5.787 -18.553 9.547
1 130 6 0.1385 -0.211 0 0 -4.272 -16.657 12.504
1 131 0 0.4759 0.6203 0 0 -6.591 -13.731 11.848
1 132 6 0.3734 -0.344 0 0 -9.595 -15.983 11.294
1 133 3 0.1325 -0.824 0 0 -8.924 -17.764 14.598
1 134 12 0.4096 0.5844 0 0 -8.810 -14.430 16.444
1 135 0 0.5421 0.4254 0 0 -11.976 -13.176 14.740
1 136 1 0.2409 -0.918 0 0 -13.727 -16.444 15.479
1 137 17 0.1566 0.2859 0 0 -12.849 -16.095 19.167
1 138 20 0.4156 0.4941 0 0 -14.652 -12.740 19.243
1 139 9 0.3493 0.0000 0 0 -17.390 -14.047 16.966
1 140 11 0.6084 0.7080 0 0 -16.825 -11.267 14.432
1 141 16 0.6746 0.2478 0 0 -16.141 -11.297 10.661
1 142 15 0.7710 -0.139 0 0 -12.596 -11.146 9.303
1 143 11 0.8192 0.2298 0 0 -11.920 -9.365 6.000
1 144 7 0.7289 -0.827 0 0 -8.593 -9.033 4.166
1 145 18 0.8132 0.9894 0 0 -8.160 -5.665 2.493
1 146 17 0.6506 -0.975 0 0 -5.854 -3.626 0.314
1 147 0 0.6987 0.4381 0 0 -6.350 0.117 0.225
1 148 13 0.4277 -0.777 0 0 -4.073 0.005 -2.813
1 149 18 0.2891 -0.141 0 0 -5.939 -2.487 -5.019
1 150 1 0.4879 0.0858 0 0 -9.318 -1.814 -3.349
1 151 6 0.4819 -0.691 0 0 -9.686 -5.543 -2.603
1 152 9 0.6807 0.0000 0 0 -12.134 -6.106 0.271
1 153 22 0.8373 -0.052 0 0 -12.565 -2.395 1.044
1 154 3 0.7469 -0.795 0 0 -16.292 -2.099 0.275
1 155 3 0.7409 -0.398 0 0 -16.783 -5.538 1.828
1 156 0 0.9096 0.6657 0 0 -15.189 -4.468 5.120
1 157 15 0.9337 0.5792 0 0 -17.289 -1.325 5.586
1 158 20 0.7831 -0.487 0 0 -20.527 -2.880 4.315
1 159 18 0.8072 0.0433 0 0 -20.073 -5.859 6.639
1 160 12 0.8855 0.7926 0 0 -19.661 -3.443 9.551
1 161 22 0.7590 -0.267 0 0 -22.880 -1.654 8.562
1 162 1 0.5301 -0.145 0 0 -24.752 -4.962 8.427
1 163 7 0.5963 0.2461 0 0 -23.624 -5.625 12.013
1 164 11 0.5662 0.6724 0 0 -24.717 -2.193 13.264
1 165 1 0.3373 -0.131 0 0 -28.031 -2.521 11.437
1 166 13 0.1686 0.2766 0 0 -28.876 -5.528 13.635
1 167 10 0.1445 0.5165 0 0 -28.826 -3.352 16.783
1 168 13 0.1265 0.5147 0 0 -29.661 0.176 15.601
0 169 7 0 0 0 0 -29.661 0.176 15.601
0 170 13 0 0 0 0 -29.661 0.176 15.601
