0 1 9 0 0 0 0 0 0 0
1 2 14 0.0 0.4440 0 0 33.476 -1.074 -7.161
1 3 18 0.0683 0.3337 0 0 30.369 0.628 -8.498
1 4 7 0.2981 -0.067 0 0 30.879 3.361 -11.084
1 5 20 0.5465 -0.130 0 0 28.190 5.878 -12.066
1 6 13 0.6770 -0.636 0 0 28.495 7.752 -15.328
1 7 12 0.9006 0.1522 0 0 26.737 11.096 -14.864
1 8 22 0.9440 -0.703 0 0 26.070 13.775 -17.447
1 9 22 0.9875 0.3207 0 0 25.288 17.385 -16.555
1 10 22 0.9627 -0.060 0 0 23.371 19.106 -19.343
1 11 9 0.9068 0.4439 0 0 21.969 22.574 -19.806
1 12 0 0.7204 -0.415 0 0 22.508 25.891 -21.542
1 13 5 0.5776 -0.848 0 0 25.881 27.607 -21.587
1 14 9 0.5341 -0.017 0 0 26.517 29.596 -18.439
1 15 22 0.7763 0.5883 0 0 23.945 28.032 -16.105
1 16 9 0.8322 -0.645 0 0 26.731 26.718 -13.861
1 17 13 0.9316 0.0698 0 0 27.245 23.092 -14.867
1 18 17 0.8074 -0.584 0 0 31.012 23.326 -14.431
1 19 0 0.7142 -0.317 0 0 30.659 25.349 -11.230
1 20 12 0.8757 0.6441 0 0 28.320 22.764 -9.702
1 21 18 0.8695 0.3268 0 0 30.622 19.904 -10.628
1 22 11 0.6335 -0.453 0 0 33.723 21.717 -9.334
1 23 6 0.5838 -0.256 0 0 31.961 22.390 -6.047
1 24 12 0.6894 0.6757 0 0 31.002 18.711 -5.721
1 25 11 0.4906 0.4114 0 0 34.385 17.275 -6.706
1 26 6 0.3105 0.0937 0 0 36.855 19.990 -5.675
1 27 2 0.2732 -0.268 0 0 34.926 21.816 -2.932
1 28 10 0.1739 -0.176 0 0 35.399 25.363 -4.152
1 29 15 0.2484 0.2623 0 0 33.828 28.119 -6.212
1 30 22 0.0869 0.3583 0 0 35.520 31.017 -8.029
1 31 3 0.0621 0.0552 0 0 33.495 33.641 -9.926
0 32 7 0 0 0 0 33.495 33.641 -9.926
0 33 20 0 0 0 0 33.495 33.641 -9.926
0 34 3 0 0 0 0 33.495 33.641 -9.926
0 35 16 0 0 0 0 33.495 33.641 -9.926
0 36 18 0 0 0 0 33.495 33.641 -9.926
0 37 11 0 0 0 0 33.495 33.641 -9.926
1 38 7 0.3726 -0.315 0 0 37.665 20.988 -17.113
1 39 3 0.5962 -0.123 0 0 34.427 19.569 -18.561
1 40 17 0.5590 -0.587 0 0 35.182 16.075 -17.213
1 41 20 0.5403 0.3538 0 0 35.609 14.990 -13.606
1 42 1 0.4223 -0.496 0 0 36.275 11.722 -11.809
1 43 13 0.3540 -0.037 0 0 36.185 11.051 -8.040
1 44 6 0.1490 -0.870 0 0 35.345 8.336 -5.538
1 45 22 0.2236 0.9763 0 0 32.847 9.333 -2.881
1 46 22 0.1242 -0.979 0 0 30.693 7.520 -0.354
1 47 11 0.2670 0.9725 0 0 26.948 7.821 -0.806
1 48 3 0.0745 0.6380 0 0 24.665 6.231 1.775
1 49 9 0.0062 0.3268 0 0 27.538 3.974 2.825
1 50 7 0.0248 0.4817 0 0 28.193 2.730 -0.709
1 51 18 0.0310 -0.658 0 0 31.505 3.642 -2.260
1 52 17 0.1925 0.7173 0 0 31.256 4.606 -5.880
1 53 12 0.3291 -0.346 0 0 33.293 6.388 -8.479
1 54 12 0.6086 0.4596 0 0 31.512 9.320 -10.133
1 55 3 0.6211 -0.630 0 0 32.517 9.871 -13.756
1 56 11 0.8447 0.5118 0 0 30.971 13.179 -14.767
1 57 12 0.8509 -0.512 0 0 30.677 15.082 -18.063
1 58 3 0.8881 0.0224 0 0 29.433 18.678 -18.304
1 59 18 0.8385 0.0348 0 0 27.958 19.494 -21.722
1 60 0 0.7453 -0.396 0 0 25.700 22.021 -23.447
1 61 9 0.5155 0.8918 0 0 25.571 19.929 -26.634
1 62 6 0.3229 0.6595 0 0 27.570 22.405 -28.731
1 63 7 0.2857 0.9390 0 0 31.123 21.295 -27.867
1 64 7 0.0372 0.0664 0 0 33.881 20.394 -30.340
1 65 20 0.0931 -0.221 0 0 34.020 16.740 -29.253
1 66 17 0.1304 -0.708 0 0 30.533 15.673 -30.387
1 67 0 0.0434 -0.920 0 0 31.589 12.046 -30.830
1 68 14 0.1801 0.3375 0 0 32.553 11.920 -27.142
1 69 1 0.4409 -0.365 0 0 29.232 13.588 -26.281
1 70 3 0.3167 -0.717 0 0 27.138 11.008 -28.110
1 71 6 0.2360 -0.747 0 0 29.103 8.275 -26.370
1 72 20 0.5093 0.1147 0 0 28.594 9.809 -22.936
1 73 14 0.6273 0.2826 0 0 24.917 10.345 -23.723
1 74 1 0.3788 -0.741 0 0 24.523 6.638 -24.600
1 75 18 0.4099 -0.511 0 0 26.521 5.392 -21.596
1 76 9 0.6956 -0.187 0 0 25.301 8.059 -19.198
1 77 7 0.6708 -0.619 0 0 23.258 6.400 -16.492
1 78 9 0.8819 -0.692 0 0 21.853 9.582 -15.033
1 79 15 0.9751 -0.793 0 0 21.428 13.191 -16.100
1 80 12 0.9937 0.6893 0 0 21.222 16.529 -14.323
1 81 12 0.9813 -0.621 0 0 19.053 18.952 -16.278
1 82 22 0.9689 0.4940 0 0 20.385 22.337 -15.228
1 83 15 0.8633 -0.274 0 0 18.901 25.771 -15.678
1 84 0 0.6832 -0.244 0 0 19.624 29.034 -13.839
1 85 11 0.4596 -0.122 0 0 16.880 30.836 -11.926
1 86 2 0.2422 0.0016 0 0 17.954 34.101 -13.591
1 87 2 0.3602 0.5001 0 0 17.927 32.712 -17.146
1 88 18 0.2111 -0.898 0 0 14.482 32.143 -18.601
1 89 13 0.2919 -0.265 0 0 15.871 30.834 -21.857
1 90 17 0.5652 0.2442 0 0 17.854 28.173 -20.028
1 91 15 0.5714 -0.256 0 0 14.628 26.974 -18.359
1 92 7 0.3850 -0.845 0 0 12.882 26.926 -21.746
1 93 3 0.5031 -0.025 0 0 15.777 24.819 -23.114
1 94 11 0.7515 0.6662 0 0 15.212 22.026 -20.585
1 95 10 0.4968 -0.850 0 0 12.545 20.227 -22.658
1 96 10 0.4782 -0.090 0 0 14.970 20.066 -25.587
1 97 20 0.7639 0.3349 0 0 17.652 18.454 -23.452
1 98 1 0.7329 -0.206 0 0 15.268 15.879 -21.952
1 99 7 0.4347 -0.622 0 0 13.937 15.025 -25.398
1 100 6 0.4720 0.1875 0 0 17.481 14.570 -26.727
1 101 11 0.6397 0.9846 0 0 18.359 12.206 -23.870
1 102 13 0.4161 -0.076 0 0 15.215 10.112 -24.373
1 103 1 0.1863 -0.206 0 0 16.020 9.856 -28.065
1 104 22 0.2608 0.7309 0 0 19.613 8.706 -27.672
1 105 13 0.3354 0.7835 0 0 18.888 6.298 -24.814
1 106 3 0.0807 -0.936 0 0 15.873 5.023 -26.757
1 107 17 0.1366 0.4407 0 0 14.093 4.897 -23.407
1 108 7 0.1614 -0.737 0 0 11.279 6.583 -21.493
1 109 3 0.3478 -0.526 0 0 12.704 5.673 -18.070
1 110 22 0.6024 0.2163 0 0 16.030 7.492 -17.746
1 111 16 0.7950 -0.514 0 0 17.238 8.737 -14.349
1 112 14 0.9130 -0.306 0 0 17.094 12.543 -14.276
1 113 22 0.9503 0.0953 0 0 16.997 15.401 -11.805
1 114 12 0.9378 -0.739 0 0 15.938 18.955 -12.581
1 115 22 0.9565 0.7732 0 0 18.345 21.501 -11.094
1 116 9 0.8571 0.2040 0 0 17.636 25.201 -10.652
1 117 2 0.8260 0.3899 0 0 21.030 26.795 -10.048
1 118 13 0.5279 0.0846 0 0 22.209 30.239 -8.960
1 119 17 0.4285 0.7032 0 0 19.594 30.225 -6.165
1 120 3 0.1677 0.3373 0 0 21.761 32.628 -4.189
1 121 12 0.1055 0.3619 0 0 21.149 35.401 -6.714
1 122 16 0.0124 -0.444 0 0 18.405 37.988 -6.109
1 123 17 0.0186 -0.129 0 0 17.542 38.218 -9.808
1 124 1 0.0559 0.4398 0 0 14.904 35.582 -10.461
1 125 18 0.0496 -0.131 0 0 12.949 35.127 -13.664
1 126 22 0.2049 0.8843 0 0 11.970 31.451 -13.228
1 127 3 0.1180 -0.884 0 0 9.509 30.777 -10.352
1 128 18 0.2546 0.0264 0 0 10.160 27.810 -8.092
1 129 13 0.0993 -0.880 0 0 6.558 26.765 -8.820
1 130 6 0.1428 -0.307 0 0 7.226 26.702 -12.582
1 131 0 0.4844 0.4247 0 0 10.165 24.380 -12.010
1 132 6 0.3913 -0.366 0 0 8.327 22.192 -9.522
1 133 3 0.1552 -0.799 0 0 5.429 21.896 -11.967
1 134 12 0.4037 0.4977 0 0 7.770 20.891 -14.826
1 135 0 0.5527 0.4920 0 0 9.573 18.325 -12.726
1 136 1 0.3043 -0.711 0 0 6.226 16.877 -11.602
1 137 17 0.1987 -0.272 0 0 5.210 16.494 -15.257
1 138 20 0.4472 0.5120 0 0 8.451 14.659 -16.026
1 139 9 0.3975 -0.540 0 0 8.220 12.576 -12.856
1 140 11 0.6583 0.6647 0 0 11.652 13.613 -11.570
1 141 16 0.7267 0.2293 0 0 12.964 15.473 -8.538
1 142 15 0.7888 -0.212 0 0 13.570 19.228 -8.597
1 143 11 0.8198 0.3325 0 0 16.437 20.605 -6.498
1 144 7 0.7018 -0.885 0 0 17.378 24.253 -6.023
1 145 18 0.7826 0.9761 0 0 21.145 24.780 -5.957
1 146 17 0.6149 -0.993 0 0 23.885 27.328 -5.598
1 147 0 0.6521 0.5630 0 0 27.394 26.391 -6.692
1 148 13 0.3664 -0.737 0 0 28.484 29.529 -4.783
1 149 18 0.2298 -0.223 0 0 27.000 28.717 -1.361
1 150 1 0.4534 0.0334 0 0 26.955 24.927 -1.856
1 151 6 0.4658 -0.122 0 0 23.170 24.890 -1.282
1 152 9 0.6645 -0.975 0 0 21.739 21.656 -2.661
1 153 22 0.8136 -0.128 0 0 24.918 20.578 -4.471
1 154 3 0.7080 -0.910 0 0 25.469 17.220 -2.775
1 155 3 0.7391 -0.504 0 0 21.699 16.686 -2.724
1 156 0 0.9192 0.4258 0 0 21.439 17.133 -6.507
1 157 15 0.9254 0.4887 0 0 24.183 14.675 -7.410
1 158 20 0.7701 -0.524 0 0 23.408 12.168 -4.653
1 159 18 0.8012 0.1045 0 0 19.691 12.253 -5.466
1 160 12 0.8944 0.8189 0 0 20.643 11.442 -9.053
1 161 22 0.7577 -0.259 0 0 22.762 8.498 -7.877
1 162 1 0.5217 -0.048 0 0 19.774 7.338 -5.830
1 163 7 0.6459 0.5064 0 0 17.590 7.590 -8.964
1 164 11 0.5900 0.5888 0 0 20.102 5.409 -10.803
1 165 1 0.3416 0.0844 0 0 19.914 2.734 -8.105
1 166 13 0.2173 0.6288 0 0 16.108 2.793 -8.217
1 167 10 0.2795 0.3399 0 0 16.340 2.214 -11.970
1 168 13 0.1118 0.4289 0 0 18.731 -0.739 -11.679
0 169 7 0 0 0 0 18.731 -0.739 -11.679
0 170 13 0 0 0 0 18.731 -0.739 -11.679
