0 1 9 0 0 0 0 0 0 0
1 2 14 0.0062 0.2074 0 0 7.162 32.820 8.058
1 3 18 0.0937 0.3224 0 0 6.736 29.074 7.566
1 4 7 0.3187 -0.557 0 0 6.407 26.871 10.658
1 5 20 0.5812 -0.161 0 0 7.371 23.195 10.687
1 6 13 0.7125 -0.894 0 0 5.879 20.916 13.336
1 7 12 0.9 0.1492 0 0 8.476 18.277 14.181
1 8 22 0.9437 -0.704 0 0 8.185 15.179 16.369
1 9 22 0.9875 0.2039 0 0 11.085 13.232 17.876
1 10 22 0.9625 0.0172 0 0 10.332 9.536 18.370
1 11 9 0.8875 0.4436 0 0 12.190 6.466 19.562
1 12 0 0.7062 -0.373 0 0 12.688 4.185 22.522
1 13 5 0.5562 -0.864 0 0 12.911 5.475 26.068
1 14 9 0.5375 -0.037 0 0 16.330 6.901 26.894
1 15 22 0.7687 0.5784 0 0 17.859 7.231 23.428
1 16 9 0.8187 -0.625 0 0 18.250 10.991 23.944
1 17 13 0.9125 0.0799 0 0 15.202 12.555 22.302
1 18 17 0.8 -0.651 0 0 14.845 15.238 24.995
1 19 0 0.6937 -0.342 0 0 18.587 15.819 25.031
1 20 12 0.8812 0.6894 0 0 18.636 16.336 21.253
1 21 18 0.875 0.1549 0 0 15.827 18.855 21.463
1 22 11 0.6062 -0.498 0 0 17.441 20.776 24.318
1 23 6 0.575 -0.239 0 0 20.737 20.824 22.465
1 24 12 0.7 0.6943 0 0 19.030 22.168 19.316
1 25 11 0.5125 0.3406 0 0 17.038 24.900 21.076
1 26 6 0.2875 -0.145 0 0 19.173 25.841 24.103
1 27 2 0.2937 -0.198 0 0 22.637 24.651 23.017
1 28 10 0.1687 -0.645 0 0 23.049 22.869 26.348
1 29 15 0.2375 0.2423 0 0 23.518 19.306 27.609
1 30 22 0.0687 0.6805 0 0 22.658 18.440 31.224
0 31 3 0 0 0 0 22.658 18.440 31.224
0 32 7 0 0 0 0 22.658 18.440 31.224
0 33 20 0 0 0 0 22.658 18.440 31.224
0 34 3 0 0 0 0 22.658 18.440 31.224
0 35 16 0 0 0 0 22.658 18.440 31.224
0 36 18 0 0 0 0 22.658 18.440 31.224
0 37 11 0 0 0 0 22.658 18.440 31.224
0 38 7 0 0 0 0 22.658 18.440 31.224
1 39 3 0.1187 -0.067 0 0 11.341 24.486 29.047
1 40 17 0.3125 -0.316 0 0 11.718 25.498 25.391
1 41 20 0.525 -0.664 0 0 10.527 23.888 22.145
1 42 1 0.4375 -0.450 0 0 10.587 26.586 19.417
1 43 13 0.4 0.2947 0 0 13.470 27.947 17.317
1 44 6 0.2062 -0.971 0 0 13.781 30.335 14.382
1 45 22 0.3062 0.9989 0 0 16.321 29.080 11.841
1 46 22 0.1125 -0.961 0 0 17.623 29.797 8.353
1 47 11 0.2812 0.9806 0 0 17.768 26.758 6.058
1 48 3 0.0625 0.5961 0 0 18.826 26.973 2.407
1 49 9 0.0124 0.2751 0 0 18.180 30.708 2.484
1 50 7 0.0312 0.3295 0 0 14.643 30.403 3.862
1 51 18 0.0374 -0.619 0 0 13.975 31.522 7.433
1 52 17 0.2187 0.5554 0 0 11.610 29.193 9.290
1 53 12 0.3562 -0.834 0 0 10.160 28.373 12.708
1 54 12 0.6312 0.4466 0 0 10.829 24.918 14.136
1 55 3 0.625 -0.649 0 0 8.079 23.792 16.488
1 56 11 0.85 0.5234 0 0 9.129 20.591 18.218
1 57 12 0.7312 -0.080 0 0 5.974 19.076 19.633
1 58 3 0.6125 -0.790 0 0 6.318 18.663 23.390
1 59 18 0.5875 0.8802 0 0 5.181 15.130 24.163
1 60 0 0.4250 0.1452 0 0 6.528 15.050 27.720
1 61 9 0.1312 0.4579 0 0 4.116 13.807 30.377
1 62 6 0.1812 -0.398 0 0 1.715 12.519 27.716
1 63 7 0.4437 0.5752 0 0 3.847 10.326 25.439
1 64 7 0.1875 -0.599 0 0 2.895 7.362 27.647
1 65 20 0.0812 -0.528 0 0 -0.711 7.430 26.363
1 66 17 0.1062 -0.539 0 0 -1.514 5.856 22.984
1 67 0 0.0437 -0.940 0 0 -4.311 8.310 22.234
1 68 14 0.1562 -0.638 0 0 -2.041 11.316 22.772
1 69 1 0.4562 0.0185 0 0 0.697 9.702 20.722
1 70 3 0.3375 -0.734 0 0 -1.836 9.397 17.905
1 71 6 0.2687 -0.545 0 0 -2.773 13.072 18.104
1 72 20 0.55 -0.097 0 0 0.854 14.144 18.003
1 73 14 0.65 -0.021 0 0 1.567 11.838 15.065
1 74 1 0.3937 -0.757 0 0 -1.365 13.296 13.146
1 75 18 0.4625 -0.196 0 0 -0.258 16.847 13.966
1 76 9 0.7375 -0.053 0 0 3.434 16.364 13.209
1 77 7 0.7187 -0.586 0 0 4.728 17.119 9.706
1 78 9 0.8937 -0.676 0 0 7.983 15.231 10.027
1 79 15 0.975 -0.816 0 0 9.636 12.771 12.360
1 80 12 0.9937 0.7830 0 0 13.101 12.033 13.670
1 81 12 0.9812 -0.591 0 0 13.405 8.289 14.159
1 82 22 0.9687 0.4647 0 0 15.976 8.160 16.959
1 83 15 0.8687 -0.239 0 0 17.923 5.172 18.218
1 84 0 0.6687 -0.296 0 0 21.115 5.091 20.333
1 85 11 0.4937 -0.081 0 0 24.214 3.525 18.839
1 86 2 0.2437 -0.045 0 0 24.846 1.631 22.115
1 87 2 0.35 0.4659 0 0 21.314 0.275 22.294
1 88 18 0.2249 -0.880 0 0 20.654 -2.493 19.802
1 89 13 0.2624 -0.348 0 0 17.016 -2.913 20.842
1 90 17 0.5625 0.2054 0 0 16.321 0.776 20.201
1 91 15 0.5687 -0.233 0 0 17.566 0.272 16.637
1 92 7 0.375 -0.850 0 0 15.369 -2.831 16.298
1 93 3 0.5187 -0.051 0 0 12.410 -0.750 17.541
1 94 11 0.7625 0.7026 0 0 12.679 1.771 14.680
1 95 10 0.5312 -0.794 0 0 10.651 -0.207 12.121
1 96 10 0.4812 -0.525 0 0 7.607 -0.485 14.387
1 97 20 0.725 0.2049 0 0 7.641 3.265 15.071
1 98 1 0.7562 0.0080 0 0 7.884 4.109 11.373
1 99 7 0.4499 -0.578 0 0 5.026 1.733 10.576
1 100 6 0.4687 0.0274 0 0 2.846 3.229 13.332
1 101 11 0.6437 0.9976 0 0 3.371 6.742 12.013
1 102 13 0.4312 0.0309 0 0 2.455 5.627 8.497
1 103 1 0.1624 -0.240 0 0 -0.676 3.845 9.769
1 104 22 0.2562 0.4554 0 0 -1.874 6.732 11.983
1 105 13 0.3249 0.8357 0 0 -1.282 9.463 9.345
1 106 3 0.0749 -0.955 0 0 -2.736 7.117 6.691
1 107 17 0.1437 0.4877 0 0 0.178 7.768 4.315
1 108 7 0.1999 -0.925 0 0 3.045 5.795 2.781
1 109 3 0.3687 -0.526 0 0 4.894 9.091 2.318
1 110 22 0.6375 0.2019 0 0 5.685 10.808 5.618
1 111 16 0.825 -0.496 0 0 8.876 12.912 6.002
1 112 14 0.9187 -0.281 0 0 11.356 11.141 8.269
1 113 22 0.9562 0.0926 0 0 15.052 11.104 9.127
1 114 12 0.9375 -0.790 0 0 16.885 8.246 10.840
1 115 22 0.95 0.7556 0 0 19.069 9.439 13.730
1 116 9 0.8625 0.2122 0 0 21.751 7.381 15.464
1 117 2 0.8312 0.3720 0 0 22.405 9.213 18.722
1 118 13 0.5437 0.0687 0 0 25.126 8.986 21.421
1 119 17 0.4187 0.2933 0 0 27.881 8.887 18.790
1 120 3 0.1500 0.3475 0 0 30.368 10.097 21.444
1 121 12 0.0875 0.3851 0 0 30.173 6.827 23.375
1 122 16 0.0 -0.470 0 0 32.740 4.050 22.854
1 123 17 0.0187 0.0107 0 0 30.374 1.107 23.426
1 124 1 0.0562 0.5151 0 0 28.956 1.110 19.897
1 125 18 0.0500 -0.197 0 0 26.836 -1.981 19.147
1 126 22 0.2312 0.8315 0 0 24.910 -0.625 16.125
1 127 3 0.125 -0.793 0 0 27.316 0.002 13.298
1 128 18 0.275 -0.027 0 0 27.067 2.801 10.816
1 129 13 0.0999 -0.866 0 0 26.493 0.277 7.984
1 130 6 0.1750 -0.277 0 0 23.452 -1.338 9.635
1 131 0 0.5062 0.4057 0 0 21.806 2.056 9.980
1 132 6 0.3874 -0.280 0 0 22.775 3.243 6.513
1 133 3 0.1937 -0.784 0 0 21.327 0.047 5.051
1 134 12 0.4125 0.5518 0 0 18.052 0.695 6.866
1 135 0 0.5937 0.5043 0 0 17.776 4.336 5.785
1 136 1 0.3312 -0.894 0 0 18.668 3.392 2.190
1 137 17 0.2125 -0.178 0 0 15.837 0.871 2.158
1 138 20 0.475 0.5571 0 0 13.368 3.463 3.504
1 139 9 0.4062 -0.492 0 0 14.673 6.081 1.117
1 140 11 0.6812 0.6581 0 0 15.368 8.549 3.936
1 141 16 0.7812 0.2113 0 0 18.433 10.366 5.297
1 142 15 0.8125 -0.275 0 0 20.596 8.942 8.105
1 143 11 0.8562 0.2012 0 0 22.429 11.318 10.465
1 144 7 0.75 -0.802 0 0 24.713 10.310 13.337
1 145 18 0.7937 0.9753 0 0 24.406 12.633 16.313
1 146 17 0.6187 -0.993 0 0 25.495 13.365 19.819
1 147 0 0.6625 0.5169 0 0 23.372 15.543 22.049
1 148 13 0.3625 -0.739 0 0 26.488 15.804 24.257
1 149 18 0.25 -0.218 0 0 29.058 17.094 21.723
1 150 1 0.4875 0.0633 0 0 26.401 18.598 19.413
1 151 6 0.5 -0.249 0 0 27.706 16.447 16.554
1 152 9 0.6875 -0.979 0 0 25.064 16.279 13.825
1 153 22 0.8437 -0.137 0 0 22.301 17.927 15.859
1 154 3 0.7437 -0.904 0 0 21.502 20.889 13.588
1 155 3 0.775 -0.479 0 0 22.024 18.648 10.542
1 156 0 0.925 0.3896 0 0 19.438 16.118 11.787
1 157 15 0.9312 0.4398 0 0 16.717 18.698 12.326
1 158 20 0.8062 -0.539 0 0 17.562 20.808 9.284
1 159 18 0.8375 0.0879 0 0 17.627 17.724 7.061
1 160 12 0.9062 0.8060 0 0 14.175 16.826 8.369
1 161 22 0.7875 -0.319 0 0 12.914 20.269 7.358
1 162 1 0.6 -0.129 0 0 14.373 19.673 3.896
1 163 7 0.675 0.4893 0 0 12.420 16.393 3.723
1 164 11 0.6562 0.5712 0 0 9.216 18.125 4.772
1 165 1 0.3812 0.0381 0 0 9.766 20.737 2.054
1 166 13 0.3000 0.3898 0 0 10.276 18.089 -0.637
1 167 10 0.3437 0.3233 0 0 7.081 16.279 0.379
1 168 13 0.1374 0.3454 0 0 4.688 19.218 0.356
1 169 7 0.0250 0.3058 0 0 6.160 20.350 -2.989
0 170 13 0 0 0 0 6.160 20.350 -2.989
