0 1 9 0 0 0 0 0 0 0
1 2 14 0.0 0.2029 0 0 13.939 33.251 56.081
1 3 18 0.0463 -0.051 0 0 12.821 35.601 53.317
1 4 7 0.2119 -0.952 0 0 9.108 35.521 52.465
1 5 20 0.5231 -0.090 0 0 7.512 36.382 49.117
1 6 13 0.6423 -0.850 0 0 3.877 37.354 48.730
1 7 12 0.8940 0.2252 0 0 2.643 36.064 45.360
1 8 22 0.9139 -0.674 0 0 -0.809 36.657 43.919
1 9 22 0.9801 0.2335 0 0 -2.296 34.539 41.127
1 10 22 0.9337 -0.005 0 0 -4.801 36.453 39.021
1 11 9 0.8807 0.3606 0 0 -6.784 35.824 35.867
1 12 0 0.6490 -0.315 0 0 -10.217 34.936 34.580
1 13 5 0.4900 -0.895 0 0 -12.361 32.115 35.927
1 14 9 0.4834 -0.186 0 0 -11.248 28.703 34.711
1 15 22 0.7284 0.5729 0 0 -7.786 29.606 33.331
1 16 9 0.7748 -0.705 0 0 -6.063 27.297 35.823
1 17 13 0.9006 -0.055 0 0 -5.012 29.571 38.691
1 18 17 0.7350 -0.629 0 0 -5.862 26.920 41.277
1 19 0 0.6556 -0.284 0 0 -4.455 24.037 39.244
1 20 12 0.8741 0.7061 0 0 -1.180 25.904 38.781
1 21 18 0.8410 0.0953 0 0 -0.938 26.605 42.518
1 22 11 0.5562 -0.513 0 0 -1.737 22.988 43.442
1 23 6 0.5695 -0.152 0 0 0.862 21.711 40.973
1 24 12 0.6688 0.6781 0 0 3.537 23.962 42.507
1 25 11 0.4635 0.2361 0 0 2.694 23.089 46.123
1 26 6 0.2052 -0.143 0 0 1.554 19.462 45.891
1 27 2 0.2450 -0.131 0 0 3.179 18.347 42.620
1 28 10 0.1390 -0.317 0 0 0.039 16.836 41.134
1 29 15 0.1986 0.1739 0 0 -2.953 17.770 38.970
1 30 22 0.0794 0.8446 0 0 -6.676 17.368 39.663
0 31 3 0 0 0 0 -6.676 17.368 39.663
0 32 7 0 0 0 0 -6.676 17.368 39.663
0 33 20 0 0 0 0 -6.676 17.368 39.663
0 34 3 0 0 0 0 -6.676 17.368 39.663
0 35 16 0 0 0 0 -6.676 17.368 39.663
0 36 18 0 0 0 0 -6.676 17.368 39.663
0 37 11 0 0 0 0 -6.676 17.368 39.663
0 38 7 0 0 0 0 -6.676 17.368 39.663
0 39 3 0 0 0 0 -6.676 17.368 39.663
1 40 17 0.4039 -0.416 0 0 -3.795 31.472 51.020
1 41 20 0.4304 0.1520 0 0 -1.108 28.803 50.642
1 42 1 0.3774 -0.512 0 0 2.532 28.341 51.631
1 43 13 0.3708 0.2543 0 0 5.448 26.418 50.130
1 44 6 0.1655 -0.562 0 0 9.121 26.435 51.104
1 45 22 0.2582 0.9979 0 0 11.411 26.326 48.066
1 46 22 0.0860 -0.439 0 0 15.048 26.794 47.103
1 47 11 0.2913 0.9696 0 0 15.345 29.378 44.337
1 48 3 0.0728 0.7174 0 0 18.804 30.239 43.047
1 49 9 0.0198 0.3590 0 0 20.411 28.797 46.175
1 50 7 0.0264 0.2792 0 0 18.172 30.775 48.531
1 51 18 0.0331 -0.681 0 0 15.624 29.004 50.706
1 52 17 0.1721 0.1224 0 0 12.419 31.026 50.499
1 53 12 0.2715 -0.459 0 0 8.865 30.838 51.817
1 54 12 0.5761 0.5221 0 0 6.268 31.487 49.124
1 55 3 0.5496 -0.809 0 0 2.948 32.846 50.373
1 56 11 0.7814 0.4884 0 0 0.577 32.338 47.451
1 57 12 0.7483 -0.460 0 0 -2.819 33.998 47.197
1 58 3 0.8145 -0.284 0 0 -5.163 32.243 44.792
1 59 18 0.7086 0.6379 0 0 -7.700 34.911 43.804
1 60 0 0.5894 0.2795 0 0 -10.230 32.408 42.436
1 61 9 0.3245 0.4649 0 0 -13.551 33.788 43.696
0 62 6 0 0 0 0 -13.551 33.788 43.696
0 63 7 0 0 0 0 -13.551 33.788 43.696
0 64 7 0 0 0 0 -13.551 33.788 43.696
0 65 20 0 0 0 0 -13.551 33.788 43.696
0 66 17 0 0 0 0 -13.551 33.788 43.696
0 67 0 0 0 0 0 -13.551 33.788 43.696
0 68 14 0 0 0 0 -13.551 33.788 43.696
1 69 1 0.2980 0.3823 0 0 -9.125 42.476 46.994
1 70 3 0.1324 -0.910 0 0 -7.757 45.995 47.403
1 71 6 0.1258 -0.485 0 0 -5.503 44.823 50.217
1 72 20 0.4503 -0.190 0 0 -4.158 41.803 48.361
1 73 14 0.5364 -0.092 0 0 -3.064 43.927 45.407
1 74 1 0.3046 -0.806 0 0 -1.580 46.475 47.792
1 75 18 0.3443 -0.425 0 0 0.048 43.736 49.890
1 76 9 0.6357 -0.185 0 0 1.093 41.375 47.081
1 77 7 0.6622 -0.623 0 0 4.701 41.643 45.966
1 78 9 0.8874 -0.702 0 0 4.378 39.962 42.581
1 79 15 0.9602 -0.913 0 0 1.519 38.834 40.332
1 80 12 0.9933 0.8418 0 0 1.054 35.951 37.909
1 81 12 0.9867 -0.558 0 0 -1.242 37.153 35.110
1 82 22 0.9735 0.4107 0 0 -2.763 33.901 33.921
1 83 15 0.8543 -0.158 0 0 -4.775 33.340 30.734
1 84 0 0.6754 -0.341 0 0 -5.515 30.094 28.907
1 85 11 0.4701 0.0122 0 0 -4.226 29.658 25.362
1 86 2 0.2185 -0.054 0 0 -7.631 28.276 24.270
1 87 2 0.3178 0.4184 0 0 -9.601 31.168 25.765
1 88 18 0.1788 -0.868 0 0 -9.357 34.413 23.833
1 89 13 0.1920 -0.256 0 0 -11.538 36.285 26.335
1 90 17 0.5298 0.3359 0 0 -9.152 35.349 29.165
1 91 15 0.5827 -0.182 0 0 -6.259 36.873 27.196
1 92 7 0.3576 -0.858 0 0 -8.289 40.018 26.555
1 93 3 0.4966 -0.118 0 0 -9.006 40.160 30.296
1 94 11 0.7218 0.7294 0 0 -5.276 40.411 31.147
1 95 10 0.5033 -0.949 0 0 -5.317 44.166 30.398
1 96 10 0.4238 -0.154 0 0 -7.948 44.707 33.083
1 97 20 0.6887 0.3237 0 0 -5.997 42.812 35.732
1 98 1 0.6953 0.0295 0 0 -2.704 44.589 35.046
1 99 7 0.3907 -0.543 0 0 -4.289 48.048 35.016
1 100 6 0.3973 0.1310 0 0 -6.149 47.300 38.244
1 101 11 0.5629 0.9969 0 0 -2.927 46.262 39.977
1 102 13 0.3841 0.0364 0 0 -0.909 49.249 38.744
1 103 1 0.1125 0.3990 0 0 -3.645 51.592 39.937
1 104 22 0.1456 0.3802 0 0 -3.925 50.095 43.435
1 105 13 0.2516 0.8071 0 0 -0.216 49.567 44.086
1 106 3 0.0529 0.0384 0 0 0.262 53.051 42.633
1 107 17 0.0993 0.3364 0 0 3.428 52.156 40.740
1 108 7 0.1589 -0.976 0 0 4.647 51.517 37.194
1 109 3 0.3311 -0.392 0 0 7.270 48.990 38.279
1 110 22 0.5960 0.1330 0 0 5.353 46.021 39.679
1 111 16 0.8013 -0.571 0 0 6.712 42.461 39.491
1 112 14 0.9205 -0.375 0 0 4.542 40.391 37.152
1 113 22 0.9668 0.1733 0 0 4.789 37.398 34.829
1 114 12 0.9470 -0.828 0 0 2.370 36.626 31.974
1 115 22 0.9536 0.7637 0 0 1.378 32.966 32.018
1 116 9 0.8609 0.2831 0 0 -0.282 31.218 29.092
1 117 2 0.8211 0.2996 0 0 -1.718 28.075 30.588
1 118 13 0.5430 0.0367 0 0 -3.254 24.885 29.130
1 119 17 0.4172 0.5241 0 0 -0.445 24.519 26.580
1 120 3 0.1523 0.2919 0 0 -1.226 20.796 26.246
1 121 12 0.0662 0.3733 0 0 -4.532 21.466 24.472
1 122 16 0.0066 -0.546 0 0 -4.586 21.536 20.660
1 123 17 0.0132 -0.281 0 0 -7.330 24.170 20.143
1 124 1 0.0596 0.5159 0 0 -5.103 27.222 20.667
1 125 18 0.0397 -0.251 0 0 -6.652 30.567 19.765
1 126 22 0.2251 0.8331 0 0 -4.055 32.850 21.407
1 127 3 0.1192 -0.766 0 0 -0.767 32.428 19.562
1 128 18 0.2847 -0.027 0 0 2.661 32.543 21.153
1 129 13 0.0927 -0.852 0 0 3.584 35.726 19.269
1 130 6 0.1854 -0.318 0 0 0.481 37.547 20.582
1 131 0 0.5165 0.3717 0 0 1.447 36.694 24.133
1 132 6 0.4105 -0.342 0 0 5.157 37.447 23.661
1 133 3 0.2384 -0.825 0 0 4.239 40.827 22.196
1 134 12 0.4437 0.4488 0 0 1.919 41.677 25.082
1 135 0 0.6225 0.4964 0 0 4.571 40.677 27.602
1 136 1 0.3509 -0.731 0 0 7.133 42.824 25.757
1 137 17 0.2649 -0.103 0 0 4.741 45.790 25.947
1 138 20 0.5099 0.4742 0 0 4.431 45.285 29.702
1 139 9 0.4370 -0.497 0 0 8.170 44.693 30.166
1 140 11 0.7152 0.6463 0 0 7.564 41.337 31.847
1 141 16 0.7947 0.1917 0 0 8.420 37.677 31.174
1 142 15 0.8278 -0.269 0 0 6.053 35.340 29.307
1 143 11 0.8675 0.3859 0 0 5.937 31.651 30.233
1 144 7 0.7549 -0.871 0 0 3.809 28.937 28.613
1 145 18 0.7880 0.9747 0 0 2.498 26.418 31.114
1 146 17 0.6092 -0.978 0 0 0.492 23.295 31.608
1 147 0 0.6291 0.5234 0 0 -0.810 22.578 35.079
1 148 13 0.3377 -0.769 0 0 -1.750 19.186 33.662
1 149 18 0.2317 -0.220 0 0 1.708 18.086 32.508
1 150 1 0.4569 0.0421 0 0 3.624 20.460 34.824
1 151 6 0.4768 -0.182 0 0 5.392 22.058 31.831
1 152 9 0.7019 -0.978 0 0 6.620 25.517 32.819
1 153 22 0.8344 -0.228 0 0 4.932 25.555 36.230
1 154 3 0.7417 -0.930 0 0 8.063 25.883 38.370
1 155 3 0.7682 -0.420 0 0 9.486 28.238 35.766
1 156 0 0.9403 0.4014 0 0 6.476 30.568 36.116
1 157 15 0.9271 0.3681 0 0 6.591 30.878 39.927
1 158 20 0.8079 -0.586 0 0 10.402 30.931 40.168
1 159 18 0.8476 0.1741 0 0 10.565 33.619 37.476
1 160 12 0.9072 0.7385 0 0 8.091 35.740 39.445
1 161 22 0.7615 -0.336 0 0 10.211 35.358 42.608
1 162 1 0.6026 -0.051 0 0 13.196 36.487 40.554
1 163 7 0.6821 0.5565 0 0 11.302 39.556 39.332
1 164 11 0.6158 0.5305 0 0 10.377 40.435 42.922
1 165 1 0.3642 0.0732 0 0 14.044 40.159 43.926
1 166 13 0.2781 0.3932 0 0 15.094 42.522 41.124
1 167 10 0.3112 0.2563 0 0 12.460 44.972 42.359
1 168 13 0.1059 0.9442 0 0 13.525 44.753 46.012
0 169 7 0 0 0 0 13.525 44.753 46.012
0 170 13 0 0 0 0 13.525 44.753 46.012
