0 1 9 0 0 0 0 0 0 0
1 2 14 0.0 0.1316 0 0 13.833 33.690 55.848
1 3 18 0.0540 -0.028 0 0 12.633 36.307 53.380
1 4 7 0.2364 -0.951 0 0 8.942 36.199 52.472
1 5 20 0.5337 -0.068 0 0 7.392 37.011 49.097
1 6 13 0.6486 -0.852 0 0 3.736 37.951 48.718
1 7 12 0.8851 0.2272 0 0 2.549 36.746 45.311
1 8 22 0.9054 -0.698 0 0 -0.891 37.362 43.863
1 9 22 0.9729 0.2226 0 0 -2.273 35.234 41.050
1 10 22 0.9256 0.0049 0 0 -4.807 37.140 38.936
1 11 9 0.8783 0.3712 0 0 -6.805 36.475 35.809
1 12 0 0.6283 -0.286 0 0 -10.231 35.610 34.516
1 13 5 0.4662 -0.921 0 0 -12.377 32.778 35.876
1 14 9 0.4527 -0.195 0 0 -11.222 29.389 34.611
1 15 22 0.7094 0.5450 0 0 -7.787 30.354 33.262
1 16 9 0.75 -0.717 0 0 -6.106 28.011 35.765
1 17 13 0.8986 -0.047 0 0 -4.997 30.263 38.628
1 18 17 0.7027 -0.681 0 0 -5.866 27.547 41.163
1 19 0 0.6351 -0.264 0 0 -4.379 24.713 39.113
1 20 12 0.8648 0.7073 0 0 -1.115 26.639 38.761
1 21 18 0.8243 0.0574 0 0 -1.018 27.427 42.495
1 22 11 0.5405 -0.535 0 0 -1.735 23.838 43.541
1 23 6 0.5608 -0.126 0 0 0.787 22.516 41.004
1 24 12 0.6689 0.6641 0 0 3.550 24.717 42.448
1 25 11 0.4459 0.2604 0 0 2.775 23.858 46.069
1 26 6 0.1891 -0.123 0 0 1.588 20.235 45.951
1 27 2 0.2229 0.5709 0 0 3.175 19.069 42.687
1 28 10 0.1351 -0.358 0 0 -0.043 17.633 41.227
1 29 15 0.2297 0.0892 0 0 -2.773 18.750 38.812
0 30 22 0 0 0 0 -2.773 18.750 38.812
0 31 3 0 0 0 0 -2.773 18.750 38.812
0 32 7 0 0 0 0 -2.773 18.750 38.812
0 33 20 0 0 0 0 -2.773 18.750 38.812
0 34 3 0 0 0 0 -2.773 18.750 38.812
0 35 16 0 0 0 0 -2.773 18.750 38.812
0 36 18 0 0 0 0 -2.773 18.750 38.812
0 37 11 0 0 0 0 -2.773 18.750 38.812
0 38 7 0 0 0 0 -2.773 18.750 38.812
0 39 3 0 0 0 0 -2.773 18.750 38.812
1 40 17 0.3918 0.0050 0 0 -3.370 32.345 51.309
1 41 20 0.4121 0.2247 0 0 -0.940 29.507 50.564
1 42 1 0.3310 -0.525 0 0 2.616 29.157 51.878
1 43 13 0.3378 0.8073 0 0 5.483 27.175 50.324
1 44 6 0.1418 -0.582 0 0 9.184 27.093 51.189
1 45 22 0.2567 0.9965 0 0 11.408 27.041 48.109
1 46 22 0.0810 -0.463 0 0 15.029 27.620 47.128
1 47 11 0.3040 0.9715 0 0 15.399 30.250 44.381
1 48 3 0.0743 0.7126 0 0 18.819 31.416 43.165
1 49 9 0.0202 0.3342 0 0 20.484 29.934 46.246
1 50 7 0.0270 0.3163 0 0 18.052 31.626 48.638
1 51 18 0.0337 -0.718 0 0 15.657 29.719 50.879
1 52 17 0.1621 0.7002 0 0 12.439 31.736 50.719
1 53 12 0.2635 -0.482 0 0 8.843 31.718 51.926
1 54 12 0.5540 0.5390 0 0 6.241 32.170 49.184
1 55 3 0.5472 -0.823 0 0 2.868 33.535 50.312
1 56 11 0.7635 0.4975 0 0 0.524 32.987 47.359
1 57 12 0.7364 -0.497 0 0 -2.922 34.553 47.169
1 58 3 0.7972 -0.268 0 0 -4.985 32.768 44.544
1 59 18 0.6959 0.6328 0 0 -7.634 35.402 43.841
1 60 0 0.5675 0.3776 0 0 -10.166 32.789 42.711
0 61 9 0 0 0 0 -10.166 32.789 42.711
0 62 6 0 0 0 0 -10.166 32.789 42.711
0 63 7 0 0 0 0 -10.166 32.789 42.711
0 64 7 0 0 0 0 -10.166 32.789 42.711
0 65 20 0 0 0 0 -10.166 32.789 42.711
0 66 17 0 0 0 0 -10.166 32.789 42.711
0 67 0 0 0 0 0 -10.166 32.789 42.711
0 68 14 0 0 0 0 -10.166 32.789 42.711
0 69 1 0 0 0 0 -10.166 32.789 42.711
1 70 3 0.1283 0.5164 0 0 -8.002 46.340 47.617
1 71 6 0.1148 -0.566 0 0 -5.712 45.216 50.433
1 72 20 0.4256 -0.407 0 0 -4.413 42.206 48.494
1 73 14 0.5067 0.2334 0 0 -3.150 44.501 45.761
1 74 1 0.2972 -0.725 0 0 -1.445 46.923 48.121
1 75 18 0.3445 -0.209 0 0 0.073 44.051 50.116
1 76 9 0.6418 -0.226 0 0 0.996 41.937 47.107
1 77 7 0.6554 -0.624 0 0 4.583 42.404 46.003
1 78 9 0.8918 -0.729 0 0 4.268 40.694 42.635
1 79 15 0.9662 -0.924 0 0 1.453 39.615 40.312
1 80 12 0.9932 0.8628 0 0 1.044 36.737 37.863
1 81 12 0.9864 -0.523 0 0 -1.220 37.972 35.078
1 82 22 0.9594 0.4023 0 0 -2.728 34.732 33.847
1 83 15 0.8445 -0.142 0 0 -4.749 34.132 30.686
1 84 0 0.6621 -0.385 0 0 -5.456 30.889 28.860
1 85 11 0.4729 -0.007 0 0 -4.154 30.463 25.313
1 86 2 0.2027 -0.077 0 0 -7.554 29.090 24.210
1 87 2 0.2770 0.4120 0 0 -9.555 31.971 25.693
1 88 18 0.1756 -0.864 0 0 -9.296 35.233 23.792
1 89 13 0.1824 -0.256 0 0 -11.437 37.132 26.275
1 90 17 0.5135 0.2122 0 0 -9.093 36.131 29.096
1 91 15 0.5743 -0.152 0 0 -6.220 37.637 27.161
1 92 7 0.3513 -0.864 0 0 -8.210 40.789 26.487
1 93 3 0.4797 -0.120 0 0 -8.944 40.959 30.241
1 94 11 0.7162 0.7480 0 0 -5.214 41.252 31.111
1 95 10 0.4932 -0.945 0 0 -5.294 44.990 30.351
1 96 10 0.3986 -0.171 0 0 -7.977 45.544 32.990
1 97 20 0.6756 0.3098 0 0 -6.029 43.616 35.649
1 98 1 0.6824 0.0518 0 0 -2.736 45.427 35.015
1 99 7 0.3783 -0.544 0 0 -4.384 48.847 35.114
1 100 6 0.3851 0.1709 0 0 -6.265 48.003 38.315
1 101 11 0.5810 0.9985 0 0 -3.057 46.904 40.063
1 102 13 0.3716 -0.007 0 0 -1.035 49.922 38.936
1 103 1 0.1013 -0.298 0 0 -3.778 52.206 40.198
1 104 22 0.1554 0.4101 0 0 -4.370 50.552 43.587
1 105 13 0.2432 0.8041 0 0 -0.646 50.253 44.328
1 106 3 0.0472 -0.038 0 0 -0.265 53.782 42.894
1 107 17 0.1081 0.5225 0 0 2.953 52.715 41.142
1 108 7 0.1689 -0.968 0 0 4.229 52.257 37.572
1 109 3 0.3243 -0.430 0 0 6.958 49.807 38.633
1 110 22 0.5878 0.1258 0 0 5.083 46.787 39.964
1 111 16 0.7905 -0.588 0 0 6.644 43.320 39.565
1 112 14 0.9189 -0.391 0 0 4.515 41.261 37.155
1 113 22 0.9797 0.1915 0 0 4.792 38.241 34.852
1 114 12 0.9459 -0.849 0 0 2.418 37.471 31.975
1 115 22 0.9527 0.7485 0 0 1.427 33.800 31.972
1 116 9 0.8581 0.3163 0 0 -0.219 32.062 29.041
1 117 2 0.8175 0.2738 0 0 -1.669 28.878 30.508
1 118 13 0.5270 0.0117 0 0 -3.179 25.691 29.003
1 119 17 0.4054 0.5251 0 0 -0.364 25.391 26.446
1 120 3 0.1486 0.2834 0 0 -1.093 21.679 25.987
1 121 12 0.0675 0.3460 0 0 -4.457 22.335 24.314
1 122 16 0.0067 -0.529 0 0 -4.671 22.450 20.489
1 123 17 0.0135 0.0041 0 0 -7.413 25.116 20.031
1 124 1 0.0608 0.5146 0 0 -5.011 28.038 20.490
1 125 18 0.0405 -0.243 0 0 -6.641 31.399 19.749
1 126 22 0.2094 0.8140 0 0 -3.991 33.651 21.330
1 127 3 0.1216 -0.929 0 0 -0.671 33.447 19.477
1 128 18 0.2905 -0.103 0 0 2.747 33.424 21.115
1 129 13 0.0945 -0.847 0 0 3.680 36.652 19.303
1 130 6 0.1959 -0.340 0 0 0.555 38.464 20.594
1 131 0 0.5202 0.3622 0 0 1.524 37.592 24.136
1 132 6 0.4189 -0.317 0 0 5.227 38.387 23.687
1 133 3 0.25 -0.824 0 0 4.308 41.773 22.209
1 134 12 0.4391 0.4495 0 0 1.987 42.609 25.122
1 135 0 0.6216 0.5000 0 0 4.650 41.597 27.633
1 136 1 0.3581 -0.732 0 0 7.196 43.775 25.771
1 137 17 0.2702 -0.113 0 0 4.798 46.731 25.973
1 138 20 0.5 0.4763 0 0 4.491 46.212 29.717
1 139 9 0.4324 -0.505 0 0 8.219 45.588 30.208
1 140 11 0.7297 0.6423 0 0 7.625 42.203 31.851
1 141 16 0.8108 0.1769 0 0 8.422 38.532 31.215
1 142 15 0.8378 -0.280 0 0 6.083 36.189 29.363
1 143 11 0.8716 0.3364 0 0 5.943 32.496 30.250
1 144 7 0.7567 -0.872 0 0 3.873 29.773 28.609
1 145 18 0.7837 0.9765 0 0 2.539 27.230 31.047
1 146 17 0.5945 -0.965 0 0 0.581 24.035 31.390
1 147 0 0.6081 0.5555 0 0 -0.683 23.306 34.889
1 148 13 0.3175 -0.774 0 0 -1.708 19.932 33.450
1 149 18 0.2162 -0.227 0 0 1.782 18.850 32.368
1 150 1 0.4594 0.0351 0 0 3.564 21.252 34.775
1 151 6 0.4864 -0.154 0 0 5.501 22.862 31.889
1 152 9 0.7229 -0.979 0 0 6.647 26.355 32.826
1 153 22 0.8310 -0.273 0 0 4.985 26.337 36.248
1 154 3 0.7432 -0.935 0 0 8.098 26.672 38.391
1 155 3 0.7770 -0.418 0 0 9.527 29.065 35.817
1 156 0 0.9391 0.3741 0 0 6.505 31.378 36.143
1 157 15 0.9324 0.3435 0 0 6.594 31.662 39.953
1 158 20 0.8040 -0.585 0 0 10.399 31.753 40.255
1 159 18 0.8513 0.1557 0 0 10.543 34.437 37.544
1 160 12 0.9121 0.7341 0 0 8.066 36.552 39.486
1 161 22 0.7702 -0.339 0 0 10.183 36.139 42.641
1 162 1 0.6013 -0.041 0 0 13.192 37.299 40.646
1 163 7 0.6891 0.5673 0 0 11.266 40.368 39.445
1 164 11 0.6148 0.5175 0 0 10.296 41.224 43.021
1 165 1 0.3648 0.0659 0 0 13.943 40.964 44.021
1 166 13 0.2837 0.3771 0 0 15.013 43.363 41.272
1 167 10 0.3108 0.2437 0 0 12.372 45.796 42.481
1 168 13 0.0878 0.4134 0 0 13.414 45.681 46.127
0 169 7 0 0 0 0 13.414 45.681 46.127
0 170 13 0 0 0 0 13.414 45.681 46.127
