0 1 9 0 0 0 0 0 0 0
1 2 14 0.0 0.4935 0 0 33.680 -0.426 -7.417
1 3 18 0.0683 0.3396 0 0 30.610 1.388 -8.675
1 4 7 0.2919 -0.042 0 0 31.064 4.233 -11.140
1 5 20 0.5465 -0.130 0 0 28.317 6.701 -12.100
1 6 13 0.6770 -0.649 0 0 28.538 8.558 -15.409
1 7 12 0.9006 0.1367 0 0 26.810 11.933 -14.905
1 8 22 0.9503 -0.721 0 0 26.150 14.617 -17.471
1 9 22 0.9875 0.3184 0 0 25.334 18.228 -16.587
1 10 22 0.9627 -0.080 0 0 23.433 19.965 -19.377
1 11 9 0.9068 0.4496 0 0 22.063 23.470 -19.810
1 12 0 0.7204 -0.424 0 0 22.594 26.777 -21.581
1 13 5 0.5776 -0.870 0 0 25.937 28.538 -21.628
1 14 9 0.5341 -0.025 0 0 26.596 30.476 -18.427
1 15 22 0.7763 0.5820 0 0 24.016 28.838 -16.131
1 16 9 0.8322 -0.657 0 0 26.786 27.566 -13.853
1 17 13 0.9316 0.0792 0 0 27.297 23.928 -14.873
1 18 17 0.8074 -0.624 0 0 31.060 24.198 -14.439
1 19 0 0.7142 -0.287 0 0 30.653 26.223 -11.224
1 20 12 0.8757 0.6487 0 0 28.377 23.583 -9.698
1 21 18 0.8695 0.3298 0 0 30.698 20.750 -10.668
1 22 11 0.6335 -0.460 0 0 33.794 22.564 -9.354
1 23 6 0.5900 -0.235 0 0 32.024 23.175 -6.040
1 24 12 0.6894 0.6734 0 0 31.105 19.494 -5.776
1 25 11 0.4906 0.4271 0 0 34.525 18.114 -6.745
1 26 6 0.3105 0.0973 0 0 36.959 20.841 -5.664
1 27 2 0.2795 -0.299 0 0 34.951 22.609 -2.935
1 28 10 0.1925 -0.173 0 0 35.399 26.165 -4.126
1 29 15 0.2546 0.2723 0 0 33.852 28.960 -6.178
1 30 22 0.0869 0.4014 0 0 35.608 31.861 -7.924
1 31 3 0.0496 0.2802 0 0 33.959 34.643 -9.932
0 32 7 0 0 0 0 33.959 34.643 -9.932
0 33 20 0 0 0 0 33.959 34.643 -9.932
0 34 3 0 0 0 0 33.959 34.643 -9.932
0 35 16 0 0 0 0 33.959 34.643 -9.932
0 36 18 0 0 0 0 33.959 34.643 -9.932
0 37 11 0 0 0 0 33.959 34.643 -9.932
1 38 7 0.3726 -0.280 0 0 37.891 21.736 -17.193
1 39 3 0.5527 -0.888 0 0 34.752 20.362 -18.886
1 40 17 0.5652 -0.547 0 0 35.250 16.927 -17.313
1 41 20 0.5403 0.3307 0 0 35.752 15.884 -13.696
1 42 1 0.4223 -0.500 0 0 36.347 12.603 -11.891
1 43 13 0.3540 -0.047 0 0 36.289 11.910 -8.125
1 44 6 0.1490 -0.867 0 0 35.519 9.177 -5.633
1 45 22 0.2298 0.9851 0 0 32.979 10.110 -3.000
1 46 22 0.1304 -0.977 0 0 30.796 8.364 -0.432
1 47 11 0.2670 0.9710 0 0 27.028 8.632 -0.809
1 48 3 0.0807 0.6429 0 0 24.736 6.981 1.746
1 49 9 0.0062 0.3339 0 0 27.620 4.737 2.778
1 50 7 0.0248 0.4906 0 0 28.344 3.574 -0.763
1 51 18 0.0310 -0.671 0 0 31.629 4.447 -2.364
1 52 17 0.1863 0.7108 0 0 31.485 5.352 -5.988
1 53 12 0.3229 -0.353 0 0 33.410 7.274 -8.560
1 54 12 0.6086 0.4428 0 0 31.588 10.156 -10.204
1 55 3 0.6273 -0.613 0 0 32.605 10.769 -13.789
1 56 11 0.8509 0.4966 0 0 31.025 14.070 -14.774
1 57 12 0.8571 -0.482 0 0 30.751 15.955 -18.099
1 58 3 0.8881 -0.002 0 0 29.473 19.568 -18.320
1 59 18 0.8385 0.0046 0 0 27.939 20.436 -21.731
1 60 0 0.7577 -0.426 0 0 25.627 22.990 -23.410
1 61 9 0.5217 0.8849 0 0 25.627 20.985 -26.664
1 62 6 0.3167 0.6233 0 0 27.643 23.395 -28.826
1 63 7 0.2981 0.9397 0 0 31.135 22.163 -27.883
1 64 7 0.0434 0.0936 0 0 33.880 21.178 -30.337
1 65 20 0.0745 0.0457 0 0 34.062 17.431 -29.653
1 66 17 0.1242 -0.571 0 0 30.508 16.525 -30.710
1 67 0 0.0372 -0.926 0 0 31.374 12.837 -31.140
1 68 14 0.1614 0.3746 0 0 32.483 12.659 -27.507
1 69 1 0.4347 -0.433 0 0 29.200 14.366 -26.569
1 70 3 0.3291 -0.628 0 0 26.809 11.889 -28.204
1 71 6 0.2236 -0.762 0 0 29.038 9.210 -26.692
1 72 20 0.5031 -0.353 0 0 28.774 10.773 -23.237
1 73 14 0.6149 0.2110 0 0 25.033 11.096 -23.748
1 74 1 0.3788 -0.760 0 0 24.601 7.413 -24.655
1 75 18 0.4099 -0.461 0 0 26.780 6.335 -21.721
1 76 9 0.6956 -0.158 0 0 25.493 8.919 -19.252
1 77 7 0.6832 -0.611 0 0 23.388 7.265 -16.567
1 78 9 0.8819 -0.688 0 0 21.938 10.430 -15.110
1 79 15 0.9751 -0.787 0 0 21.477 14.044 -16.141
1 80 12 0.9937 0.6782 0 0 21.300 17.358 -14.320
1 81 12 0.9813 -0.639 0 0 19.118 19.752 -16.303
1 82 22 0.9689 0.5092 0 0 20.406 23.139 -15.274
1 83 15 0.8633 -0.286 0 0 18.929 26.580 -15.696
1 84 0 0.6708 -0.249 0 0 19.658 29.870 -13.866
1 85 11 0.4596 -0.137 0 0 16.917 31.652 -11.943
1 86 2 0.2422 0.0005 0 0 17.948 34.931 -13.586
1 87 2 0.3602 0.4851 0 0 17.928 33.549 -17.153
1 88 18 0.2173 -0.884 0 0 14.487 32.969 -18.607
1 89 13 0.2857 -0.244 0 0 15.843 31.633 -21.876
1 90 17 0.5838 0.2286 0 0 17.868 29.003 -20.017
1 91 15 0.5714 -0.252 0 0 14.636 27.791 -18.387
1 92 7 0.3850 -0.846 0 0 12.897 27.780 -21.775
1 93 3 0.5093 -0.006 0 0 15.800 25.693 -23.152
1 94 11 0.7515 0.6668 0 0 15.256 22.847 -20.625
1 95 10 0.4968 -0.853 0 0 12.635 21.050 -22.732
1 96 10 0.4782 -0.103 0 0 15.018 20.817 -25.699
1 97 20 0.7639 0.3392 0 0 17.720 19.260 -23.533
1 98 1 0.7329 -0.290 0 0 15.318 16.729 -22.004
1 99 7 0.4409 -0.610 0 0 13.926 15.843 -25.426
1 100 6 0.4720 0.2429 0 0 17.454 15.425 -26.804
1 101 11 0.6459 0.9858 0 0 18.458 13.046 -23.993
1 102 13 0.4161 0.1429 0 0 15.344 10.912 -24.415
1 103 1 0.1801 -0.213 0 0 16.051 10.611 -28.134
1 104 22 0.2608 0.7248 0 0 19.699 9.563 -27.842
1 105 13 0.3354 0.8006 0 0 19.106 7.224 -24.895
1 106 3 0.0931 0.0985 0 0 16.164 5.874 -26.900
1 107 17 0.1366 0.4720 0 0 14.346 5.719 -23.574
1 108 7 0.1739 -0.757 0 0 11.504 7.257 -21.567
1 109 3 0.3478 -0.485 0 0 12.932 6.405 -18.116
1 110 22 0.6024 0.2320 0 0 16.214 8.291 -17.819
1 111 16 0.7950 -0.518 0 0 17.322 9.517 -14.369
1 112 14 0.9130 -0.279 0 0 17.196 13.339 -14.299
1 113 22 0.9440 0.0903 0 0 17.081 16.215 -11.842
1 114 12 0.9378 -0.741 0 0 15.997 19.769 -12.610
1 115 22 0.9565 0.7712 0 0 18.388 22.322 -11.128
1 116 9 0.8447 0.2184 0 0 17.669 26.010 -10.683
1 117 2 0.8260 0.3846 0 0 21.048 27.595 -10.072
1 118 13 0.5279 0.0874 0 0 22.207 31.055 -8.987
1 119 17 0.4285 0.6989 0 0 19.623 31.012 -6.168
1 120 3 0.1677 0.3440 0 0 21.745 33.493 -4.247
1 121 12 0.1055 0.3778 0 0 21.165 36.265 -6.785
1 122 16 0.0124 -0.455 0 0 18.401 38.828 -6.180
1 123 17 0.0186 -0.176 0 0 17.501 39.059 -9.871
1 124 1 0.0621 0.4449 0 0 14.906 36.391 -10.471
1 125 18 0.0559 -0.115 0 0 12.950 35.952 -13.665
1 126 22 0.2049 0.8798 0 0 11.998 32.259 -13.262
1 127 3 0.1180 -0.886 0 0 9.550 31.551 -10.406
1 128 18 0.2484 0.0272 0 0 10.149 28.593 -8.147
1 129 13 0.0993 -0.873 0 0 6.539 27.549 -8.843
1 130 6 0.1428 -0.252 0 0 7.264 27.467 -12.611
1 131 0 0.4844 0.4438 0 0 10.161 25.118 -12.059
1 132 6 0.3913 -0.345 0 0 8.316 22.947 -9.539
1 133 3 0.1552 -0.797 0 0 5.436 22.640 -12.005
1 134 12 0.4037 0.5060 0 0 7.803 21.648 -14.818
1 135 0 0.5590 0.5066 0 0 9.602 19.061 -12.700
1 136 1 0.3043 -0.702 0 0 6.233 17.626 -11.577
1 137 17 0.1987 -0.271 0 0 5.194 17.216 -15.227
1 138 20 0.4472 0.5204 0 0 8.482 15.452 -16.012
1 139 9 0.3975 -0.552 0 0 8.221 13.342 -12.863
1 140 11 0.6583 0.6778 0 0 11.667 14.398 -11.603
1 141 16 0.7267 0.2260 0 0 13.047 16.229 -8.592
1 142 15 0.7888 -0.227 0 0 13.629 20.007 -8.628
1 143 11 0.8136 0.3536 0 0 16.484 21.394 -6.518
1 144 7 0.7018 -0.886 0 0 17.405 25.056 -6.051
1 145 18 0.7826 0.9801 0 0 21.175 25.561 -5.978
1 146 17 0.6211 -0.992 0 0 23.909 28.144 -5.635
1 147 0 0.6521 0.5607 0 0 27.422 27.212 -6.699
1 148 13 0.3664 -0.747 0 0 28.522 30.351 -4.835
1 149 18 0.2360 -0.221 0 0 27.067 29.534 -1.402
1 150 1 0.4534 0.0475 0 0 27.018 25.732 -1.921
1 151 6 0.4658 -0.122 0 0 23.237 25.667 -1.310
1 152 9 0.6645 -0.973 0 0 21.798 22.463 -2.729
1 153 22 0.8198 -0.118 0 0 24.980 21.384 -4.536
1 154 3 0.7080 -0.910 0 0 25.532 18.011 -2.819
1 155 3 0.7391 -0.474 0 0 21.753 17.506 -2.743
1 156 0 0.9192 0.4288 0 0 21.507 17.929 -6.520
1 157 15 0.9254 0.4881 0 0 24.247 15.471 -7.462
1 158 20 0.7701 -0.518 0 0 23.500 12.967 -4.701
1 159 18 0.8012 0.0941 0 0 19.792 13.039 -5.541
1 160 12 0.8944 0.8191 0 0 20.740 12.206 -9.115
1 161 22 0.7453 -0.255 0 0 22.895 9.281 -7.936
1 162 1 0.5155 -0.042 0 0 19.926 8.035 -5.882
1 163 7 0.6397 0.5021 0 0 17.692 8.329 -8.994
1 164 11 0.5962 0.5879 0 0 20.251 6.211 -10.870
1 165 1 0.3416 0.0790 0 0 20.106 3.533 -8.167
1 166 13 0.2111 0.3604 0 0 16.293 3.452 -8.387
1 167 10 0.2732 0.3415 0 0 16.578 2.927 -12.129
1 168 13 0.1118 0.4525 0 0 19.025 0.014 -11.747
0 169 7 0 0 0 0 19.025 0.014 -11.747
0 170 13 0 0 0 0 19.025 0.014 -11.747
