0 1 9 0 0 0 0 0 0 0
1 2 14 0.0 0.1663 0 0 7.304 33.358 8.147
1 3 18 0.0880 0.3265 0 0 6.901 29.610 7.769
1 4 7 0.3081 -0.935 0 0 6.560 27.499 10.921
1 5 20 0.5723 -0.155 0 0 7.548 23.824 10.936
1 6 13 0.6981 -0.908 0 0 6.036 21.539 13.571
1 7 12 0.8993 0.1421 0 0 8.600 18.829 14.354
1 8 22 0.9433 -0.672 0 0 8.303 15.669 16.454
1 9 22 0.9874 0.1612 0 0 11.195 13.699 17.983
1 10 22 0.9559 0.0526 0 0 10.454 9.984 18.407
1 11 9 0.8867 0.4372 0 0 12.364 6.927 19.616
1 12 0 0.7044 -0.344 0 0 12.821 4.646 22.580
1 13 5 0.5345 -0.885 0 0 13.151 5.785 26.176
1 14 9 0.5157 -0.077 0 0 16.587 7.184 26.937
1 15 22 0.7547 0.5879 0 0 17.987 7.660 23.435
1 16 9 0.8113 -0.643 0 0 18.369 11.429 23.949
1 17 13 0.9056 0.0552 0 0 15.258 12.967 22.397
1 18 17 0.7798 -0.593 0 0 15.008 15.578 25.157
1 19 0 0.6792 -0.301 0 0 18.755 16.205 25.139
1 20 12 0.8805 0.6964 0 0 18.716 16.794 21.362
1 21 18 0.8679 0.1230 0 0 15.852 19.266 21.648
1 22 11 0.5660 -0.492 0 0 17.559 21.151 24.466
1 23 6 0.5597 -0.221 0 0 20.841 21.285 22.590
1 24 12 0.6855 0.6802 0 0 19.084 22.633 19.457
1 25 11 0.4968 0.3204 0 0 17.046 25.259 21.289
1 26 6 0.2704 0.0166 0 0 19.223 26.247 24.284
1 27 2 0.2452 -0.103 0 0 22.727 25.231 23.173
1 28 10 0.1446 -0.531 0 0 23.179 23.285 26.388
1 29 15 0.2012 0.2368 0 0 23.633 19.706 27.639
1 30 22 0.0754 0.7520 0 0 22.573 19.066 31.247
0 31 3 0 0 0 0 22.573 19.066 31.247
0 32 7 0 0 0 0 22.573 19.066 31.247
0 33 20 0 0 0 0 22.573 19.066 31.247
0 34 3 0 0 0 0 22.573 19.066 31.247
0 35 16 0 0 0 0 22.573 19.066 31.247
0 36 18 0 0 0 0 22.573 19.066 31.247
0 37 11 0 0 0 0 22.573 19.066 31.247
0 38 7 0 0 0 0 22.573 19.066 31.247
0 39 3 0 0 0 0 22.573 19.066 31.247
1 40 17 0.2767 -0.319 0 0 11.804 26.047 25.513
1 41 20 0.5031 -0.668 0 0 10.597 24.409 22.297
1 42 1 0.4150 -0.462 0 0 10.735 27.147 19.635
1 43 13 0.3773 0.2313 0 0 13.606 28.527 17.533
1 44 6 0.1572 -0.958 0 0 13.916 30.863 14.562
1 45 22 0.2830 0.9310 0 0 16.379 29.648 11.947
1 46 22 0.1194 -0.969 0 0 17.715 30.365 8.466
1 47 11 0.2515 0.9800 0 0 17.889 27.360 6.124
1 48 3 0.0628 0.5927 0 0 18.879 27.620 2.447
1 49 9 0.0062 0.3128 0 0 18.199 31.342 2.590
1 50 7 0.0314 0.3455 0 0 14.705 31.055 4.083
1 51 18 0.0440 -0.653 0 0 14.018 32.220 7.640
1 52 17 0.1698 0.5374 0 0 11.734 29.810 9.512
1 53 12 0.3270 -0.835 0 0 10.322 28.989 12.944
1 54 12 0.6037 0.4604 0 0 10.974 25.528 14.335
1 55 3 0.6163 -0.650 0 0 8.329 24.337 16.761
1 56 11 0.8427 0.5877 0 0 9.248 21.082 18.444
1 57 12 0.7169 -0.072 0 0 6.083 19.557 19.850
1 58 3 0.5786 -0.837 0 0 6.206 18.697 23.564
1 59 18 0.6603 0.8060 0 0 5.542 14.960 23.336
1 60 0 0.5974 0.0684 0 0 7.829 13.626 26.067
1 61 9 0.3207 0.3866 0 0 4.947 13.031 28.477
1 62 6 0.3584 0.6341 0 0 2.791 10.832 26.210
1 63 7 0.1823 -0.683 0 0 2.361 7.035 26.444
1 64 7 0.2955 0.2469 0 0 2.516 4.697 23.441
1 65 20 0.1132 -0.055 0 0 -0.805 3.933 21.687
1 66 17 0.0566 0.3997 0 0 -2.485 6.765 23.609
1 67 0 0.0377 -0.982 0 0 -4.977 9.103 21.942
1 68 14 0.1069 -0.157 0 0 -2.862 12.109 22.952
1 69 1 0.3962 0.4296 0 0 0.160 10.655 21.175
1 70 3 0.3144 -0.693 0 0 -1.856 10.097 17.973
1 71 6 0.2264 -0.753 0 0 -2.853 13.769 18.138
1 72 20 0.5220 -0.133 0 0 0.762 14.934 18.084
1 73 14 0.6289 0.0100 0 0 1.596 12.593 15.234
1 74 1 0.4025 -0.763 0 0 -1.293 14.039 13.197
1 75 18 0.4339 -0.244 0 0 -0.173 17.590 14.014
1 76 9 0.7358 -0.108 0 0 3.520 17.035 13.336
1 77 7 0.7232 -0.605 0 0 4.848 17.690 9.832
1 78 9 0.8930 -0.700 0 0 8.124 15.791 10.184
1 79 15 0.9748 -0.841 0 0 9.736 13.289 12.502
1 80 12 0.9937 0.7919 0 0 13.207 12.524 13.769
1 81 12 0.9811 -0.568 0 0 13.524 8.774 14.224
1 82 22 0.9685 0.4112 0 0 16.090 8.698 17.045
1 83 15 0.8742 -0.228 0 0 18.041 5.705 18.233
1 84 0 0.6729 -0.320 0 0 21.241 5.591 20.348
1 85 11 0.4905 -0.102 0 0 24.357 4.036 18.829
1 86 2 0.2389 -0.079 0 0 25.005 2.073 22.052
1 87 2 0.3396 0.4383 0 0 21.477 0.748 22.267
1 88 18 0.2075 -0.882 0 0 20.774 -2.033 19.802
1 89 13 0.2641 -0.350 0 0 17.135 -2.428 20.915
1 90 17 0.5534 0.1939 0 0 16.483 1.258 20.244
1 91 15 0.5849 -0.222 0 0 17.641 0.771 16.639
1 92 7 0.3899 -0.851 0 0 15.437 -2.320 16.328
1 93 3 0.5283 -0.090 0 0 12.505 -0.224 17.615
1 94 11 0.7735 0.7106 0 0 12.774 2.339 14.767
1 95 10 0.5471 -0.779 0 0 10.713 0.402 12.215
1 96 10 0.4716 -0.359 0 0 7.786 0.070 14.630
1 97 20 0.7421 0.2014 0 0 7.690 3.805 15.292
1 98 1 0.7672 -0.084 0 0 7.907 4.672 11.600
1 99 7 0.4528 -0.584 0 0 5.052 2.300 10.822
1 100 6 0.4654 -0.029 0 0 2.921 3.831 13.582
1 101 11 0.6415 0.9988 0 0 3.433 7.356 12.213
1 102 13 0.4465 0.0508 0 0 2.552 6.214 8.687
1 103 1 0.1635 -0.238 0 0 -0.602 4.508 9.950
1 104 22 0.2578 0.4198 0 0 -1.812 7.425 12.098
1 105 13 0.3333 0.8305 0 0 -1.098 10.044 9.409
1 106 3 0.0943 -0.955 0 0 -2.550 7.673 6.770
1 107 17 0.1509 0.5049 0 0 0.373 8.416 4.444
1 108 7 0.1949 -0.782 0 0 3.233 6.453 2.913
1 109 3 0.3710 -0.497 0 0 5.072 9.748 2.355
1 110 22 0.6352 0.1992 0 0 5.806 11.366 5.710
1 111 16 0.8301 -0.526 0 0 8.962 13.498 6.115
1 112 14 0.9308 -0.287 0 0 11.441 11.691 8.367
1 113 22 0.9622 0.0712 0 0 15.152 11.626 9.192
1 114 12 0.9371 -0.785 0 0 16.974 8.755 10.871
1 115 22 0.9496 0.7472 0 0 19.173 9.939 13.771
1 116 9 0.8616 0.2474 0 0 21.855 7.893 15.489
1 117 2 0.8364 0.3411 0 0 22.535 9.712 18.744
1 118 13 0.5408 0.0603 0 0 25.272 9.477 21.402
1 119 17 0.4276 0.2771 0 0 28.048 9.419 18.789
1 120 3 0.1383 0.3439 0 0 30.506 10.633 21.449
1 121 12 0.0817 0.3610 0 0 30.363 7.318 23.301
1 122 16 0.0125 -0.473 0 0 32.951 4.549 22.730
1 123 17 0.0188 -0.032 0 0 30.555 1.640 23.334
1 124 1 0.0691 0.5077 0 0 29.039 1.601 19.840
1 125 18 0.0503 -0.214 0 0 26.958 -1.498 19.075
1 126 22 0.2138 0.8056 0 0 25.006 -0.149 16.091
1 127 3 0.1257 -0.940 0 0 27.389 0.470 13.210
1 128 18 0.2893 -0.074 0 0 27.158 3.339 10.776
1 129 13 0.1006 -0.852 0 0 26.529 0.826 7.951
1 130 6 0.1761 -0.301 0 0 23.495 -0.792 9.578
1 131 0 0.5094 0.4256 0 0 21.839 2.587 9.961
1 132 6 0.4088 -0.328 0 0 22.871 3.806 6.508
1 133 3 0.1886 -0.781 0 0 21.381 0.655 5.000
1 134 12 0.4402 0.5581 0 0 18.119 1.234 6.883
1 135 0 0.6100 0.4703 0 0 17.879 4.883 5.825
1 136 1 0.3522 -0.898 0 0 18.707 3.988 2.206
1 137 17 0.2201 -0.227 0 0 15.878 1.436 2.197
1 138 20 0.4842 0.5566 0 0 13.454 4.024 3.569
1 139 9 0.4213 -0.481 0 0 14.776 6.650 1.179
1 140 11 0.7106 0.6569 0 0 15.435 9.135 3.996
1 141 16 0.7924 0.2006 0 0 18.499 10.952 5.360
1 142 15 0.8176 -0.279 0 0 20.661 9.490 8.136
1 143 11 0.8553 0.1834 0 0 22.503 11.808 10.510
1 144 7 0.7484 -0.827 0 0 24.780 10.829 13.379
1 145 18 0.7987 0.9740 0 0 24.506 13.152 16.359
1 146 17 0.6226 -0.991 0 0 25.648 13.865 19.870
1 147 0 0.6477 0.5524 0 0 23.492 16.011 22.100
1 148 13 0.3647 -0.744 0 0 26.557 16.266 24.370
1 149 18 0.2327 -0.193 0 0 29.080 17.610 21.816
1 150 1 0.4591 0.0582 0 0 26.459 19.123 19.489
1 151 6 0.4779 -0.031 0 0 27.844 16.980 16.658
1 152 9 0.6666 -0.980 0 0 25.261 16.829 13.875
1 153 22 0.8238 -0.153 0 0 22.459 18.453 15.887
1 154 3 0.7295 -0.910 0 0 21.637 21.397 13.603
1 155 3 0.7610 -0.480 0 0 22.166 19.144 10.578
1 156 0 0.9182 0.3801 0 0 19.554 16.647 11.851
1 157 15 0.9245 0.4209 0 0 16.842 19.243 12.418
1 158 20 0.8050 -0.565 0 0 17.694 21.348 9.352
1 159 18 0.8490 0.1228 0 0 17.711 18.250 7.154
1 160 12 0.9119 0.7954 0 0 14.267 17.386 8.502
1 161 22 0.7861 -0.348 0 0 13.003 20.843 7.474
1 162 1 0.5911 -0.157 0 0 14.446 20.251 4.008
1 163 7 0.6918 0.5021 0 0 12.496 16.980 3.811
1 164 11 0.6540 0.5731 0 0 9.282 18.713 4.859
1 165 1 0.3836 0.0234 0 0 9.823 21.390 2.205
1 166 13 0.3018 0.3943 0 0 10.290 18.739 -0.514
1 167 10 0.3459 0.3142 0 0 7.115 16.980 0.578
1 168 13 0.1320 0.3780 0 0 4.851 19.996 0.329
1 169 7 0.0251 0.2935 0 0 6.374 20.885 -3.065
0 170 13 0 0 0 0 6.374 20.885 -3.065
