0 1 9 0 0 0 0 0 0 0
1 2 14 0.0063 -0.518 0 0 13.326 34.404 56.339
1 3 18 0.0636 -0.143 0 0 12.387 37.006 53.715
1 4 7 0.2675 -0.950 0 0 8.662 36.829 52.928
1 5 20 0.5477 -0.156 0 0 7.122 37.585 49.526
1 6 13 0.6815 -0.843 0 0 3.460 38.410 49.004
1 7 12 0.8980 0.1175 0 0 2.363 37.080 45.598
1 8 22 0.9363 -0.665 0 0 -1.120 37.608 44.132
1 9 22 0.9808 0.1462 0 0 -2.553 35.424 41.363
1 10 22 0.9554 -0.001 0 0 -5.057 37.275 39.193
1 11 9 0.8917 0.4314 0 0 -7.005 36.538 36.044
1 12 0 0.7006 -0.357 0 0 -10.427 35.680 34.739
1 13 5 0.5350 -0.885 0 0 -12.654 32.912 36.056
1 14 9 0.5159 -0.123 0 0 -11.479 29.475 34.984
1 15 22 0.7324 0.5898 0 0 -8.009 30.341 33.638
1 16 9 0.7961 -0.672 0 0 -6.268 28.077 36.168
1 17 13 0.9044 0.0229 0 0 -5.325 30.399 39.032
1 18 17 0.7579 -0.623 0 0 -6.171 27.738 41.603
1 19 0 0.6560 -0.282 0 0 -4.646 24.844 39.670
1 20 12 0.8789 0.6784 0 0 -1.388 26.751 39.296
1 21 18 0.8598 0.1452 0 0 -1.289 27.639 42.978
1 22 11 0.5732 -0.513 0 0 -1.992 24.081 44.167
1 23 6 0.5605 -0.185 0 0 0.540 22.658 41.724
1 24 12 0.6496 0.6726 0 0 3.193 24.953 43.226
1 25 11 0.4649 0.2901 0 0 2.374 24.172 46.849
1 26 6 0.2356 -0.008 0 0 1.245 20.549 46.771
1 27 2 0.2484 0.5594 0 0 3.056 19.448 43.605
1 28 10 0.1337 -0.323 0 0 -0.045 17.884 42.049
1 29 15 0.2547 0.1207 0 0 -2.843 18.785 39.617
1 30 22 0.1783 0.8706 0 0 -6.360 19.477 40.897
0 31 3 0 0 0 0 -6.360 19.477 40.897
0 32 7 0 0 0 0 -6.360 19.477 40.897
0 33 20 0 0 0 0 -6.360 19.477 40.897
0 34 3 0 0 0 0 -6.360 19.477 40.897
0 35 16 0 0 0 0 -6.360 19.477 40.897
0 36 18 0 0 0 0 -6.360 19.477 40.897
0 37 11 0 0 0 0 -6.360 19.477 40.897
0 38 7 0 0 0 0 -6.360 19.477 40.897
0 39 3 0 0 0 0 -6.360 19.477 40.897
1 40 17 0.4904 0.6711 0 0 -4.387 31.781 50.964
1 41 20 0.4713 0.2395 0 0 -1.194 29.728 51.144
1 42 1 0.3821 -0.549 0 0 2.387 29.693 52.382
1 43 13 0.3566 0.2722 0 0 5.289 27.658 50.990
1 44 6 0.1592 -0.939 0 0 9.011 27.763 51.717
1 45 22 0.2802 0.9955 0 0 11.158 27.397 48.613
1 46 22 0.1019 -0.453 0 0 14.776 27.805 47.574
1 47 11 0.2929 0.9750 0 0 15.061 30.391 44.795
1 48 3 0.0891 0.6851 0 0 18.398 31.634 43.438
1 49 9 0.0191 0.3929 0 0 20.256 29.796 46.205
1 50 7 0.0318 0.2511 0 0 18.138 31.561 48.821
1 51 18 0.0382 -0.656 0 0 15.463 30.224 51.177
1 52 17 0.1656 0.6833 0 0 12.296 32.301 50.870
1 53 12 0.3057 -0.660 0 0 8.788 32.189 52.297
1 54 12 0.5668 0.4741 0 0 6.070 32.678 49.687
1 55 3 0.5987 -0.766 0 0 2.642 33.967 50.713
1 56 11 0.8343 0.4360 0 0 0.346 33.270 47.771
1 57 12 0.8216 -0.397 0 0 -3.118 34.718 47.395
1 58 3 0.8662 -0.363 0 0 -5.227 32.821 44.910
1 59 18 0.7898 0.6593 0 0 -7.829 35.444 44.055
1 60 0 0.6433 0.2648 0 0 -10.213 32.790 42.635
1 61 9 0.3949 0.7126 0 0 -12.688 33.344 45.480
1 62 6 0.3885 0.4066 0 0 -12.473 37.115 45.929
0 63 7 0 0 0 0 -12.473 37.115 45.929
1 64 7 0.1146 -0.716 0 0 -16.030 41.565 43.475
1 65 20 0.0509 -0.142 0 0 -15.691 43.620 46.649
1 66 17 0.0445 -0.781 0 0 -13.801 46.917 46.908
1 67 0 0.0254 -0.791 0 0 -12.650 46.209 50.474
1 68 14 0.1464 -0.123 0 0 -10.993 42.960 49.399
1 69 1 0.3694 -0.358 0 0 -9.538 44.248 46.124
1 70 3 0.1719 -0.899 0 0 -7.942 47.196 47.962
1 71 6 0.2101 -0.480 0 0 -5.902 45.430 50.664
1 72 20 0.5095 -0.163 0 0 -4.346 42.419 48.941
1 73 14 0.6050 0.0436 0 0 -3.411 44.662 46.000
1 74 1 0.3503 -0.703 0 0 -1.752 47.357 48.089
1 75 18 0.4012 -0.362 0 0 -0.139 44.659 50.212
1 76 9 0.6878 -0.188 0 0 0.679 42.418 47.257
1 77 7 0.6942 -0.626 0 0 4.311 42.697 46.180
1 78 9 0.8853 -0.691 0 0 4.009 40.967 42.812
1 79 15 0.9745 -0.853 0 0 1.216 39.778 40.566
1 80 12 0.9936 0.7892 0 0 0.781 36.837 38.219
1 81 12 0.9872 -0.557 0 0 -1.416 37.979 35.339
1 82 22 0.9681 0.4135 0 0 -2.961 34.705 34.200
1 83 15 0.8726 -0.213 0 0 -4.913 34.039 31.013
1 84 0 0.6687 -0.328 0 0 -5.669 30.745 29.262
1 85 11 0.4777 -0.011 0 0 -4.298 30.233 25.772
1 86 2 0.2420 -0.027 0 0 -7.671 28.850 24.607
1 87 2 0.3248 0.4519 0 0 -9.688 31.801 25.958
1 88 18 0.2165 -0.879 0 0 -9.391 35.017 23.978
1 89 13 0.2611 -0.221 0 0 -11.561 36.973 26.400
1 90 17 0.5541 0.1947 0 0 -9.260 36.055 29.309
1 91 15 0.5796 -0.215 0 0 -6.332 37.498 27.352
1 92 7 0.3757 -0.870 0 0 -8.341 40.642 26.591
1 93 3 0.5414 -0.081 0 0 -9.048 40.872 30.339
1 94 11 0.7515 0.6998 0 0 -5.316 41.218 31.149
1 95 10 0.5222 -0.966 0 0 -5.445 44.932 30.317
1 96 10 0.4840 -0.066 0 0 -8.103 45.404 32.993
1 97 20 0.7388 0.3646 0 0 -6.030 43.617 35.634
1 98 1 0.7197 -0.006 0 0 -2.789 45.449 34.922
1 99 7 0.4267 -0.594 0 0 -4.348 48.909 34.866
1 100 6 0.4522 0.1820 0 0 -6.330 48.316 38.048
1 101 11 0.6242 0.9964 0 0 -3.229 47.125 39.877
1 102 13 0.4203 0.0466 0 0 -1.215 50.155 38.769
1 103 1 0.1528 -0.194 0 0 -4.075 52.454 39.810
1 104 22 0.1910 0.4036 0 0 -4.813 51.159 43.313
1 105 13 0.3121 0.8227 0 0 -1.195 50.541 44.299
1 106 3 0.0828 0.0463 0 0 -0.448 53.980 42.862
1 107 17 0.1401 0.3173 0 0 2.764 52.810 41.186
1 108 7 0.1974 -0.935 0 0 4.109 52.393 37.642
1 109 3 0.3439 -0.992 0 0 6.852 49.926 38.594
1 110 22 0.6178 0.1998 0 0 4.902 46.931 39.912
1 111 16 0.8025 -0.556 0 0 6.438 43.438 39.679
1 112 14 0.9235 -0.297 0 0 4.331 41.285 37.369
1 113 22 0.9617 0.0880 0 0 4.572 38.213 35.157
1 114 12 0.9426 -0.774 0 0 2.266 37.371 32.264
1 115 22 0.9490 0.7291 0 0 1.205 33.726 32.362
1 116 9 0.8535 0.2503 0 0 -0.413 31.865 29.489
1 117 2 0.8152 0.3180 0 0 -1.889 28.751 31.046
1 118 13 0.5286 0.0780 0 0 -3.324 25.502 29.596
1 119 17 0.4140 0.4882 0 0 -0.417 25.042 27.151
1 120 3 0.1273 0.3365 0 0 -1.168 21.308 26.905
1 121 12 0.0764 0.4136 0 0 -4.421 21.934 25.021
1 122 16 0.0 -0.487 0 0 -4.530 21.835 21.193
1 123 17 0.0127 -0.213 0 0 -7.021 24.597 20.238
1 124 1 0.0700 0.5111 0 0 -4.946 27.682 21.083
1 125 18 0.0573 -0.267 0 0 -6.587 30.969 20.063
1 126 22 0.2292 0.8446 0 0 -4.060 33.318 21.700
1 127 3 0.1210 -0.916 0 0 -0.730 33.019 19.854
1 128 18 0.2866 -0.039 0 0 2.641 32.952 21.576
1 129 13 0.0955 -0.842 0 0 3.616 36.085 19.615
1 130 6 0.1847 -0.295 0 0 0.536 38.024 20.809
1 131 0 0.5031 0.3688 0 0 1.435 37.267 24.413
1 132 6 0.4076 -0.356 0 0 5.147 37.991 23.987
1 133 3 0.2229 -0.821 0 0 4.338 41.340 22.395
1 134 12 0.4394 0.4883 0 0 1.988 42.302 25.224
1 135 0 0.6114 0.4647 0 0 4.553 41.331 27.855
1 136 1 0.3375 -0.806 0 0 7.167 43.398 25.979
1 137 17 0.2738 -0.110 0 0 4.818 46.412 26.056
1 138 20 0.4968 0.5021 0 0 4.461 45.954 29.807
1 139 9 0.4331 -0.500 0 0 8.170 45.330 30.358
1 140 11 0.7070 0.6748 0 0 7.496 42.025 32.112
1 141 16 0.7770 0.2013 0 0 8.280 38.353 31.525
1 142 15 0.8089 -0.260 0 0 5.931 35.982 29.729
1 143 11 0.8471 0.3582 0 0 5.790 32.306 30.707
1 144 7 0.7261 -0.795 0 0 3.627 29.560 29.221
1 145 18 0.7707 0.9689 0 0 2.326 27.060 31.752
1 146 17 0.5859 -0.981 0 0 0.341 23.886 32.091
1 147 0 0.6305 0.5801 0 0 -0.991 23.321 35.581
1 148 13 0.3312 -0.752 0 0 -1.843 19.886 34.174
1 149 18 0.2038 -0.270 0 0 1.653 18.702 33.207
1 150 1 0.4458 0.0517 0 0 3.298 21.168 35.634
1 151 6 0.4585 -0.822 0 0 5.341 22.644 32.756
1 152 9 0.6624 -0.981 0 0 6.407 26.200 33.560
1 153 22 0.8280 -0.178 0 0 4.679 26.367 36.951
1 154 3 0.7133 -0.908 0 0 7.755 26.795 39.169
1 155 3 0.7452 -0.445 0 0 9.240 29.079 36.529
1 156 0 0.9299 0.3764 0 0 6.199 31.394 36.697
1 157 15 0.9171 0.3964 0 0 6.286 31.854 40.477
1 158 20 0.7834 -0.572 0 0 10.070 31.892 40.766
1 159 18 0.8407 0.1458 0 0 10.237 34.472 37.966
1 160 12 0.9108 0.7988 0 0 7.794 36.681 39.870
1 161 22 0.7643 -0.345 0 0 9.924 36.417 43.030
1 162 1 0.5923 -0.059 0 0 12.921 37.458 40.939
1 163 7 0.6751 0.5191 0 0 10.996 40.437 39.584
1 164 11 0.6369 0.5574 0 0 10.117 41.444 43.152
1 165 1 0.3630 0.0414 0 0 13.772 41.243 44.211
1 166 13 0.2993 0.3601 0 0 14.751 43.533 41.327
1 167 10 0.3184 0.2953 0 0 12.151 46.063 42.492
1 168 13 0.1082 0.4446 0 0 13.494 46.115 46.055
0 169 7 0 0 0 0 13.494 46.115 46.055
0 170 13 0 0 0 0 13.494 46.115 46.055
