0 1 9 0 0 0 0 0 0 0
1 2 14 0.0 0.3958 0 0 33.452 -0.482 -7.182
1 3 18 0.0749 0.3510 0 0 30.268 1.227 -8.351
1 4 7 0.2875 -0.113 0 0 30.734 3.928 -10.983
1 5 20 0.5625 -0.111 0 0 28.098 6.497 -12.029
1 6 13 0.6625 -0.873 0 0 28.425 8.369 -15.311
1 7 12 0.9 0.1785 0 0 26.703 11.728 -14.866
1 8 22 0.9437 -0.703 0 0 26.087 14.414 -17.450
1 9 22 0.9875 0.2998 0 0 25.313 18.020 -16.563
1 10 22 0.95 -0.052 0 0 23.432 19.748 -19.387
1 11 9 0.8937 0.4345 0 0 22.035 23.239 -19.874
1 12 0 0.6875 -0.399 0 0 22.589 26.563 -21.619
1 13 5 0.55 -0.838 0 0 25.942 28.245 -21.456
1 14 9 0.525 -0.052 0 0 26.570 30.322 -18.374
1 15 22 0.7625 0.5689 0 0 23.991 28.680 -16.077
1 16 9 0.8125 -0.678 0 0 26.748 27.352 -13.801
1 17 13 0.9125 0.0477 0 0 27.236 23.723 -14.854
1 18 17 0.7937 -0.693 0 0 31.003 23.956 -14.393
1 19 0 0.7 -0.297 0 0 30.638 25.972 -11.174
1 20 12 0.875 0.6627 0 0 28.294 23.363 -9.677
1 21 18 0.8687 0.3179 0 0 30.586 20.491 -10.571
1 22 11 0.6187 -0.481 0 0 33.675 22.316 -9.298
1 23 6 0.5812 -0.242 0 0 31.903 23.007 -6.010
1 24 12 0.6812 0.6625 0 0 30.933 19.327 -5.677
1 25 11 0.5 0.4042 0 0 34.317 17.902 -6.624
1 26 6 0.3000 0.0789 0 0 36.842 20.557 -5.594
1 27 2 0.2687 -0.255 0 0 34.872 22.414 -2.891
1 28 10 0.1374 -0.168 0 0 35.376 25.982 -4.067
1 29 15 0.2187 0.2951 0 0 33.848 28.771 -6.136
1 30 22 0.0687 0.3279 0 0 35.567 31.630 -7.963
1 31 3 0.0562 -0.042 0 0 33.355 34.279 -9.560
0 32 7 0 0 0 0 33.355 34.279 -9.560
0 33 20 0 0 0 0 33.355 34.279 -9.560
0 34 3 0 0 0 0 33.355 34.279 -9.560
0 35 16 0 0 0 0 33.355 34.279 -9.560
0 36 18 0 0 0 0 33.355 34.279 -9.560
0 37 11 0 0 0 0 33.355 34.279 -9.560
1 38 7 0.3375 -0.273 0 0 37.916 21.602 -16.945
1 39 3 0.5187 -0.478 0 0 34.897 20.159 -18.787
1 40 17 0.5437 -0.696 0 0 35.124 16.765 -17.089
1 41 20 0.5312 0.3262 0 0 35.616 15.619 -13.491
1 42 1 0.4062 -0.488 0 0 36.216 12.323 -11.699
1 43 13 0.3437 0.0147 0 0 36.063 11.654 -7.940
1 44 6 0.1562 -0.820 0 0 35.149 8.961 -5.432
1 45 22 0.25 0.9698 0 0 32.637 9.951 -2.804
1 46 22 0.125 -0.988 0 0 30.474 8.059 -0.337
1 47 11 0.2937 0.9669 0 0 26.729 8.369 -0.820
1 48 3 0.0875 0.6570 0 0 24.442 6.799 1.771
1 49 9 0.0124 0.3350 0 0 27.342 4.582 2.821
1 50 7 0.0312 0.4931 0 0 28.026 3.347 -0.725
1 51 18 0.0437 -0.710 0 0 31.396 4.193 -2.222
1 52 17 0.2437 0.5339 0 0 30.614 5.653 -5.618
1 53 12 0.3187 -0.418 0 0 33.010 6.816 -8.320
1 54 12 0.5937 0.4819 0 0 31.409 9.810 -10.068
1 55 3 0.6125 -0.645 0 0 32.441 10.450 -13.652
1 56 11 0.85 0.5229 0 0 30.943 13.791 -14.665
1 57 12 0.8375 -0.493 0 0 30.711 15.742 -17.925
1 58 3 0.8812 0.0315 0 0 29.527 19.364 -18.189
1 59 18 0.8062 0.0544 0 0 28.139 20.214 -21.634
1 60 0 0.7125 -0.446 0 0 25.902 22.757 -23.394
1 61 9 0.4875 0.8129 0 0 25.860 20.768 -26.643
1 62 6 0.2812 0.7541 0 0 27.466 23.545 -28.700
1 63 7 0.1875 0.9027 0 0 31.126 22.822 -27.917
0 64 7 0 0 0 0 31.126 22.822 -27.917
0 65 20 0 0 0 0 31.126 22.822 -27.917
1 66 17 0.0999 -0.735 0 0 30.449 16.179 -30.687
1 67 0 0.0374 -0.862 0 0 31.998 12.705 -30.524
1 68 14 0.1750 0.3925 0 0 32.683 12.650 -26.779
1 69 1 0.4250 -0.441 0 0 29.331 14.399 -26.290
1 70 3 0.3125 -0.687 0 0 27.008 12.051 -28.181
1 71 6 0.2125 -0.758 0 0 28.918 9.135 -26.675
1 72 20 0.5125 -0.356 0 0 28.507 10.806 -23.292
1 73 14 0.6062 0.3271 0 0 24.747 11.085 -23.758
1 74 1 0.375 -0.760 0 0 24.461 7.399 -24.715
1 75 18 0.3937 -0.555 0 0 26.516 6.134 -21.758
1 76 9 0.7062 -0.190 0 0 25.354 8.730 -19.268
1 77 7 0.675 -0.631 0 0 23.269 7.044 -16.592
1 78 9 0.8875 -0.701 0 0 21.779 10.225 -15.167
1 79 15 0.975 -0.836 0 0 21.412 13.863 -16.158
1 80 12 0.9937 0.7680 0 0 21.249 17.184 -14.348
1 81 12 0.9812 -0.597 0 0 19.092 19.579 -16.356
1 82 22 0.9687 0.4870 0 0 20.424 22.958 -15.272
1 83 15 0.8625 -0.246 0 0 18.949 26.407 -15.762
1 84 0 0.6562 -0.269 0 0 19.649 29.653 -13.898
1 85 11 0.4625 -0.111 0 0 16.877 31.473 -12.025
1 86 2 0.2249 -0.034 0 0 17.944 34.733 -13.678
1 87 2 0.35 0.4778 0 0 17.973 33.337 -17.223
1 88 18 0.2062 -0.894 0 0 14.532 32.765 -18.711
1 89 13 0.2562 -0.221 0 0 15.951 31.471 -21.985
1 90 17 0.5562 0.2282 0 0 17.926 28.797 -20.104
1 91 15 0.575 -0.221 0 0 14.680 27.613 -18.482
1 92 7 0.3812 -0.855 0 0 12.911 27.595 -21.845
1 93 3 0.4937 -0.047 0 0 15.805 25.481 -23.212
1 94 11 0.7437 0.6815 0 0 15.246 22.675 -20.677
1 95 10 0.5062 -0.852 0 0 12.571 20.871 -22.711
1 96 10 0.4562 -0.147 0 0 14.953 20.633 -25.672
1 97 20 0.7375 0.3152 0 0 17.657 19.064 -23.548
1 98 1 0.7187 -0.184 0 0 15.258 16.538 -21.990
1 99 7 0.4312 -0.594 0 0 13.837 15.579 -25.378
1 100 6 0.4499 0.0706 0 0 17.352 15.146 -26.775
1 101 11 0.6375 0.9920 0 0 18.332 12.787 -23.959
1 102 13 0.4187 -0.009 0 0 15.174 10.697 -24.304
1 103 1 0.1437 -0.193 0 0 15.785 10.353 -28.046
1 104 22 0.2375 0.4863 0 0 19.404 9.266 -27.693
1 105 13 0.3249 0.7975 0 0 18.675 6.946 -24.748
1 106 3 0.0812 -0.934 0 0 15.624 5.657 -26.633
1 107 17 0.1312 0.4766 0 0 13.787 5.523 -23.312
1 108 7 0.1624 -0.740 0 0 10.987 7.267 -21.425
1 109 3 0.3562 -0.513 0 0 12.608 6.399 -18.097
1 110 22 0.6 0.2090 0 0 15.969 8.160 -17.840
1 111 16 0.7875 -0.518 0 0 17.201 9.369 -14.436
1 112 14 0.9187 -0.337 0 0 17.124 13.165 -14.359
1 113 22 0.9625 0.1133 0 0 17.008 16.042 -11.895
1 114 12 0.9375 -0.770 0 0 15.938 19.611 -12.679
1 115 22 0.9562 0.7680 0 0 18.333 22.146 -11.181
1 116 9 0.8562 0.2390 0 0 17.612 25.853 -10.727
1 117 2 0.825 0.3575 0 0 21.010 27.417 -10.110
1 118 13 0.5375 0.0582 0 0 22.149 30.878 -8.956
1 119 17 0.4375 0.6713 0 0 19.521 30.827 -6.180
1 120 3 0.1687 0.3341 0 0 21.667 33.222 -4.146
1 121 12 0.0937 0.3651 0 0 21.077 35.998 -6.673
1 122 16 0.0062 -0.446 0 0 18.348 38.612 -6.075
1 123 17 0.0187 -0.133 0 0 17.582 38.791 -9.805
1 124 1 0.0625 0.4587 0 0 14.913 36.233 -10.579
1 125 18 0.0500 -0.129 0 0 12.947 35.786 -13.781
1 126 22 0.1999 0.8737 0 0 11.966 32.123 -13.359
1 127 3 0.1187 -0.874 0 0 9.496 31.450 -10.520
1 128 18 0.275 0.0574 0 0 10.123 28.480 -8.244
1 129 13 0.1062 -0.869 0 0 6.521 27.439 -8.950
1 130 6 0.1500 -0.295 0 0 7.228 27.361 -12.710
1 131 0 0.4812 0.4156 0 0 10.150 25.045 -12.135
1 132 6 0.3874 -0.392 0 0 8.309 22.858 -9.626
1 133 3 0.1812 -0.801 0 0 5.428 22.569 -12.068
1 134 12 0.4125 0.4770 0 0 7.732 21.522 -14.932
1 135 0 0.5875 0.5074 0 0 9.590 18.971 -12.837
1 136 1 0.3312 -0.723 0 0 6.245 17.532 -11.663
1 137 17 0.1937 -0.207 0 0 5.179 17.117 -15.284
1 138 20 0.4437 0.4971 0 0 8.414 15.292 -16.101
1 139 9 0.4 -0.529 0 0 8.160 13.182 -12.941
1 140 11 0.6687 0.6506 0 0 11.616 14.234 -11.718
1 141 16 0.7562 0.2058 0 0 12.968 16.067 -8.676
1 142 15 0.8 -0.241 0 0 13.558 19.841 -8.667
1 143 11 0.8437 0.3482 0 0 16.383 21.256 -6.569
1 144 7 0.7312 -0.881 0 0 17.314 24.910 -6.137
1 145 18 0.7812 0.9819 0 0 21.088 25.352 -5.995
1 146 17 0.6312 -0.991 0 0 23.808 27.925 -5.600
1 147 0 0.6437 0.5228 0 0 27.324 27.004 -6.674
1 148 13 0.3687 -0.752 0 0 28.402 30.135 -4.782
1 149 18 0.2312 -0.222 0 0 26.910 29.306 -1.352
1 150 1 0.4687 0.0430 0 0 26.810 25.512 -1.884
1 151 6 0.475 -0.113 0 0 23.032 25.524 -1.339
1 152 9 0.6937 -0.973 0 0 21.638 22.297 -2.748
1 153 22 0.8312 -0.165 0 0 24.827 21.149 -4.487
1 154 3 0.725 -0.922 0 0 25.353 17.796 -2.740
1 155 3 0.75 -0.470 0 0 21.581 17.306 -2.749
1 156 0 0.925 0.4118 0 0 21.375 17.754 -6.533
1 157 15 0.9312 0.4691 0 0 24.098 15.248 -7.395
1 158 20 0.775 -0.544 0 0 23.286 12.723 -4.678
1 159 18 0.8187 0.1301 0 0 19.580 12.845 -5.547
1 160 12 0.9062 0.8075 0 0 20.571 12.038 -9.131
1 161 22 0.7687 -0.286 0 0 22.664 9.077 -7.943
1 162 1 0.5687 -0.051 0 0 19.628 7.920 -5.960
1 163 7 0.65 0.4957 0 0 17.496 8.221 -9.116
1 164 11 0.625 0.5725 0 0 20.033 6.066 -10.977
1 165 1 0.3625 0.0722 0 0 19.864 3.433 -8.244
1 166 13 0.2624 0.6324 0 0 16.063 3.464 -8.406
1 167 10 0.3062 0.2941 0 0 16.303 2.870 -12.153
1 168 13 0.1125 0.4492 0 0 18.767 -0.016 -11.788
1 169 7 0.0250 0.2550 0 0 16.729 -1.654 -9.006
0 170 13 0 0 0 0 16.729 -1.654 -9.006
