0 1 9 0 0 0 0 0 0 0
1 2 14 0.0125 0.1605 0 0 7.076 33.325 7.394
1 3 18 0.0943 0.3358 0 0 6.593 29.571 7.076
1 4 7 0.3081 -0.532 0 0 6.107 27.587 10.290
1 5 20 0.5660 -0.165 0 0 7.144 23.927 10.500
1 6 13 0.7044 -0.881 0 0 5.683 21.675 13.192
1 7 12 0.8993 0.1468 0 0 8.302 19.088 14.096
1 8 22 0.9433 -0.689 0 0 8.020 16.019 16.327
1 9 22 0.9874 0.2183 0 0 10.911 14.061 17.842
1 10 22 0.9559 0.0214 0 0 10.151 10.366 18.346
1 11 9 0.8867 0.4109 0 0 12.000 7.282 19.536
1 12 0 0.7106 -0.350 0 0 12.551 5.105 22.564
1 13 5 0.5471 -0.856 0 0 12.698 6.411 26.114
1 14 9 0.5283 -0.079 0 0 16.156 7.735 26.931
1 15 22 0.7672 0.5921 0 0 17.658 8.116 23.444
1 16 9 0.8113 -0.653 0 0 18.021 11.875 23.952
1 17 13 0.9119 0.0764 0 0 14.979 13.419 22.263
1 18 17 0.7924 -0.676 0 0 14.575 16.105 24.910
1 19 0 0.6981 -0.292 0 0 18.337 16.696 24.931
1 20 12 0.8805 0.6912 0 0 18.421 17.183 21.148
1 21 18 0.8679 0.1500 0 0 15.620 19.723 21.330
1 22 11 0.5974 -0.485 0 0 17.225 21.651 24.192
1 23 6 0.5723 -0.232 0 0 20.521 21.714 22.316
1 24 12 0.6918 0.6538 0 0 18.809 23.041 19.165
1 25 11 0.5031 0.3369 0 0 16.839 25.786 20.931
1 26 6 0.2767 -0.148 0 0 19.001 26.744 23.916
1 27 2 0.2830 -0.148 0 0 22.463 25.580 22.817
1 28 10 0.1509 -0.597 0 0 22.861 23.791 26.149
1 29 15 0.2327 0.2420 0 0 23.327 20.225 27.423
1 30 22 0.0880 0.7291 0 0 22.213 19.445 30.983
0 31 3 0 0 0 0 22.213 19.445 30.983
0 32 7 0 0 0 0 22.213 19.445 30.983
0 33 20 0 0 0 0 22.213 19.445 30.983
0 34 3 0 0 0 0 22.213 19.445 30.983
0 35 16 0 0 0 0 22.213 19.445 30.983
0 36 18 0 0 0 0 22.213 19.445 30.983
0 37 11 0 0 0 0 22.213 19.445 30.983
0 38 7 0 0 0 0 22.213 19.445 30.983
0 39 3 0 0 0 0 22.213 19.445 30.983
1 40 17 0.3018 -0.292 0 0 11.492 26.602 25.027
1 41 20 0.5157 0.1071 0 0 10.332 24.872 21.835
1 42 1 0.4088 -0.604 0 0 10.378 27.571 19.125
1 43 13 0.3836 0.2699 0 0 13.255 28.891 16.984
1 44 6 0.1761 -0.957 0 0 13.587 31.186 13.972
1 45 22 0.2515 0.9220 0 0 16.178 30.097 11.410
1 46 22 0.1069 -0.986 0 0 17.244 30.640 7.806
1 47 11 0.2641 0.9837 0 0 17.464 27.449 5.745
1 48 3 0.0628 0.6162 0 0 18.451 27.510 2.070
1 49 9 0.0062 0.2850 0 0 17.847 31.260 2.026
1 50 7 0.0314 0.3786 0 0 14.343 31.069 3.534
1 51 18 0.0377 -0.632 0 0 13.514 32.230 7.061
1 52 17 0.2201 0.6246 0 0 11.463 29.676 8.988
1 53 12 0.3333 -0.366 0 0 9.937 29.189 12.423
1 54 12 0.6226 0.4712 0 0 10.628 25.739 13.853
1 55 3 0.6163 -0.642 0 0 7.917 24.654 16.287
1 56 11 0.8301 0.5785 0 0 8.961 21.490 18.089
1 57 12 0.7232 -0.076 0 0 5.889 19.960 19.676
1 58 3 0.5849 -0.824 0 0 6.306 19.640 23.438
1 59 18 0.5911 0.8705 0 0 5.276 16.067 24.181
1 60 0 0.4276 0.1589 0 0 6.788 15.937 27.677
1 61 9 0.1320 0.4752 0 0 4.399 14.783 30.386
1 62 6 0.1949 -0.393 0 0 1.993 13.311 27.841
1 63 7 0.4402 0.7013 0 0 4.255 10.950 25.819
1 64 7 0.1572 -0.698 0 0 3.066 8.041 27.926
1 65 20 0.0817 -0.581 0 0 -0.494 8.310 26.590
1 66 17 0.1194 -0.368 0 0 -1.167 6.699 23.217
1 67 0 0.0440 -0.926 0 0 -4.167 8.977 22.649
1 68 14 0.1635 -0.331 0 0 -1.865 11.988 23.037
1 69 1 0.4779 -0.007 0 0 0.901 10.516 20.876
1 70 3 0.3522 -0.702 0 0 -1.677 10.008 18.115
1 71 6 0.2893 -0.605 0 0 -2.752 13.649 18.398
1 72 20 0.5534 -0.064 0 0 0.885 14.788 18.244
1 73 14 0.6540 0.0235 0 0 1.564 12.612 15.209
1 74 1 0.3962 -0.742 0 0 -1.486 13.970 13.418
1 75 18 0.4528 -0.157 0 0 -0.397 17.528 14.200
1 76 9 0.7358 -0.035 0 0 3.256 17.135 13.227
1 77 7 0.7169 -0.587 0 0 4.448 17.747 9.666
1 78 9 0.8930 -0.703 0 0 7.788 15.983 9.997
1 79 15 0.9748 -0.820 0 0 9.485 13.537 12.333
1 80 12 0.9937 0.7785 0 0 12.953 12.828 13.680
1 81 12 0.9811 -0.585 0 0 13.235 9.059 14.170
1 82 22 0.9685 0.4210 0 0 15.802 9.007 16.967
1 83 15 0.8742 -0.222 0 0 17.740 6.005 18.248
1 84 0 0.6666 -0.303 0 0 20.932 5.931 20.349
1 85 11 0.4905 -0.082 0 0 24.079 4.377 18.884
1 86 2 0.2389 -0.071 0 0 24.689 2.445 22.126
1 87 2 0.3459 0.4495 0 0 21.137 1.116 22.347
1 88 18 0.2138 -0.886 0 0 20.484 -1.687 19.890
1 89 13 0.2704 -0.279 0 0 16.830 -2.029 20.946
1 90 17 0.5597 0.2023 0 0 16.156 1.649 20.249
1 91 15 0.5786 -0.226 0 0 17.402 1.106 16.698
1 92 7 0.3710 -0.848 0 0 15.251 -2.019 16.359
1 93 3 0.5220 -0.046 0 0 12.228 0.042 17.526
1 94 11 0.7610 0.7254 0 0 12.521 2.528 14.644
1 95 10 0.5345 -0.789 0 0 10.573 0.501 12.063
1 96 10 0.4591 -0.367 0 0 7.571 0.227 14.403
1 97 20 0.7295 0.2201 0 0 7.587 3.986 15.020
1 98 1 0.7484 -0.105 0 0 7.763 4.808 11.297
1 99 7 0.4465 -0.580 0 0 4.894 2.420 10.555
1 100 6 0.4716 0.2597 0 0 2.866 3.902 13.414
1 101 11 0.6415 0.9964 0 0 3.279 7.461 12.114
1 102 13 0.4339 0.0361 0 0 2.230 6.392 8.611
1 103 1 0.1698 -0.223 0 0 -0.822 4.573 9.959
1 104 22 0.2578 0.4424 0 0 -1.936 7.393 12.255
1 105 13 0.3207 0.8341 0 0 -1.480 10.112 9.617
1 106 3 0.0691 -0.943 0 0 -3.081 7.803 7.025
1 107 17 0.1383 0.5667 0 0 -0.241 8.602 4.620
1 108 7 0.1823 -0.767 0 0 2.525 6.621 2.934
1 109 3 0.3647 -0.501 0 0 4.479 9.836 2.391
1 110 22 0.6352 0.1908 0 0 5.419 11.513 5.678
1 111 16 0.8176 -0.514 0 0 8.643 13.587 5.999
1 112 14 0.9182 -0.289 0 0 11.146 11.865 8.283
1 113 22 0.9622 0.1008 0 0 14.867 11.862 9.097
1 114 12 0.9371 -0.785 0 0 16.699 9.009 10.826
1 115 22 0.9496 0.7614 0 0 18.869 10.227 13.715
1 116 9 0.8616 0.2214 0 0 21.538 8.201 15.507
1 117 2 0.8364 0.3469 0 0 22.190 10.066 18.753
1 118 13 0.5408 0.0616 0 0 24.926 9.853 21.433
1 119 17 0.4213 0.4425 0 0 27.694 9.716 18.792
1 120 3 0.1446 0.3429 0 0 30.196 10.961 21.376
1 121 12 0.0754 0.3941 0 0 30.055 7.704 23.345
1 122 16 0.0 -0.470 0 0 32.666 4.936 22.847
1 123 17 0.0188 0.0053 0 0 30.263 2.032 23.481
1 124 1 0.0566 0.5178 0 0 28.783 1.948 19.971
1 125 18 0.0503 -0.204 0 0 26.693 -1.147 19.241
1 126 22 0.2264 0.8300 0 0 24.762 0.182 16.221
1 127 3 0.1132 -0.887 0 0 27.171 0.778 13.365
1 128 18 0.2955 -0.041 0 0 26.899 3.558 10.829
1 129 13 0.1006 -0.865 0 0 26.333 1.031 8.012
1 130 6 0.1886 -0.291 0 0 23.297 -0.544 9.697
1 131 0 0.5094 0.4306 0 0 21.625 2.845 9.989
1 132 6 0.3899 -0.352 0 0 22.646 3.982 6.511
1 133 3 0.2012 -0.768 0 0 21.172 0.791 5.051
1 134 12 0.4150 0.5573 0 0 17.897 1.420 6.853
1 135 0 0.6100 0.5110 0 0 17.664 5.052 5.771
1 136 1 0.3270 -0.861 0 0 18.558 4.106 2.178
1 137 17 0.2075 -0.265 0 0 15.713 1.576 2.126
1 138 20 0.4654 0.5440 0 0 13.241 4.164 3.454
1 139 9 0.4025 -0.480 0 0 14.564 6.817 1.085
1 140 11 0.6855 0.6524 0 0 15.193 9.266 3.924
1 141 16 0.7798 0.2111 0 0 18.257 11.078 5.287
1 142 15 0.8238 -0.291 0 0 20.378 9.672 8.133
1 143 11 0.8553 0.1885 0 0 22.228 12.076 10.441
1 144 7 0.7547 -0.781 0 0 24.504 11.093 13.340
1 145 18 0.7987 0.9766 0 0 24.200 13.470 16.288
1 146 17 0.6289 -0.989 0 0 25.362 14.201 19.777
1 147 0 0.6603 0.5224 0 0 23.199 16.404 21.967
1 148 13 0.3584 -0.741 0 0 26.294 16.717 24.186
1 149 18 0.2452 -0.186 0 0 28.851 17.986 21.639
1 150 1 0.4842 0.0476 0 0 26.180 19.479 19.330
1 151 6 0.4968 -0.226 0 0 27.485 17.304 16.500
1 152 9 0.6792 -0.978 0 0 24.869 17.089 13.751
1 153 22 0.8490 -0.146 0 0 22.068 18.727 15.740
1 154 3 0.7421 -0.910 0 0 21.273 21.673 13.455
1 155 3 0.7735 -0.478 0 0 21.814 19.393 10.462
1 156 0 0.9245 0.3852 0 0 19.191 16.923 11.728
1 157 15 0.9308 0.4238 0 0 16.468 19.528 12.234
1 158 20 0.8050 -0.528 0 0 17.304 21.579 9.141
1 159 18 0.8427 0.1069 0 0 17.367 18.459 6.978
1 160 12 0.9056 0.8046 0 0 13.921 17.605 8.287
1 161 22 0.7861 -0.347 0 0 12.666 21.024 7.211
1 162 1 0.6037 -0.126 0 0 14.127 20.359 3.762
1 163 7 0.6729 0.5067 0 0 12.225 17.049 3.635
1 164 11 0.6477 0.5658 0 0 9.004 18.774 4.639
1 165 1 0.3773 0.0144 0 0 9.514 21.406 1.932
1 166 13 0.3144 0.3672 0 0 10.044 18.660 -0.656
1 167 10 0.3396 0.3053 0 0 6.818 16.936 0.419
1 168 13 0.1257 0.3494 0 0 4.623 20.046 0.266
1 169 7 0.0251 0.2976 0 0 6.007 20.856 -3.210
0 170 13 0 0 0 0 6.007 20.856 -3.210
