0 1 9 0 0 0 0 0 0 0
1 2 14 0.0064 0.1456 0 0 44.206 32.988 89.233
1 3 18 0.0961 0.3545 0 0 43.802 29.223 88.892
1 4 7 0.3141 -0.975 0 0 43.231 27.023 91.948
1 5 20 0.5705 -0.111 0 0 44.139 23.323 92.012
1 6 13 0.6794 -0.896 0 0 42.703 20.999 94.661
1 7 12 0.8974 0.1952 0 0 45.370 18.380 95.416
1 8 22 0.9358 -0.711 0 0 45.106 15.228 97.527
1 9 22 0.9807 0.2196 0 0 47.995 13.302 99.057
1 10 22 0.9423 -0.002 0 0 47.288 9.585 99.470
1 11 9 0.8846 0.4178 0 0 49.275 6.593 100.667
1 12 0 0.6666 -0.338 0 0 49.776 4.237 103.580
1 13 5 0.5320 -0.852 0 0 50.215 5.322 107.194
1 14 9 0.5064 -0.143 0 0 53.601 6.854 107.952
1 15 22 0.7435 0.5750 0 0 54.952 7.329 104.421
1 16 9 0.7948 -0.642 0 0 55.303 11.078 105.010
1 17 13 0.9038 0.0238 0 0 52.185 12.582 103.455
1 18 17 0.7692 -0.666 0 0 51.992 15.245 106.165
1 19 0 0.6602 -0.348 0 0 55.740 15.948 106.161
1 20 12 0.8782 0.6947 0 0 55.686 16.389 102.376
1 21 18 0.8525 0.1007 0 0 52.878 18.903 102.613
1 22 11 0.5833 -0.511 0 0 54.593 20.808 105.426
1 23 6 0.5576 -0.213 0 0 57.882 20.945 103.528
1 24 12 0.6858 0.6884 0 0 56.102 22.359 100.460
1 25 11 0.4871 0.3180 0 0 54.120 25.004 102.323
1 26 6 0.2628 0.0029 0 0 56.269 25.915 105.339
1 27 2 0.2692 -0.213 0 0 59.730 24.768 104.197
1 28 10 0.1602 -0.591 0 0 60.118 22.924 107.511
1 29 15 0.2179 0.2469 0 0 60.609 19.323 108.670
1 30 22 0.0769 0.5836 0 0 59.648 18.257 112.203
0 31 3 0 0 0 0 59.648 18.257 112.203
0 32 7 0 0 0 0 59.648 18.257 112.203
0 33 20 0 0 0 0 59.648 18.257 112.203
0 34 3 0 0 0 0 59.648 18.257 112.203
0 35 16 0 0 0 0 59.648 18.257 112.203
0 36 18 0 0 0 0 59.648 18.257 112.203
0 37 11 0 0 0 0 59.648 18.257 112.203
0 38 7 0 0 0 0 59.648 18.257 112.203
1 39 3 0.1089 0.5140 0 0 48.681 24.603 110.143
1 40 17 0.2820 -0.378 0 0 48.742 25.498 106.446
1 41 20 0.5128 -0.001 0 0 47.357 23.870 103.291
1 42 1 0.4038 -0.446 0 0 47.480 26.670 100.690
1 43 13 0.3846 0.2784 0 0 50.359 27.994 98.564
1 44 6 0.1858 -0.963 0 0 50.558 30.444 95.655
1 45 22 0.3012 0.9414 0 0 53.106 29.303 93.086
1 46 22 0.1346 -0.959 0 0 54.487 29.992 89.603
1 47 11 0.2884 0.9737 0 0 54.588 26.995 87.231
1 48 3 0.0897 0.6159 0 0 55.681 27.109 83.574
1 49 9 0.0128 0.3601 0 0 55.104 30.864 83.599
1 50 7 0.0384 0.3937 0 0 51.623 30.702 85.139
1 51 18 0.0512 -0.657 0 0 50.680 31.845 88.640
1 52 17 0.2307 0.1318 0 0 48.629 29.169 90.409
1 53 12 0.3333 -0.790 0 0 47.195 28.480 93.870
1 54 12 0.6282 0.4983 0 0 47.749 25.007 95.320
1 55 3 0.6025 -0.665 0 0 45.081 23.811 97.754
1 56 11 0.8205 0.5789 0 0 46.150 20.570 99.407
1 57 12 0.7307 -0.094 0 0 43.060 18.981 100.901
1 58 3 0.5769 -0.857 0 0 43.500 18.440 104.628
1 59 18 0.6217 0.8806 0 0 42.621 14.755 104.674
1 60 0 0.4935 0.3702 0 0 44.251 13.269 107.794
0 61 9 0 0 0 0 44.251 13.269 107.794
0 62 6 0 0 0 0 44.251 13.269 107.794
0 63 7 0 0 0 0 44.251 13.269 107.794
0 64 7 0 0 0 0 44.251 13.269 107.794
1 65 20 0.0256 -0.916 0 0 35.178 6.872 107.640
1 66 17 0.1025 -0.465 0 0 35.646 5.780 104.026
1 67 0 0.0448 -0.935 0 0 32.710 8.102 103.337
1 68 14 0.1282 -0.737 0 0 34.832 11.185 104.021
1 69 1 0.3910 -0.404 0 0 37.569 9.647 101.905
1 70 3 0.2756 -0.707 0 0 35.102 9.416 99.017
1 71 6 0.1923 -0.583 0 0 34.175 13.092 99.404
1 72 20 0.5 -0.154 0 0 37.773 14.331 99.260
1 73 14 0.5897 -0.019 0 0 38.476 11.986 96.344
1 74 1 0.3653 -0.779 0 0 35.528 13.327 94.367
1 75 18 0.4102 -0.299 0 0 36.635 16.923 95.029
1 76 9 0.7115 -0.112 0 0 40.326 16.361 94.331
1 77 7 0.6923 -0.617 0 0 41.558 17.164 90.829
1 78 9 0.8910 -0.711 0 0 44.954 15.508 91.187
1 79 15 0.9743 -0.863 0 0 46.549 12.908 93.427
1 80 12 0.9935 0.8738 0 0 50.005 12.197 94.788
1 81 12 0.9871 -0.562 0 0 50.339 8.445 95.268
1 82 22 0.9679 0.4010 0 0 52.941 8.319 98.049
1 83 15 0.8717 -0.191 0 0 54.955 5.337 99.232
1 84 0 0.6730 -0.309 0 0 58.172 5.254 101.285
1 85 11 0.4743 -0.081 0 0 61.304 3.707 99.790
1 86 2 0.2371 -0.045 0 0 61.988 1.770 103.010
1 87 2 0.3269 0.4317 0 0 58.445 0.429 103.225
1 88 18 0.2115 -0.858 0 0 57.722 -2.305 100.714
1 89 13 0.25 -0.333 0 0 54.113 -2.764 101.865
1 90 17 0.5512 0.1890 0 0 53.430 0.935 101.223
1 91 15 0.5641 -0.216 0 0 54.627 0.454 97.658
1 92 7 0.3717 -0.841 0 0 52.465 -2.652 97.331
1 93 3 0.5192 -0.104 0 0 49.495 -0.569 98.602
1 94 11 0.75 0.7308 0 0 49.720 1.949 95.716
1 95 10 0.5384 -0.841 0 0 47.683 -0.130 93.266
1 96 10 0.4551 -0.408 0 0 44.784 -0.295 95.716
1 97 20 0.7243 0.2440 0 0 44.735 3.488 96.201
1 98 1 0.7371 -0.105 0 0 44.868 4.120 92.450
1 99 7 0.4294 -0.532 0 0 41.909 1.785 91.923
1 100 6 0.4423 0.0512 0 0 39.890 3.352 94.771
1 101 11 0.5961 0.9976 0 0 40.326 6.777 93.192
1 102 13 0.4166 0.0598 0 0 39.394 5.592 89.686
1 103 1 0.1538 -0.233 0 0 36.295 3.844 91.034
1 104 22 0.2051 0.3868 0 0 35.145 6.739 93.242
1 105 13 0.3076 0.8267 0 0 35.655 9.514 90.667
1 106 3 0.0705 -0.954 0 0 34.157 7.132 88.080
1 107 17 0.1474 0.4961 0 0 37.029 7.711 85.644
1 108 7 0.1794 -0.932 0 0 39.997 6.048 83.947
1 109 3 0.3589 -0.614 0 0 41.940 9.281 83.309
1 110 22 0.6346 0.1774 0 0 42.548 10.922 86.713
1 111 16 0.8141 -0.501 0 0 45.729 13.073 87.149
1 112 14 0.9166 -0.376 0 0 48.279 11.326 89.370
1 113 22 0.9615 0.1051 0 0 51.972 11.283 90.206
1 114 12 0.9487 -0.802 0 0 53.846 8.457 91.926
1 115 22 0.9551 0.7609 0 0 56.067 9.655 94.754
1 116 9 0.8653 0.2541 0 0 58.735 7.608 96.490
1 117 2 0.8333 0.3161 0 0 59.452 9.431 99.728
1 118 13 0.5448 0.0374 0 0 62.229 9.141 102.363
1 119 17 0.4358 0.3635 0 0 64.941 9.093 99.688
1 120 3 0.1666 0.3415 0 0 67.516 10.158 102.318
1 121 12 0.0833 0.3806 0 0 67.340 6.940 104.346
1 122 16 0.0 -0.474 0 0 69.982 4.235 103.864
1 123 17 0.0192 0.0377 0 0 67.563 1.313 104.367
1 124 1 0.0641 0.5054 0 0 65.986 1.251 100.880
1 125 18 0.0576 -0.209 0 0 63.921 -1.856 100.083
1 126 22 0.2243 0.8161 0 0 62.009 -0.520 97.075
1 127 3 0.1217 -0.926 0 0 64.317 -0.019 94.109
1 128 18 0.2948 -0.024 0 0 64.025 2.946 91.776
1 129 13 0.1153 -0.713 0 0 63.448 0.499 88.914
1 130 6 0.1730 -0.315 0 0 60.423 -1.148 90.546
1 131 0 0.5256 0.4204 0 0 58.811 2.267 90.938
1 132 6 0.3974 -0.283 0 0 59.741 3.398 87.449
1 133 3 0.1987 -0.810 0 0 58.199 0.244 85.947
1 134 12 0.4487 0.5346 0 0 54.993 0.879 87.905
1 135 0 0.6153 0.5029 0 0 54.723 4.526 86.859
1 136 1 0.3461 -0.910 0 0 55.597 3.633 83.263
1 137 17 0.2435 -0.202 0 0 52.749 1.120 83.253
1 138 20 0.4679 0.5267 0 0 50.268 3.662 84.656
1 139 9 0.4230 -0.499 0 0 51.591 6.238 82.222
1 140 11 0.7179 0.6499 0 0 52.309 8.733 85.012
1 141 16 0.7820 0.1861 0 0 55.409 10.573 86.294
1 142 15 0.8269 -0.287 0 0 57.544 9.108 89.099
1 143 11 0.8589 0.2501 0 0 59.360 11.493 91.461
1 144 7 0.7628 -0.813 0 0 61.711 10.481 94.279
1 145 18 0.8012 0.9713 0 0 61.414 12.780 97.293
1 146 17 0.6410 -0.983 0 0 62.552 13.439 100.822
1 147 0 0.6538 0.5126 0 0 60.453 15.670 103.042
1 148 13 0.3525 -0.787 0 0 63.559 15.926 105.247
1 149 18 0.2564 -0.235 0 0 66.116 17.290 102.736
1 150 1 0.4615 0.0431 0 0 63.408 18.756 100.488
1 151 6 0.4807 -0.240 0 0 64.746 16.730 97.549
1 152 9 0.6987 -0.977 0 0 62.142 16.470 94.802
1 153 22 0.8397 -0.156 0 0 59.332 18.038 96.845
1 154 3 0.7564 -0.912 0 0 58.452 21.045 94.658
1 155 3 0.7756 -0.469 0 0 58.991 18.832 91.612
1 156 0 0.9294 0.3537 0 0 56.419 16.315 92.904
1 157 15 0.9230 0.4076 0 0 53.673 18.888 93.450
1 158 20 0.8076 -0.556 0 0 54.504 21.003 90.382
1 159 18 0.8461 0.1478 0 0 54.583 17.905 88.172
1 160 12 0.9102 0.7682 0 0 51.106 17.016 89.460
1 161 22 0.7884 -0.346 0 0 49.808 20.482 88.526
1 162 1 0.6089 -0.115 0 0 51.229 19.871 85.050
1 163 7 0.7051 0.5048 0 0 49.267 16.599 84.865
1 164 11 0.6474 0.5599 0 0 46.017 18.278 85.947
1 165 1 0.3782 0.0365 0 0 46.537 20.871 83.203
1 166 13 0.3205 0.4080 0 0 47.083 18.281 80.467
1 167 10 0.3397 0.3177 0 0 43.937 16.493 81.636
1 168 13 0.1410 0.3294 0 0 41.510 19.444 81.487
1 169 7 0.0320 0.8955 0 0 42.835 20.334 78.021
0 170 13 0 0 0 0 42.835 20.334 78.021
