0 1 9 0 0 0 0 0 0 0
1 2 14 0.0 0.3718 0 0 70.349 -1.001 74.313
1 3 18 0.0880 0.3639 0 0 67.508 0.787 72.557
1 4 7 0.2830 -0.948 0 0 68.115 3.470 69.943
1 5 20 0.5471 -0.122 0 0 65.383 5.917 68.976
1 6 13 0.6603 -0.655 0 0 65.672 7.828 65.715
1 7 12 0.8930 0.1850 0 0 63.925 11.157 66.175
1 8 22 0.9433 -0.698 0 0 63.353 13.900 63.636
1 9 22 0.9874 0.3183 0 0 62.562 17.506 64.562
1 10 22 0.9559 -0.100 0 0 60.603 19.234 61.782
1 11 9 0.8993 0.4357 0 0 59.215 22.744 61.362
1 12 0 0.6918 -0.382 0 0 59.686 26.078 59.606
1 13 5 0.5408 -0.874 0 0 63.022 27.893 59.623
1 14 9 0.5220 -0.058 0 0 63.658 29.840 62.815
1 15 22 0.7672 0.5674 0 0 61.114 28.174 65.135
1 16 9 0.8176 -0.637 0 0 63.899 26.832 67.378
1 17 13 0.9182 0.0263 0 0 64.430 23.210 66.347
1 18 17 0.7987 -0.633 0 0 68.179 23.545 66.839
1 19 0 0.7044 -0.290 0 0 67.845 25.512 70.083
1 20 12 0.8805 0.6766 0 0 65.501 22.858 71.497
1 21 18 0.8679 0.2927 0 0 67.814 19.999 70.569
1 22 11 0.6289 -0.467 0 0 70.944 21.798 71.803
1 23 6 0.5911 -0.238 0 0 69.166 22.516 75.070
1 24 12 0.6855 0.6673 0 0 68.238 18.844 75.422
1 25 11 0.5031 0.4089 0 0 71.671 17.474 74.484
1 26 6 0.3018 0.0586 0 0 74.168 20.134 75.629
1 27 2 0.2767 -0.291 0 0 72.090 21.819 78.349
1 28 10 0.1698 -0.220 0 0 72.578 25.395 77.154
1 29 15 0.2327 0.2841 0 0 71.012 28.189 75.118
1 30 22 0.0754 0.3617 0 0 72.813 31.017 73.311
1 31 3 0.0440 -0.222 0 0 71.029 33.851 71.504
0 32 7 0 0 0 0 71.029 33.851 71.504
0 33 20 0 0 0 0 71.029 33.851 71.504
0 34 3 0 0 0 0 71.029 33.851 71.504
0 35 16 0 0 0 0 71.029 33.851 71.504
0 36 18 0 0 0 0 71.029 33.851 71.504
1 37 11 0.1509 -0.942 0 0 75.561 24.984 63.899
1 38 7 0.3396 -0.263 0 0 75.276 21.198 64.143
1 39 3 0.4842 -0.953 0 0 72.438 19.624 62.131
1 40 17 0.5597 -0.592 0 0 72.357 16.327 64.050
1 41 20 0.5283 0.3120 0 0 72.867 15.184 67.629
1 42 1 0.4213 -0.500 0 0 73.440 11.944 69.501
1 43 13 0.3522 -0.038 0 0 73.342 11.257 73.250
1 44 6 0.1635 -0.823 0 0 72.465 8.490 75.686
1 45 22 0.2515 0.9746 0 0 69.844 9.387 78.261
1 46 22 0.1194 -0.985 0 0 67.727 7.483 80.760
1 47 11 0.2955 0.9618 0 0 63.962 7.711 80.300
1 48 3 0.0943 0.6391 0 0 61.618 6.141 82.858
1 49 9 0.0062 0.3579 0 0 64.513 3.935 83.969
1 50 7 0.0314 0.4237 0 0 65.314 2.698 80.459
1 51 18 0.0377 -0.657 0 0 68.610 3.678 78.847
1 52 17 0.2264 0.6131 0 0 68.025 5.085 75.383
1 53 12 0.3270 -0.396 0 0 70.341 6.402 72.712
1 54 12 0.6100 0.4855 0 0 68.644 9.352 71.004
1 55 3 0.6163 -0.658 0 0 69.738 10.037 67.440
1 56 11 0.8490 0.5027 0 0 68.166 13.351 66.491
1 57 12 0.8364 -0.521 0 0 67.973 15.242 63.193
1 58 3 0.8742 0.0186 0 0 66.822 18.878 62.950
1 59 18 0.8113 -0.237 0 0 65.321 19.809 59.571
1 60 0 0.7169 -0.461 0 0 62.963 22.235 57.817
1 61 9 0.5157 0.8561 0 0 62.650 20.177 54.621
1 62 6 0.3081 0.6692 0 0 64.625 22.712 52.575
0 63 7 0 0 0 0 64.625 22.712 52.575
0 64 7 0 0 0 0 64.625 22.712 52.575
0 65 20 0 0 0 0 64.625 22.712 52.575
1 66 17 0.0691 -0.384 0 0 67.653 15.960 49.985
1 67 0 0.0251 -0.897 0 0 68.617 12.285 49.849
1 68 14 0.1320 -0.665 0 0 69.574 12.303 53.524
1 69 1 0.4025 -0.403 0 0 66.273 14.015 54.371
1 70 3 0.2893 -0.714 0 0 63.899 11.579 52.666
1 71 6 0.1886 -0.797 0 0 66.048 8.812 54.178
1 72 20 0.4905 -0.051 0 0 65.778 10.183 57.741
1 73 14 0.6037 0.1674 0 0 62.012 10.487 57.405
1 74 1 0.3647 -0.762 0 0 61.677 6.843 56.341
1 75 18 0.3899 -0.587 0 0 63.659 5.582 59.338
1 76 9 0.6792 -0.218 0 0 62.713 8.290 61.794
1 77 7 0.6666 -0.627 0 0 60.585 6.548 64.403
1 78 9 0.8867 -0.684 0 0 59.103 9.658 65.958
1 79 15 0.9685 -0.820 0 0 58.677 13.291 64.969
1 80 12 0.9937 0.7581 0 0 58.426 16.597 66.812
1 81 12 0.9811 -0.616 0 0 56.281 19.012 64.859
1 82 22 0.9748 0.5135 0 0 57.619 22.370 65.948
1 83 15 0.8616 -0.268 0 0 56.120 25.820 65.537
1 84 0 0.6729 -0.261 0 0 56.812 29.068 67.391
1 85 11 0.4654 -0.117 0 0 54.032 30.820 69.312
1 86 2 0.2389 -0.019 0 0 55.010 34.115 67.700
1 87 2 0.3584 0.4732 0 0 55.043 32.739 64.154
1 88 18 0.2201 -0.898 0 0 51.590 32.182 62.681
1 89 13 0.2641 -0.276 0 0 53.001 30.941 59.377
1 90 17 0.5660 0.2421 0 0 54.981 28.263 61.227
1 91 15 0.5723 -0.242 0 0 51.761 27.051 62.867
1 92 7 0.3773 -0.845 0 0 49.970 26.998 59.506
1 93 3 0.5094 -0.082 0 0 52.914 24.992 58.095
1 94 11 0.7421 0.7012 0 0 52.387 22.124 60.568
1 95 10 0.4968 -0.868 0 0 49.778 20.398 58.411
1 96 10 0.4528 -0.178 0 0 52.190 20.210 55.469
1 97 20 0.7232 0.3346 0 0 54.849 18.599 57.662
1 98 1 0.7106 -0.206 0 0 52.476 15.975 59.099
1 99 7 0.4276 -0.550 0 0 51.104 15.107 55.664
1 100 6 0.4402 0.2235 0 0 54.593 14.808 54.215
1 101 11 0.6226 0.9911 0 0 55.668 12.448 57.003
1 102 13 0.4088 -0.034 0 0 52.606 10.225 56.563
1 103 1 0.1383 -0.186 0 0 53.231 10.035 52.809
1 104 22 0.2138 0.7000 0 0 56.840 8.923 53.161
1 105 13 0.3144 0.8101 0 0 56.226 6.541 56.083
1 106 3 0.0566 0.0872 0 0 53.270 5.166 54.140
1 107 17 0.1257 0.4224 0 0 51.361 4.964 57.425
1 108 7 0.1446 -0.935 0 0 48.580 6.556 59.478
1 109 3 0.3333 -0.466 0 0 49.987 5.653 62.906
1 110 22 0.5849 0.1771 0 0 53.267 7.536 63.200
1 111 16 0.7735 -0.504 0 0 54.510 8.741 66.626
1 112 14 0.9119 -0.306 0 0 54.355 12.554 66.773
1 113 22 0.9496 0.1101 0 0 54.241 15.405 69.258
1 114 12 0.9371 -0.756 0 0 53.163 18.978 68.568
1 115 22 0.9622 0.7753 0 0 55.538 21.526 70.077
1 116 9 0.8553 0.2160 0 0 54.817 25.222 70.485
1 117 2 0.8238 0.3570 0 0 58.180 26.835 71.169
1 118 13 0.5345 0.0505 0 0 59.337 30.281 72.330
1 119 17 0.4339 0.6485 0 0 56.784 30.193 75.145
1 120 3 0.1823 0.3311 0 0 58.854 32.643 77.183
1 121 12 0.1069 0.3521 0 0 58.254 35.413 74.649
1 122 16 0.0125 -0.450 0 0 55.503 38.028 75.171
1 123 17 0.0188 0.1197 0 0 54.695 38.212 71.449
1 124 1 0.0628 0.4528 0 0 52.029 35.593 70.797
1 125 18 0.0503 -0.101 0 0 50.011 35.193 67.632
1 126 22 0.2075 0.8832 0 0 49.131 31.495 68.039
1 127 3 0.1132 -0.892 0 0 46.627 30.774 70.809
1 128 18 0.2578 -0.046 0 0 47.225 27.806 73.102
1 129 13 0.1006 -0.786 0 0 43.613 26.848 72.354
1 130 6 0.1572 -0.243 0 0 44.390 26.706 68.612
1 131 0 0.4779 0.4108 0 0 47.343 24.414 69.193
1 132 6 0.3836 -0.440 0 0 45.468 22.166 71.613
1 133 3 0.1761 -0.804 0 0 42.576 21.857 69.165
1 134 12 0.4150 0.5150 0 0 44.951 20.933 66.326
1 135 0 0.5786 0.4716 0 0 46.755 18.330 68.439
1 136 1 0.3207 -0.706 0 0 43.404 16.828 69.492
1 137 17 0.1949 -0.164 0 0 42.480 16.502 65.809
1 138 20 0.4465 0.5088 0 0 45.698 14.607 65.030
1 139 9 0.3962 -0.467 0 0 45.353 12.589 68.227
1 140 11 0.6540 0.6477 0 0 48.806 13.563 69.513
1 141 16 0.7484 0.1864 0 0 50.166 15.398 72.565
1 142 15 0.7924 -0.235 0 0 50.797 19.159 72.576
1 143 11 0.8427 0.3395 0 0 53.635 20.557 74.675
1 144 7 0.7295 -0.886 0 0 54.535 24.206 75.142
1 145 18 0.7861 0.9799 0 0 58.304 24.702 75.264
1 146 17 0.6352 -0.986 0 0 61.035 27.289 75.626
1 147 0 0.6477 0.5511 0 0 64.574 26.434 74.565
1 148 13 0.3710 -0.764 0 0 65.589 29.569 76.468
1 149 18 0.2452 -0.237 0 0 64.139 28.679 79.902
1 150 1 0.4591 0.0213 0 0 64.088 24.896 79.291
1 151 6 0.4716 -0.082 0 0 60.321 24.798 79.939
1 152 9 0.6981 -0.967 0 0 58.952 21.591 78.468
1 153 22 0.8301 -0.164 0 0 62.148 20.569 76.672
1 154 3 0.7358 -0.925 0 0 62.675 17.165 78.339
1 155 3 0.7610 -0.489 0 0 58.922 16.590 78.381
1 156 0 0.9245 0.4126 0 0 58.677 17.130 74.610
1 157 15 0.9308 0.4755 0 0 61.377 14.637 73.704
1 158 20 0.7798 -0.553 0 0 60.581 12.132 76.450
1 159 18 0.8050 0.1031 0 0 56.879 12.249 75.565
1 160 12 0.9056 0.7869 0 0 57.853 11.446 71.988
1 161 22 0.7547 -0.277 0 0 59.976 8.487 73.125
1 162 1 0.5534 -0.034 0 0 56.961 7.268 75.124
1 163 7 0.6415 0.5023 0 0 54.774 7.607 72.015
1 164 11 0.5974 0.5896 0 0 57.302 5.464 70.150
1 165 1 0.3459 0.0950 0 0 57.133 2.804 72.879
1 166 13 0.2012 0.3672 0 0 53.331 2.595 72.995
1 167 10 0.2704 0.3725 0 0 53.517 2.222 69.221
1 168 13 0.0817 0.4722 0 0 55.558 -1.000 69.444
0 169 7 0 0 0 0 55.558 -1.000 69.444
0 170 13 0 0 0 0 55.558 -1.000 69.444
