0 1 9 0 0 0 0 0 0 0
0 2 14 0 0 0 0 0 0 0
1 3 18 0.0342 0.0357 0 0 49.824 35.520 134.622
1 4 7 0.1780 -0.954 0 0 46.151 35.253 133.614
1 5 20 0.5 -0.090 0 0 44.375 36.040 130.327
1 6 13 0.6232 -0.137 0 0 40.719 36.897 129.823
1 7 12 0.8835 0.2012 0 0 39.658 35.715 126.359
1 8 22 0.9041 -0.704 0 0 36.168 36.411 125.005
1 9 22 0.9589 0.1792 0 0 34.692 34.420 122.120
1 10 22 0.9178 0.0068 0 0 32.180 36.419 120.063
1 11 9 0.8767 0.3277 0 0 30.193 36.013 116.854
1 12 0 0.6369 -0.313 0 0 26.773 34.986 115.572
1 13 5 0.4589 -0.809 0 0 24.649 32.119 116.893
1 14 9 0.4315 -0.205 0 0 25.540 28.718 115.434
1 15 22 0.7054 0.5728 0 0 29.073 29.543 114.207
1 16 9 0.7465 -0.638 0 0 30.716 27.214 116.731
1 17 13 0.8972 0.0074 0 0 31.839 29.395 119.626
1 18 17 0.6780 -0.672 0 0 30.942 26.706 122.166
1 19 0 0.6164 -0.239 0 0 32.413 23.870 120.112
1 20 12 0.8493 0.7181 0 0 35.675 25.793 119.788
1 21 18 0.8219 0.0632 0 0 35.868 26.646 123.500
1 22 11 0.5342 -0.540 0 0 34.955 23.097 124.553
1 23 6 0.5547 -0.136 0 0 37.401 21.702 122.030
1 24 12 0.6506 0.6473 0 0 40.316 23.737 123.409
1 25 11 0.4178 0.2550 0 0 39.568 22.870 127.021
1 26 6 0.1643 -0.153 0 0 38.303 19.283 126.953
1 27 2 0.1917 0.5183 0 0 39.869 18.033 123.717
1 28 10 0.1438 -0.387 0 0 36.654 16.848 122.039
1 29 15 0.2123 0.0596 0 0 33.821 18.039 119.784
0 30 22 0 0 0 0 33.821 18.039 119.784
0 31 3 0 0 0 0 33.821 18.039 119.784
0 32 7 0 0 0 0 33.821 18.039 119.784
0 33 20 0 0 0 0 33.821 18.039 119.784
0 34 3 0 0 0 0 33.821 18.039 119.784
0 35 16 0 0 0 0 33.821 18.039 119.784
0 36 18 0 0 0 0 33.821 18.039 119.784
0 37 11 0 0 0 0 33.821 18.039 119.784
0 38 7 0 0 0 0 33.821 18.039 119.784
0 39 3 0 0 0 0 33.821 18.039 119.784
0 40 17 0 0 0 0 33.821 18.039 119.784
1 41 20 0.3972 0.2069 0 0 35.758 28.466 131.683
1 42 1 0.3150 -0.530 0 0 39.330 27.927 132.901
1 43 13 0.3287 0.7860 0 0 42.287 26.132 131.310
1 44 6 0.1232 -0.559 0 0 45.928 26.206 132.431
1 45 22 0.2534 0.6486 0 0 48.156 26.185 129.352
1 46 22 0.1027 -0.910 0 0 51.719 26.726 128.154
1 47 11 0.2876 0.3424 0 0 52.235 29.364 125.460
1 48 3 0.0753 0.6939 0 0 55.626 30.740 124.419
1 49 9 0.0136 0.1114 0 0 56.734 29.046 127.614
1 50 7 0.0205 -0.547 0 0 55.255 31.332 130.284
1 51 18 0.0273 -0.827 0 0 52.591 28.943 131.635
1 52 17 0.1369 0.7241 0 0 49.325 30.855 132.073
1 53 12 0.2191 -0.863 0 0 45.657 30.758 133.069
1 54 12 0.5273 0.4786 0 0 43.060 31.288 130.341
1 55 3 0.5136 -0.546 0 0 39.633 32.522 131.434
1 56 11 0.7534 0.4661 0 0 37.494 31.879 128.353
1 57 12 0.7260 -0.432 0 0 34.109 33.582 128.141
1 58 3 0.7739 -0.268 0 0 31.929 31.823 125.609
1 59 18 0.6986 0.6668 0 0 29.358 34.514 124.820
1 60 0 0.5684 0.3134 0 0 26.872 31.949 123.494
0 61 9 0 0 0 0 26.872 31.949 123.494
0 62 6 0 0 0 0 26.872 31.949 123.494
0 63 7 0 0 0 0 26.872 31.949 123.494
0 64 7 0 0 0 0 26.872 31.949 123.494
0 65 20 0 0 0 0 26.872 31.949 123.494
0 66 17 0 0 0 0 26.872 31.949 123.494
0 67 0 0 0 0 0 26.872 31.949 123.494
0 68 14 0 0 0 0 26.872 31.949 123.494
0 69 1 0 0 0 0 26.872 31.949 123.494
1 70 3 0.0684 0.5078 0 0 29.194 46.143 129.769
1 71 6 0.0890 -0.493 0 0 31.982 44.769 131.967
1 72 20 0.3904 0.4001 0 0 33.210 41.725 130.028
1 73 14 0.4931 -0.085 0 0 34.137 43.839 126.992
1 74 1 0.2671 -0.883 0 0 35.911 46.374 129.200
1 75 18 0.3219 -0.215 0 0 37.591 43.556 131.114
1 76 9 0.6095 -0.271 0 0 38.206 41.177 128.219
1 77 7 0.6438 -0.604 0 0 41.814 41.465 127.125
1 78 9 0.8904 -0.778 0 0 41.278 39.726 123.797
1 79 15 0.9520 -0.917 0 0 38.463 38.702 121.468
1 80 12 0.9931 0.8081 0 0 37.986 35.888 118.959
1 81 12 0.9863 -0.562 0 0 35.738 37.145 116.163
1 82 22 0.9657 0.3650 0 0 34.165 33.922 114.937
1 83 15 0.8561 -0.130 0 0 32.252 33.379 111.714
1 84 0 0.6643 -0.384 0 0 31.456 30.150 109.862
1 85 11 0.4794 -0.016 0 0 32.780 29.720 106.347
1 86 2 0.2328 -0.093 0 0 29.376 28.386 105.237
1 87 2 0.2945 0.3662 0 0 27.394 31.276 106.719
1 88 18 0.1849 -0.869 0 0 27.677 34.512 104.781
1 89 13 0.1986 -0.278 0 0 25.513 36.395 107.265
1 90 17 0.5205 0.2031 0 0 27.854 35.395 110.120
1 91 15 0.5753 -0.141 0 0 30.752 36.895 108.168
1 92 7 0.3493 -0.855 0 0 28.721 40.045 107.474
1 93 3 0.4657 -0.180 0 0 27.984 40.311 111.225
1 94 11 0.7191 0.7518 0 0 31.697 40.460 112.230
1 95 10 0.4863 -0.942 0 0 31.745 44.204 111.516
1 96 10 0.4041 -0.735 0 0 29.093 44.827 114.187
1 97 20 0.6712 0.2792 0 0 30.870 42.791 116.861
1 98 1 0.6917 0.0677 0 0 34.226 44.535 116.327
1 99 7 0.3835 -0.490 0 0 32.585 47.965 116.428
1 100 6 0.3698 0.1699 0 0 30.603 47.232 119.601
1 101 11 0.5616 0.9923 0 0 33.846 46.168 121.279
1 102 13 0.3767 0.1106 0 0 36.067 49.041 120.110
1 103 1 0.1095 0.4279 0 0 33.325 51.432 121.174
1 104 22 0.1506 0.2687 0 0 33.300 50.087 124.720
1 105 13 0.2054 0.7660 0 0 36.999 49.495 125.446
1 106 3 0.0410 0.0632 0 0 37.581 53.015 124.095
1 107 17 0.0958 0.1834 0 0 40.734 52.116 122.170
1 108 7 0.1712 -0.994 0 0 41.810 51.195 118.642
1 109 3 0.3356 -0.996 0 0 44.457 48.790 119.927
1 110 22 0.5821 0.1056 0 0 42.239 45.913 121.080
1 111 16 0.7945 -0.567 0 0 43.611 42.364 120.749
1 112 14 0.9246 -0.315 0 0 41.552 40.362 118.277
1 113 22 0.9794 0.2083 0 0 41.776 37.348 116.021
1 114 12 0.9452 -0.815 0 0 39.452 36.609 113.109
1 115 22 0.9726 0.7524 0 0 38.364 32.970 113.064
1 116 9 0.8630 0.2994 0 0 36.739 31.215 110.122
1 117 2 0.8150 0.2519 0 0 35.212 28.072 111.566
1 118 13 0.5410 0.0015 0 0 33.681 24.931 110.004
1 119 17 0.4109 0.5485 0 0 36.529 24.620 107.514
1 120 3 0.1575 0.2841 0 0 35.770 20.897 107.071
1 121 12 0.0616 0.3819 0 0 32.502 21.616 105.234
1 122 16 0.0 -0.528 0 0 32.358 21.668 101.416
1 123 17 0.0068 -0.034 0 0 29.616 24.317 101.064
1 124 1 0.0547 0.5409 0 0 31.937 27.327 101.480
1 125 18 0.0479 -0.216 0 0 30.271 30.669 100.729
1 126 22 0.2397 0.8181 0 0 32.941 32.881 102.317
1 127 3 0.1301 -0.917 0 0 36.255 32.826 100.435
1 128 18 0.3013 -0.098 0 0 39.630 32.616 102.156
1 129 13 0.1164 -0.846 0 0 40.615 35.825 100.341
1 130 6 0.2260 -0.345 0 0 37.551 37.679 101.692
1 131 0 0.5479 0.3673 0 0 38.449 36.772 105.249
1 132 6 0.4246 -0.277 0 0 42.151 37.547 104.782
1 133 3 0.2602 -0.807 0 0 41.287 40.964 103.329
1 134 12 0.4383 0.4496 0 0 38.966 41.770 106.239
1 135 0 0.6575 0.5267 0 0 41.564 40.755 108.831
1 136 1 0.3630 -0.632 0 0 44.115 42.875 106.960
1 137 17 0.2808 -0.106 0 0 41.767 45.886 107.229
1 138 20 0.5068 0.4567 0 0 41.433 45.338 110.957
1 139 9 0.4520 -0.547 0 0 45.150 44.627 111.374
1 140 11 0.7397 0.6381 0 0 44.609 41.231 113.052
1 141 16 0.8082 0.1704 0 0 45.481 37.596 112.302
1 142 15 0.8424 -0.274 0 0 43.067 35.286 110.457
1 143 11 0.8698 0.3625 0 0 42.907 31.593 111.326
1 144 7 0.7671 -0.828 0 0 40.743 28.930 109.697
1 145 18 0.8013 0.9694 0 0 39.455 26.406 112.207
1 146 17 0.5958 -0.963 0 0 37.434 23.257 112.518
1 147 0 0.6301 0.5016 0 0 36.052 22.602 115.983
1 148 13 0.3424 -0.781 0 0 35.048 19.195 114.631
1 149 18 0.2465 -0.196 0 0 38.506 18.068 113.466
1 150 1 0.4452 0.0016 0 0 40.269 20.402 115.969
1 151 6 0.4726 -0.361 0 0 42.366 21.865 113.137
1 152 9 0.7123 -0.983 0 0 43.608 25.359 113.964
1 153 22 0.8287 -0.269 0 0 41.817 25.493 117.309
1 154 3 0.7328 -0.940 0 0 44.914 25.745 119.495
1 155 3 0.7808 -0.396 0 0 46.407 28.121 116.940
1 156 0 0.9383 0.3602 0 0 43.390 30.439 117.227
1 157 15 0.9315 0.3115 0 0 43.456 30.783 121.026
1 158 20 0.7876 -0.602 0 0 47.233 30.749 121.340
1 159 18 0.8356 0.2188 0 0 47.479 33.380 118.606
1 160 12 0.9109 0.7301 0 0 45.081 35.582 120.597
1 161 22 0.7602 -0.346 0 0 47.152 35.171 123.760
1 162 1 0.5890 -0.047 0 0 50.185 36.311 121.756
1 163 7 0.6849 0.6004 0 0 48.240 39.348 120.508
1 164 11 0.6027 0.5042 0 0 47.354 40.215 124.096
1 165 1 0.3561 0.0469 0 0 51.045 39.989 124.994
1 166 13 0.2739 0.4531 0 0 52.177 42.397 122.270
1 167 10 0.3082 0.2682 0 0 49.496 44.746 123.574
1 168 13 0.0821 0.4164 0 0 50.970 44.571 127.088
0 169 7 0 0 0 0 50.970 44.571 127.088
0 170 13 0 0 0 0 50.970 44.571 127.088
