0 1 9 0 0 0 0 0 0 0
1 2 14 0.0 -0.680 0 0 -2.330 18.924 6.113
1 3 18 0.0562 -0.401 0 0 -5.174 17.658 8.291
1 4 7 0.2624 -0.546 0 0 -4.353 14.974 10.851
1 5 20 0.5437 -0.138 0 0 -6.739 12.332 12.142
1 6 13 0.6687 -0.797 0 0 -6.094 10.298 15.278
1 7 12 0.9 0.1972 0 0 -7.722 6.900 14.797
1 8 22 0.925 -0.720 0 0 -8.055 4.177 17.447
1 9 22 0.9875 0.3597 0 0 -8.502 0.496 16.722
1 10 22 0.95 -0.144 0 0 -10.332 -1.355 19.533
1 11 9 0.8937 0.3538 0 0 -11.795 -4.831 20.001
1 12 0 0.6937 -0.425 0 0 -11.188 -8.128 21.798
1 13 5 0.5625 -0.838 0 0 -7.745 -9.707 21.713
1 14 9 0.5312 -0.035 0 0 -7.233 -11.794 18.581
1 15 22 0.7687 0.5243 0 0 -9.792 -10.193 16.272
1 16 9 0.825 -0.720 0 0 -7.098 -8.780 13.942
1 17 13 0.9187 -0.067 0 0 -6.581 -5.190 15.151
1 18 17 0.7937 -0.721 0 0 -2.837 -5.448 14.594
1 19 0 0.7312 -0.272 0 0 -3.087 -7.359 11.322
1 20 12 0.8875 0.6797 0 0 -5.443 -4.706 9.949
1 21 18 0.875 0.1547 0 0 -3.261 -1.807 11.042
1 22 11 0.6375 -0.548 0 0 -0.123 -3.433 9.623
1 23 6 0.6312 -0.192 0 0 -1.702 -4.130 6.242
1 24 12 0.7062 0.6495 0 0 -2.627 -0.455 6.017
1 25 11 0.5125 0.3076 0 0 0.792 0.733 7.185
1 26 6 0.3062 0.0007 0 0 3.241 -1.870 5.779
1 27 2 0.2937 -0.243 0 0 1.189 -3.532 3.012
1 28 10 0.1999 -0.245 0 0 1.683 -7.080 4.298
1 29 15 0.35 0.1163 0 0 -0.111 -9.632 6.505
1 30 22 0.2375 0.1364 0 0 1.538 -10.643 9.784
1 31 3 0.0999 -0.745 0 0 0.677 -14.204 10.861
1 32 7 0.0687 -0.546 0 0 1.851 -13.947 14.467
1 33 20 0.2249 0.5351 0 0 2.092 -10.425 15.838
1 34 3 0.1187 -0.605 0 0 2.797 -9.997 19.549
1 35 16 0.3312 -0.688 0 0 -0.731 -9.812 21.124
1 36 18 0.1687 -0.940 0 0 0.524 -7.496 23.900
1 37 11 0.2875 -0.449 0 0 2.169 -4.770 21.816
1 38 7 0.4562 0.1305 0 0 0.244 -1.500 21.890
1 39 3 0.4687 -0.646 0 0 1.541 1.116 19.526
1 40 17 0.5375 -0.568 0 0 0.706 4.010 17.239
1 41 20 0.525 0.2195 0 0 1.456 4.090 13.509
1 42 1 0.4312 -0.410 0 0 1.680 7.100 11.212
1 43 13 0.3812 0.2031 0 0 0.976 7.227 7.476
1 44 6 0.1500 -0.568 0 0 0.388 9.956 4.892
1 45 22 0.3125 0.7123 0 0 -2.622 8.987 2.764
1 46 22 0.125 -0.979 0 0 -4.893 10.604 0.149
1 47 11 0.3000 0.9488 0 0 -8.639 10.122 0.604
1 48 3 0.0812 0.5512 0 0 -11.305 11.484 -1.743
1 49 9 0.0062 0.4518 0 0 -8.503 13.641 -3.137
1 50 7 0.0312 0.2704 0 0 -7.521 15.265 0.151
1 51 18 0.0374 -0.662 0 0 -4.079 14.581 1.617
1 52 17 0.1750 0.5114 0 0 -4.064 13.564 5.281
1 53 12 0.3187 -0.390 0 0 -1.822 12.151 7.976
1 54 12 0.6187 0.5176 0 0 -3.276 9.219 9.902
1 55 3 0.625 -0.655 0 0 -2.057 8.514 13.418
1 56 11 0.8312 0.5065 0 0 -3.464 5.097 14.291
1 57 12 0.8187 -0.542 0 0 -3.407 3.500 17.750
1 58 3 0.8687 -0.272 0 0 -3.551 -0.260 17.655
1 59 18 0.7812 0.5186 0 0 -4.772 -1.150 21.149
1 60 0 0.5875 -0.095 0 0 -3.651 -4.266 23.010
0 61 9 0 0 0 0 -3.651 -4.266 23.010
0 62 6 0 0 0 0 -3.651 -4.266 23.010
0 63 7 0 0 0 0 -3.651 -4.266 23.010
0 64 7 0 0 0 0 -3.651 -4.266 23.010
0 65 20 0 0 0 0 -3.651 -4.266 23.010
0 66 17 0 0 0 0 -3.651 -4.266 23.010
0 67 0 0 0 0 0 -3.651 -4.266 23.010
0 68 14 0 0 0 0 -3.651 -4.266 23.010
1 69 1 0.4187 -0.014 0 0 -3.974 4.137 25.900
1 70 3 0.2437 -0.469 0 0 -6.094 6.438 28.055
1 71 6 0.2125 -0.523 0 0 -4.446 9.200 26.013
1 72 20 0.5187 -0.148 0 0 -5.647 7.970 22.601
1 73 14 0.5562 0.1929 0 0 -9.144 7.392 23.997
1 74 1 0.3437 -0.726 0 0 -9.280 11.016 25.090
1 75 18 0.375 -0.587 0 0 -7.658 12.408 21.906
1 76 9 0.6625 -0.169 0 0 -8.956 9.876 19.386
1 77 7 0.6562 -0.576 0 0 -11.198 11.426 16.745
1 78 9 0.8812 -0.677 0 0 -12.459 8.164 15.270
1 79 15 0.9687 -0.834 0 0 -12.714 4.539 16.360
1 80 12 0.9937 0.8036 0 0 -12.842 1.177 14.584
1 81 12 0.9812 -0.641 0 0 -14.834 -1.335 16.575
1 82 22 0.975 0.5368 0 0 -13.404 -4.654 15.466
1 83 15 0.8625 -0.217 0 0 -14.828 -8.149 15.932
1 84 0 0.7 -0.287 0 0 -14.015 -11.336 14.003
1 85 11 0.475 -0.035 0 0 -16.827 -13.123 12.177
1 86 2 0.2562 -0.016 0 0 -15.751 -16.454 13.685
1 87 2 0.3625 0.3646 0 0 -15.749 -15.134 17.241
1 88 18 0.2062 -0.891 0 0 -19.207 -14.652 18.692
1 89 13 0.2312 -0.311 0 0 -17.770 -13.427 21.999
1 90 17 0.55 0.2702 0 0 -15.829 -10.669 20.214
1 91 15 0.5812 -0.199 0 0 -19.061 -9.454 18.599
1 92 7 0.3687 -0.851 0 0 -20.819 -9.566 21.975
1 93 3 0.5 -0.059 0 0 -17.990 -7.333 23.341
1 94 11 0.7187 0.6934 0 0 -18.672 -4.484 20.868
1 95 10 0.4812 -0.896 0 0 -21.302 -2.712 22.969
1 96 10 0.4499 -0.158 0 0 -18.841 -2.463 25.876
1 97 20 0.7125 0.3318 0 0 -16.190 -0.857 23.659
1 98 1 0.6812 -0.248 0 0 -18.703 1.638 22.325
1 99 7 0.4062 -0.614 0 0 -19.996 2.690 25.761
1 100 6 0.4375 0.3073 0 0 -16.450 3.097 27.031
1 101 11 0.6125 0.9863 0 0 -15.657 5.462 24.126
1 102 13 0.3874 -0.116 0 0 -18.896 7.391 24.675
1 103 1 0.1312 -0.304 0 0 -18.000 7.805 28.334
1 104 22 0.1875 0.4912 0 0 -14.436 9.030 27.815
1 105 13 0.2687 0.7594 0 0 -15.275 11.337 24.892
1 106 3 0.0437 -0.889 0 0 -18.338 12.665 26.741
1 107 17 0.1062 0.4453 0 0 -20.468 12.516 23.597
1 108 7 0.1374 -0.935 0 0 -23.063 10.488 21.713
1 109 3 0.3375 -0.899 0 0 -21.880 11.438 18.202
1 110 22 0.575 0.1650 0 0 -18.374 9.956 18.136
1 111 16 0.7562 -0.557 0 0 -17.168 8.858 14.672
1 112 14 0.9125 -0.398 0 0 -17.019 5.047 14.637
1 113 22 0.9562 0.1868 0 0 -17.038 2.208 12.115
1 114 12 0.9375 -0.774 0 0 -18.025 -1.386 12.871
1 115 22 0.9625 0.8179 0 0 -15.551 -3.839 11.349
1 116 9 0.8562 0.1836 0 0 -16.165 -7.572 10.889
1 117 2 0.8375 0.3644 0 0 -12.710 -9.073 10.269
1 118 13 0.5937 0.0290 0 0 -11.416 -12.518 9.244
1 119 17 0.4625 0.4739 0 0 -13.986 -12.565 6.443
1 120 3 0.1937 0.3307 0 0 -11.897 -15.100 4.460
1 121 12 0.0937 0.3506 0 0 -12.408 -17.762 7.107
1 122 16 0.0124 -0.482 0 0 -15.202 -20.320 6.563
1 123 17 0.0250 -0.137 0 0 -16.097 -20.744 10.283
1 124 1 0.0625 0.4746 0 0 -18.651 -17.871 10.452
1 125 18 0.0500 -0.155 0 0 -20.722 -17.603 13.662
1 126 22 0.2187 0.8697 0 0 -21.703 -13.932 13.380
1 127 3 0.1125 -0.904 0 0 -24.236 -13.281 10.588
1 128 18 0.275 0.0345 0 0 -23.702 -10.236 8.316
1 129 13 0.0875 -0.801 0 0 -27.337 -9.396 9.098
1 130 6 0.1437 -0.264 0 0 -26.547 -9.308 12.863
1 131 0 0.4875 0.4503 0 0 -23.636 -6.877 12.358
1 132 6 0.4125 -0.240 0 0 -25.613 -4.641 9.979
1 133 3 0.1562 -0.786 0 0 -28.484 -4.509 12.454
1 134 12 0.4250 0.4520 0 0 -26.108 -3.461 15.241
1 135 0 0.6 0.5219 0 0 -24.403 -0.840 13.083
1 136 1 0.3249 -0.711 0 0 -27.823 0.541 12.091
1 137 17 0.1624 0.0960 0 0 -28.848 0.898 15.726
1 138 20 0.4437 0.5166 0 0 -25.609 2.812 16.270
1 139 9 0.4 -0.535 0 0 -25.948 4.902 13.091
1 140 11 0.675 0.6222 0 0 -22.495 3.856 11.886
1 141 16 0.7375 0.2069 0 0 -21.101 2.085 8.833
1 142 15 0.8 -0.220 0 0 -20.407 -1.626 8.863
1 143 11 0.85 0.2399 0 0 -17.425 -2.876 6.793
1 144 7 0.7625 -0.856 0 0 -16.379 -6.529 6.306
1 145 18 0.8062 0.9808 0 0 -12.595 -7.090 6.079
1 146 17 0.65 -0.985 0 0 -9.853 -9.635 5.744
1 147 0 0.6875 0.5508 0 0 -6.422 -8.554 6.948
1 148 13 0.3937 -0.734 0 0 -5.208 -11.750 5.296
1 149 18 0.2812 -0.202 0 0 -6.363 -10.979 1.723
1 150 1 0.4937 0.0515 0 0 -6.563 -7.206 2.285
1 151 6 0.5062 -0.127 0 0 -10.255 -7.144 1.379
1 152 9 0.725 -0.970 0 0 -11.874 -3.992 2.795
1 153 22 0.8437 -0.150 0 0 -8.831 -2.740 4.688
1 154 3 0.7437 -0.943 0 0 -8.536 0.657 2.923
1 155 3 0.775 -0.466 0 0 -12.318 0.932 2.973
1 156 0 0.9437 0.4450 0 0 -12.542 0.498 6.777
1 157 15 0.9312 0.4712 0 0 -9.944 3.185 7.559
1 158 20 0.7875 -0.525 0 0 -10.939 5.574 4.783
1 159 18 0.8125 0.1322 0 0 -14.632 5.267 5.737
1 160 12 0.9062 0.7480 0 0 -13.754 6.188 9.326
1 161 22 0.75 -0.258 0 0 -11.903 9.234 8.025
1 162 1 0.5687 -0.015 0 0 -14.997 10.206 6.020
1 163 7 0.6437 0.5129 0 0 -17.106 9.900 9.196
1 164 11 0.6062 0.5327 0 0 -14.674 12.183 11.019
1 165 1 0.3562 0.1109 0 0 -14.889 14.771 8.240
1 166 13 0.1812 0.6167 0 0 -18.682 14.833 8.153
1 167 10 0.25 0.3651 0 0 -18.688 15.131 11.971
1 168 13 0.0749 0.4735 0 0 -16.473 18.238 12.156
1 169 7 0.0187 0.8885 0 0 -18.470 19.707 9.244
0 170 13 0 0 0 0 -18.470 19.707 9.244
