0 1 9 0 0 0 0 0 0 0
0 2 14 0 0 0 0 0 0 0
1 3 18 0.0481 -0.036 0 0 -8.598 21.373 55.018
1 4 7 0.2289 -0.903 0 0 -4.963 21.756 53.944
1 5 20 0.5361 -0.198 0 0 -3.536 20.983 50.497
1 6 13 0.6927 -0.895 0 0 0.078 20.101 49.753
1 7 12 0.9036 0.1292 0 0 0.940 21.502 46.340
1 8 22 0.9518 -0.615 0 0 4.209 21.208 44.452
1 9 22 0.9879 0.2466 0 0 5.493 23.454 41.661
1 10 22 0.9698 -0.155 0 0 7.916 21.752 39.262
1 11 9 0.9277 0.4277 0 0 9.477 22.581 35.890
1 12 0 0.7831 -0.388 0 0 12.801 23.406 34.241
1 13 5 0.6265 -0.854 0 0 15.157 26.026 35.558
1 14 9 0.6024 0.0092 0 0 13.929 29.520 34.805
1 15 22 0.8192 0.5718 0 0 10.324 28.807 33.779
1 16 9 0.8614 -0.617 0 0 8.900 30.922 36.637
1 17 13 0.9397 0.0104 0 0 8.173 28.471 39.469
1 18 17 0.8253 -0.655 0 0 9.296 30.987 42.082
1 19 0 0.7530 -0.268 0 0 7.805 34.046 40.368
1 20 12 0.8975 0.6851 0 0 4.419 32.310 40.100
1 21 18 0.8674 0.1934 0 0 4.485 31.238 43.749
1 22 11 0.6445 -0.436 0 0 5.500 34.711 44.898
1 23 6 0.5963 -0.231 0 0 2.935 36.380 42.625
1 24 12 0.6987 0.6204 0 0 0.273 34.123 44.181
1 25 11 0.5 0.3042 0 0 1.282 34.733 47.784
1 26 6 0.2951 0.0293 0 0 2.506 38.338 47.695
1 27 2 0.2771 -0.188 0 0 0.834 39.812 44.598
1 28 10 0.2108 -0.523 0 0 4.171 40.977 43.229
1 29 15 0.3433 0.1197 0 0 6.414 40.111 40.282
1 30 22 0.2650 0.5645 0 0 10.086 39.349 41.101
1 31 3 0.1204 -0.765 0 0 12.551 40.078 38.297
1 32 7 0.1325 -0.460 0 0 15.191 37.894 39.898
1 33 20 0.3132 0.4677 0 0 14.813 35.300 42.615
1 34 3 0.1445 -0.577 0 0 17.738 33.095 43.698
1 35 16 0.3734 -0.775 0 0 17.404 30.101 41.327
1 36 18 0.2891 -0.941 0 0 18.712 27.665 43.959
1 37 11 0.3614 -0.650 0 0 16.278 28.386 46.772
1 38 7 0.5180 0.2584 0 0 13.654 25.787 47.557
1 39 3 0.4939 -0.774 0 0 11.081 26.417 50.267
1 40 17 0.5602 -0.206 0 0 7.431 25.929 51.206
1 41 20 0.5421 0.1998 0 0 5.093 28.919 51.345
1 42 1 0.4337 -0.530 0 0 1.683 28.989 53.046
1 43 13 0.4277 0.2907 0 0 -1.429 30.706 51.682
1 44 6 0.1746 -0.836 0 0 -4.789 30.625 53.398
1 45 22 0.1987 0.8415 0 0 -7.594 31.241 50.933
1 46 22 0.0722 -0.970 0 0 -11.291 30.550 50.367
1 47 11 0.1626 0.9647 0 0 -12.037 28.336 47.368
1 48 3 0.0421 0.5944 0 0 -15.654 27.641 46.480
1 49 9 0.0 0.2443 0 0 -16.738 28.764 49.943
1 50 7 0.0301 0.2379 0 0 -14.171 26.567 51.696
1 51 18 0.0361 -0.965 0 0 -11.263 27.861 53.795
1 52 17 0.1686 0.4441 0 0 -8.172 26.068 52.546
1 53 12 0.3012 -0.346 0 0 -4.576 26.226 53.676
1 54 12 0.5783 0.4321 0 0 -2.250 25.840 50.687
1 55 3 0.6084 -0.646 0 0 1.212 24.551 51.494
1 56 11 0.8433 0.4459 0 0 3.186 25.121 48.309
1 57 12 0.8493 -0.409 0 0 6.592 23.677 47.575
1 58 3 0.8915 -0.299 0 0 8.543 25.828 45.159
1 59 18 0.8373 0.5882 0 0 11.116 23.301 43.906
1 60 0 0.6686 -0.570 0 0 14.642 24.132 42.652
1 61 9 0.5301 0.8496 0 0 16.065 20.682 41.879
1 62 6 0.2168 0.1818 0 0 19.421 21.323 43.613
1 63 7 0.1144 0.7854 0 0 19.549 17.798 45.085
1 64 7 0.0060 -0.960 0 0 22.835 15.930 44.821
1 65 20 0.0240 -0.971 0 0 20.926 12.698 44.077
1 66 17 0.1084 -0.318 0 0 17.620 12.464 42.144
1 67 0 0.0542 -0.940 0 0 15.964 10.039 44.583
1 68 14 0.0963 -0.546 0 0 16.029 12.779 47.228
1 69 1 0.4036 0.2541 0 0 13.127 14.399 45.368
1 70 3 0.3373 -0.686 0 0 10.909 11.347 45.920
1 71 6 0.2409 -0.507 0 0 9.894 12.352 49.480
1 72 20 0.5240 0.5779 0 0 8.139 15.541 48.439
1 73 14 0.6204 0.2434 0 0 6.503 13.771 45.517
1 74 1 0.3674 -0.776 0 0 5.082 11.186 47.927
1 75 18 0.4156 -0.151 0 0 3.839 13.930 50.246
1 76 9 0.7108 -0.072 0 0 2.558 16.280 47.530
1 77 7 0.6867 -0.624 0 0 -1.145 15.967 46.659
1 78 9 0.8855 -0.692 0 0 -1.133 18.107 43.505
1 79 15 0.9638 -0.751 0 0 1.503 19.258 41.005
1 80 12 0.9939 0.4871 0 0 1.799 22.270 38.717
1 81 12 0.9819 -0.696 0 0 3.803 21.259 35.694
1 82 22 0.9759 0.4942 0 0 5.229 24.590 34.546
1 83 15 0.8795 -0.330 0 0 6.853 25.352 31.208
1 84 0 0.7409 -0.225 0 0 7.570 28.690 29.554
1 85 11 0.5060 -0.074 0 0 5.983 29.462 26.190
1 86 2 0.3313 -0.024 0 0 9.342 30.825 24.947
1 87 2 0.3795 0.4981 0 0 11.382 27.797 26.036
1 88 18 0.2831 -0.920 0 0 10.913 24.713 23.878
1 89 13 0.3493 -0.118 0 0 13.196 22.598 26.076
1 90 17 0.6385 0.2125 0 0 11.019 23.401 29.103
1 91 15 0.6325 -0.305 0 0 7.954 22.130 27.249
1 92 7 0.4216 -0.847 0 0 9.796 19.011 26.135
1 93 3 0.5722 -0.059 0 0 10.813 18.329 29.761
1 94 11 0.7891 0.6532 0 0 7.179 18.197 30.955
1 95 10 0.5481 -0.841 0 0 6.685 14.597 29.955
1 96 10 0.4819 -0.410 0 0 9.650 13.393 32.020
1 97 20 0.7650 0.3765 0 0 8.646 15.452 35.061
1 98 1 0.7590 -0.250 0 0 5.141 13.955 34.953
1 99 7 0.4578 -0.843 0 0 6.616 10.488 34.486
1 100 6 0.4759 -0.210 0 0 8.708 10.877 37.648
1 101 11 0.6566 0.9925 0 0 5.741 11.994 39.713
1 102 13 0.4397 0.0259 0 0 3.570 9.139 38.361
1 103 1 0.1927 -0.088 0 0 6.335 6.647 39.123
1 104 22 0.2530 0.5058 0 0 6.813 7.794 42.722
1 105 13 0.3192 0.7969 0 0 3.101 7.956 43.505
1 106 3 0.0783 -0.952 0 0 2.376 4.889 41.332
1 107 17 0.1385 0.3778 0 0 -0.802 6.348 39.794
1 108 7 0.2349 -0.650 0 0 -2.252 7.764 36.563
1 109 3 0.3554 -0.907 0 0 -4.830 9.904 38.411
1 110 22 0.5903 0.2409 0 0 -2.428 12.261 40.219
1 111 16 0.7710 -0.567 0 0 -3.869 15.775 40.452
1 112 14 0.9096 -0.229 0 0 -1.846 17.924 38.050
1 113 22 0.9457 0.0784 0 0 -2.243 21.062 35.994
1 114 12 0.9337 -0.712 0 0 -0.156 21.983 32.971
1 115 22 0.9578 0.7384 0 0 0.950 25.607 33.180
1 116 9 0.8554 0.1091 0 0 2.259 27.580 30.218
1 117 2 0.8313 0.3909 0 0 3.942 30.561 31.861
1 118 13 0.5843 0.1167 0 0 5.310 33.879 30.505
1 119 17 0.4518 0.5900 0 0 2.199 34.456 28.357
1 120 3 0.2048 0.3825 0 0 2.824 38.210 28.440
1 121 12 0.1024 0.4383 0 0 5.833 37.807 26.173
1 122 16 0.0120 -0.364 0 0 5.184 38.964 22.581
1 123 17 0.0180 -0.311 0 0 7.395 36.187 21.152
1 124 1 0.0662 0.5111 0 0 6.561 32.492 21.587
1 125 18 0.0602 -0.157 0 0 7.964 29.127 20.419
1 126 22 0.2469 0.8825 0 0 5.605 26.618 22.008
1 127 3 0.1265 -0.895 0 0 2.185 26.634 20.351
1 128 18 0.2710 -0.055 0 0 -0.960 26.798 22.500
1 129 13 0.0903 -0.833 0 0 -2.426 23.971 20.397
1 130 6 0.1566 -0.264 0 0 0.556 21.756 21.274
1 131 0 0.4879 0.4641 0 0 0.090 22.324 25.001
1 132 6 0.3975 -0.392 0 0 -3.716 21.861 24.848
1 133 3 0.1506 -0.783 0 0 -3.265 18.612 22.978
1 134 12 0.4096 0.5074 0 0 -0.703 17.391 25.476
1 135 0 0.5662 0.4505 0 0 -2.913 18.293 28.455
1 136 1 0.3072 -0.784 0 0 -5.778 16.488 26.719
1 137 17 0.1867 -0.110 0 0 -3.597 13.369 26.284
1 138 20 0.4457 0.5582 0 0 -2.832 13.556 30.020
1 139 9 0.3915 -0.488 0 0 -6.459 14.235 30.999
1 140 11 0.6626 0.6861 0 0 -5.466 17.324 33.013
1 141 16 0.7228 0.1961 0 0 -6.315 21.010 32.700
1 142 15 0.7951 -0.192 0 0 -4.056 23.484 30.920
1 143 11 0.8132 0.1844 0 0 -3.751 27.118 32.039
1 144 7 0.7349 -0.843 0 0 -1.829 29.933 30.380
1 145 18 0.8012 0.9688 0 0 -0.218 32.210 32.961
1 146 17 0.6506 -0.987 0 0 1.877 35.280 33.564
1 147 0 0.6807 0.5855 0 0 3.678 35.839 36.856
1 148 13 0.3855 -0.745 0 0 4.255 39.360 35.598
1 149 18 0.2590 -0.288 0 0 0.633 40.417 34.870
1 150 1 0.4698 0.0613 0 0 -0.926 37.738 37.135
1 151 6 0.4638 -0.052 0 0 -2.982 36.408 34.211
1 152 9 0.6746 -0.986 0 0 -4.182 32.943 35.182
1 153 22 0.8072 -0.108 0 0 -2.140 32.692 38.396
1 154 3 0.7048 -0.882 0 0 -5.025 32.239 40.840
1 155 3 0.7289 -0.704 0 0 -6.840 30.034 38.324
1 156 0 0.9156 0.4224 0 0 -3.772 27.785 38.038
1 157 15 0.9216 0.5024 0 0 -3.471 27.116 41.764
1 158 20 0.7469 -0.458 0 0 -7.217 27.018 42.479
1 159 18 0.7771 0.1494 0 0 -7.784 24.671 39.532
1 160 12 0.8734 0.8068 0 0 -5.145 22.399 41.045
1 161 22 0.7168 -0.300 0 0 -6.988 22.366 44.377
1 162 1 0.5120 -0.102 0 0 -10.182 21.501 42.470
1 163 7 0.6144 0.5253 0 0 -8.357 18.618 40.817
1 164 11 0.5542 0.5945 0 0 -7.249 17.417 44.244
1 165 1 0.3253 0.0306 0 0 -10.868 17.597 45.487
1 166 13 0.1807 0.5975 0 0 -12.099 15.433 42.607
1 167 10 0.2228 0.3933 0 0 -9.374 12.842 43.261
1 168 13 0.0843 0.9355 0 0 -10.132 12.601 47.002
0 169 7 0 0 0 0 -10.132 12.601 47.002
0 170 13 0 0 0 0 -10.132 12.601 47.002
