1 1 9 0.0 0.0000 0 0 66.901 45.603 -7.311
1 2 14 0.0235 0.3643 0 0 63.214 46.206 -7.166
1 3 18 0.1117 0.1603 0 0 61.962 48.257 -4.229
1 4 7 0.3529 -0.443 0 0 61.649 46.294 -0.986
1 5 20 0.6058 -0.249 0 0 59.174 47.232 1.774
1 6 13 0.7411 -0.739 0 0 60.079 45.976 5.214
1 7 12 0.9176 0.1365 0 0 56.870 45.306 6.998
1 8 22 0.9588 -0.660 0 0 56.373 44.266 10.612
1 9 22 0.9882 0.2782 0 0 53.225 42.644 11.984
1 10 22 0.9647 -0.165 0 0 52.695 43.306 15.682
1 11 9 0.9117 0.0000 0 0 49.934 42.542 18.121
1 12 0 0.7529 -0.569 0 0 49.073 40.354 21.122
1 13 5 0.6 -0.913 0 0 49.565 36.580 21.009
1 14 9 0.5705 0.0000 0 0 46.758 34.772 19.152
1 15 22 0.8 0.6662 0 0 45.336 37.749 17.199
1 16 9 0.8411 0.0000 0 0 46.274 36.063 13.895
1 17 13 0.9411 0.0920 0 0 49.541 37.752 12.924
1 18 17 0.8352 -0.658 0 0 50.863 34.496 11.444
1 19 0 0.7352 -0.299 0 0 47.638 33.522 9.868
1 20 12 0.8823 0.6585 0 0 47.407 36.860 8.134
1 21 18 0.8764 0.3212 0 0 50.949 36.731 6.860
1 22 11 0.6411 -0.501 0 0 50.699 33.148 5.637
1 23 6 0.5941 -0.400 0 0 47.402 33.886 3.918
1 24 12 0.7 0.6218 0 0 49.001 36.798 2.102
1 25 11 0.5235 0.3683 0 0 52.140 34.910 1.023
1 26 6 0.3411 -0.021 0 0 50.883 31.316 0.630
1 27 2 0.2941 -0.180 0 0 47.186 31.807 0.004
1 28 10 0.2058 -0.151 0 0 45.990 29.332 2.586
1 29 15 0.3235 0.1528 0 0 44.576 29.499 6.064
1 30 22 0.2647 0.2143 0 0 46.433 27.847 8.937
1 31 3 0.1176 -0.823 0 0 44.352 26.395 11.831
1 32 7 0.1294 -0.935 0 0 47.393 26.071 14.098
1 33 20 0.3058 0.5980 0 0 50.680 27.930 13.983
1 34 3 0.1705 -0.548 0 0 53.180 27.617 16.849
1 35 16 0.3941 -0.803 0 0 52.698 30.811 18.894
1 36 18 0.2411 -0.987 0 0 56.403 30.980 19.750
1 37 11 0.3764 -0.477 0 0 57.750 31.139 16.179
1 38 7 0.5294 0.3127 0 0 58.929 34.438 14.759
1 39 3 0.5117 -0.707 0 0 60.053 34.309 11.151
1 40 17 0.6235 -0.406 0 0 60.099 36.626 8.140
1 41 20 0.5647 0.1163 0 0 58.648 35.982 4.691
1 42 1 0.4647 -0.338 0 0 59.338 37.536 1.298
1 43 13 0.4117 0.0993 0 0 57.057 37.838 -1.662
1 44 6 0.2117 -0.967 0 0 57.204 39.733 -4.909
1 45 22 0.2764 0.9887 0 0 53.865 41.468 -5.613
1 46 22 0.1411 -0.973 0 0 52.417 44.217 -7.755
1 47 11 0.3000 0.9683 0 0 50.932 47.132 -5.911
1 48 3 0.0882 0.6083 0 0 49.418 49.921 -7.956
1 49 9 0.0117 0.0000 0 0 51.533 48.871 -10.962
1 50 7 0.0588 0.5298 0 0 54.749 48.737 -8.980
1 51 18 0.0529 -0.718 0 0 56.542 45.410 -8.953
1 52 5 0.1823 0.7591 0 0 58.040 45.245 -5.468
1 53 12 0.3588 -0.331 0 0 59.256 42.934 -2.739
1 54 12 0.6352 0.4492 0 0 57.457 42.618 0.611
1 55 3 0.6705 -0.525 0 0 59.749 41.582 3.461
1 56 11 0.8588 0.4774 0 0 57.434 40.706 6.304
1 57 12 0.8705 -0.411 0 0 58.324 40.077 9.923
1 58 3 0.8882 -0.228 0 0 55.710 38.043 11.737
1 59 18 0.8529 0.5625 0 0 56.569 38.881 15.363
1 60 0 0.6764 -0.713 0 0 56.007 36.749 18.424
1 61 9 0.5764 0.0000 0 0 56.497 39.288 21.173
1 62 6 0.3352 -0.465 0 0 59.416 38.692 23.518
1 63 7 0.1647 0.7882 0 0 62.922 38.128 22.242
1 64 7 0.0352 -0.636 0 0 66.059 36.452 23.571
1 65 20 0.0294 -0.812 0 0 67.348 40.036 23.937
1 66 17 0.0764 -0.487 0 0 65.354 43.210 23.924
1 67 0 0.0647 -0.874 0 0 67.929 44.710 21.566
1 68 14 0.1588 -0.313 0 0 66.508 42.361 18.917
1 69 1 0.4352 -0.106 0 0 63.024 43.942 19.322
1 70 3 0.3294 -0.695 0 0 64.571 47.427 19.027
1 71 6 0.2882 -0.641 0 0 66.471 46.268 15.916
1 72 20 0.5588 0.5765 0 0 63.372 45.162 13.961
1 73 14 0.6470 0.2311 0 0 61.425 48.206 14.935
1 74 1 0.4294 -0.786 0 0 64.190 50.491 13.690
1 75 18 0.4764 -0.326 0 0 64.579 48.404 10.548
1 76 9 0.7588 0.0000 0 0 60.849 48.132 9.945
1 77 7 0.7235 -0.538 0 0 59.397 50.727 7.568
1 78 9 0.9 0.0000 0 0 55.743 49.990 8.300
1 79 15 0.9764 -0.748 0 0 53.802 48.219 10.957
1 80 12 0.9941 0.5760 0 0 50.510 46.291 10.940
1 81 5 0.9823 -0.609 0 0 48.979 46.768 14.381
1 82 22 0.9705 0.4248 0 0 46.740 43.764 14.701
1 83 15 0.8647 -0.311 0 0 44.025 43.032 17.247
1 84 0 0.6941 -0.352 0 0 41.237 40.446 17.159
1 85 11 0.4941 -0.203 0 0 37.612 41.701 17.152
1 86 2 0.2588 0.1151 0 0 36.768 39.089 19.837
1 87 2 0.3705 0.3721 0 0 39.696 40.031 22.109
1 88 18 0.2470 -0.903 0 0 39.234 43.351 23.942
1 89 13 0.3117 -0.303 0 0 42.633 43.048 25.613
1 90 17 0.5882 0.3658 0 0 44.358 42.785 22.231
1 91 15 0.5823 -0.243 0 0 42.588 45.989 21.225
1 92 7 0.4235 -0.900 0 0 43.738 47.669 24.452
1 93 3 0.5470 -0.173 0 0 47.303 46.456 23.776
1 94 11 0.7705 0.6358 0 0 47.413 48.490 20.536
1 95 10 0.5176 -0.516 0 0 48.116 51.598 22.648
1 96 10 0.5058 -0.162 0 0 51.313 49.894 23.854
1 97 20 0.7941 0.3948 0 0 52.521 48.797 20.404
1 98 1 0.7294 -0.105 0 0 51.840 52.301 18.949
1 99 7 0.4529 -0.811 0 0 53.812 53.914 21.754
1 100 6 0.5 0.1252 0 0 56.699 51.430 21.676
1 101 11 0.6529 0.9899 0 0 57.366 51.632 17.946
1 102 13 0.4588 -0.023 0 0 57.384 55.458 17.911
1 103 1 0.2235 -0.321 0 0 59.615 55.392 20.943
1 104 22 0.2823 0.5278 0 0 62.240 53.080 19.391
1 105 13 0.3470 0.8304 0 0 62.252 54.770 16.007
1 106 3 0.0999 -0.998 0 0 62.195 58.163 17.761
1 107 17 0.1764 0.5104 0 0 59.558 59.388 15.356
1 108 7 0.1882 -0.625 0 0 56.094 60.819 15.448
1 109 3 0.3647 -0.172 0 0 55.499 59.870 11.782
1 110 22 0.6294 0.3038 0 0 55.662 56.053 11.505
1 111 16 0.8058 -0.513 0 0 53.593 54.310 8.760
1 112 14 0.9058 -0.173 0 0 51.072 52.059 10.579
1 113 22 0.9529 0.0351 0 0 47.754 50.409 9.757
1 114 12 0.9352 -0.716 0 0 45.227 49.253 12.363
1 115 22 0.9470 0.7246 0 0 43.966 45.734 11.658
1 116 9 0.8470 0.0000 0 0 40.939 44.168 13.339
1 117 2 0.8294 0.2723 0 0 41.315 40.479 12.508
1 118 13 0.5411 0.0852 0 0 38.918 37.502 12.690
1 119 5 0.4411 0.3291 0 0 36.061 39.559 11.295
1 120 3 0.1999 0.3393 0 0 34.552 36.276 10.013
1 121 12 0.1058 0.3147 0 0 33.477 35.398 13.542
1 122 16 0.0176 -0.469 0 0 30.048 36.503 14.731
1 123 17 0.0411 -0.097 0 0 31.495 36.683 18.267
1 124 1 0.0823 0.4409 0 0 32.724 40.238 18.715
1 125 18 0.0705 0.1910 0 0 33.702 42.298 21.727
1 126 22 0.2176 0.8541 0 0 35.247 45.232 19.819
1 127 3 0.1235 -0.996 0 0 32.790 47.192 17.632
1 128 18 0.2294 -0.074 0 0 33.956 48.674 14.364
1 129 13 0.0941 -0.876 0 0 33.143 52.165 15.646
1 130 6 0.1470 -0.019 0 0 35.524 51.743 18.634
1 131 0 0.4823 0.6410 0 0 38.428 50.902 16.301
1 132 6 0.3882 -0.473 0 0 37.500 53.653 13.889
1 133 3 0.1529 -0.782 0 0 37.666 56.189 16.749
1 134 12 0.4176 0.6026 0 0 41.123 54.906 17.691
1 135 0 0.5352 0.4044 0 0 42.456 54.975 14.121
1 136 1 0.2705 -0.822 0 0 41.011 58.503 13.746
1 137 17 0.1941 0.2831 0 0 42.949 59.622 16.845
1 138 20 0.4470 0.5343 0 0 46.139 58.082 15.347
1 139 9 0.4058 0.0000 0 0 45.479 59.359 11.832
1 140 11 0.6647 0.7240 0 0 45.999 55.915 10.332
1 141 16 0.7117 0.2386 0 0 43.902 53.586 8.153
1 142 15 0.7823 -0.212 0 0 41.747 50.945 9.856
1 143 11 0.8176 0.2904 0 0 40.849 47.694 8.077
1 144 7 0.7058 -0.765 0 0 38.916 44.665 9.294
1 145 18 0.7764 0.9755 0 0 40.352 41.402 8.070
1 146 17 0.6117 -0.983 0 0 39.802 37.657 8.163
1 147 0 0.6882 0.4809 0 0 42.857 35.479 7.590
1 148 13 0.4 -0.748 0 0 40.370 32.611 7.200
1 149 18 0.2352 -0.172 0 0 38.256 33.962 4.375
1 150 1 0.4882 0.0764 0 0 41.071 36.255 3.134
1 151 6 0.4705 -0.317 0 0 38.733 39.245 3.410
1 152 9 0.6823 0.0000 0 0 40.740 42.450 3.623
1 153 22 0.8235 -0.130 0 0 44.130 40.726 3.736
1 154 3 0.7176 -0.811 0 0 45.662 42.236 0.596
1 155 3 0.7470 -0.303 0 0 44.098 45.595 1.498
1 156 0 0.9235 0.6159 0 0 45.843 45.634 4.928
1 157 15 0.9294 0.4867 0 0 49.302 44.933 3.577
1 158 20 0.7882 -0.521 0 0 48.936 47.029 0.444
1 159 18 0.8117 0.0226 0 0 47.521 49.990 2.389
1 160 12 0.8941 0.8063 0 0 50.527 49.791 4.700
1 161 22 0.7647 -0.328 0 0 52.862 49.952 1.652
1 162 1 0.5529 -0.089 0 0 50.914 52.984 0.387
1 163 7 0.6588 0.2108 0 0 51.414 54.541 3.816
1 164 11 0.6176 0.5725 0 0 55.156 53.948 3.569
1 165 1 0.3823 0.0680 0 0 55.158 55.563 0.087
1 166 13 0.2529 0.1975 0 0 53.429 58.650 1.511
1 167 10 0.3176 0.2326 0 0 56.012 58.831 4.221
1 168 13 0.1352 0.4181 0 0 58.958 58.533 1.809
1 169 7 0.0470 0.1682 0 0 57.821 61.266 -0.593
1 170 13 0.0058 0.6940 0 0 58.189 63.936 2.099
