1 1 9 0.0 0.0000 0 0 53.122 15.238 38.128
1 2 14 0.0359 0.4452 0 0 50.396 12.599 38.314
1 3 18 0.1437 0.2468 0 0 47.331 12.394 36.095
1 4 7 0.3233 0.0143 0 0 44.289 14.471 37.016
1 5 20 0.5928 -0.178 0 0 40.909 13.118 35.830
1 6 13 0.7245 -0.801 0 0 37.836 15.295 35.328
1 7 12 0.9041 0.1624 0 0 34.736 13.370 36.264
1 8 22 0.9520 -0.758 0 0 31.232 14.744 35.685
1 9 22 0.9880 0.4714 0 0 28.139 13.363 37.410
1 10 22 0.9640 -0.310 0 0 24.896 13.757 35.492
1 11 9 0.8982 0.0000 0 0 21.358 12.454 35.930
1 12 0 0.7305 -0.542 0 0 17.831 13.354 36.968
1 13 9 0.6407 0.0000 0 0 17.514 15.400 40.114
1 14 9 0.4610 0.0000 0 0 15.594 14.913 43.315
1 15 22 0.5988 0.2998 0 0 16.667 11.290 43.708
1 16 9 0.7784 0.0000 0 0 20.012 10.059 45.082
1 17 13 0.9101 0.2615 0 0 22.733 11.597 42.881
1 18 17 0.8502 -0.948 0 0 24.598 13.803 45.425
1 19 0 0.8203 -0.315 0 0 25.042 10.878 47.816
1 20 12 0.9281 0.8059 0 0 27.424 9.255 45.325
1 21 18 0.9161 0.2774 0 0 30.128 11.905 45.125
1 22 11 0.7485 -0.478 0 0 29.764 12.733 48.835
1 23 6 0.6946 -0.468 0 0 30.266 9.070 49.781
1 24 12 0.7844 0.5842 0 0 33.506 8.902 47.800
1 25 11 0.6287 0.2847 0 0 35.133 12.208 48.823
1 26 6 0.4251 0.0824 0 0 34.360 11.936 52.534
1 27 2 0.2215 0.0064 0 0 34.840 8.980 54.815
1 28 10 0.1077 0.0446 0 0 32.301 9.729 57.558
1 29 15 0.0179 0.3430 0 0 34.462 8.060 60.179
1 30 22 0.0059 -0.265 0 0 34.697 11.775 60.942
1 31 3 0.0119 -0.283 0 0 31.359 13.648 60.996
1 32 7 0.0239 -0.933 0 0 30.502 17.078 59.547
1 33 20 0.1377 0.9628 0 0 30.727 17.307 55.707
1 34 3 0.1017 -0.804 0 0 31.070 20.787 54.129
1 35 16 0.2874 -0.053 0 0 30.775 21.238 50.325
1 36 18 0.0718 -0.919 0 0 31.593 24.904 50.931
1 37 11 0.0658 -0.493 0 0 35.195 23.830 51.547
1 38 7 0.0778 -0.597 0 0 37.656 24.081 48.658
1 39 3 0.2155 -0.700 0 0 38.831 20.773 47.214
1 40 17 0.3832 -0.138 0 0 35.945 18.896 48.887
1 41 20 0.6107 -0.531 0 0 35.560 17.632 45.315
1 42 1 0.4790 -0.451 0 0 39.268 16.722 45.031
1 43 13 0.4730 0.2802 0 0 40.440 13.205 45.978
1 44 6 0.2934 -0.970 0 0 43.717 11.352 45.546
1 45 22 0.3592 0.9964 0 0 43.350 7.638 44.906
1 46 22 0.1976 -0.974 0 0 45.168 4.540 43.780
1 47 11 0.3293 0.9553 0 0 43.421 2.665 41.022
1 48 3 0.1197 0.4825 0 0 45.236 -0.411 39.700
1 49 9 0.0419 0.0000 0 0 48.380 0.702 41.538
1 50 7 0.0538 0.1477 0 0 48.619 3.922 39.525
1 51 18 0.0838 -0.535 0 0 48.065 6.974 41.712
1 52 5 0.2514 0.7598 0 0 45.949 9.798 40.280
1 53 12 0.3952 -0.421 0 0 43.767 12.760 41.240
1 54 12 0.6467 0.4994 0 0 39.981 12.715 40.773
1 55 3 0.6646 -0.536 0 0 38.206 16.037 40.168
1 56 11 0.8742 0.5716 0 0 34.452 15.446 40.591
1 57 12 0.8443 -0.503 0 0 31.928 17.983 39.224
1 58 3 0.8922 0.2612 0 0 28.546 17.112 40.667
1 59 18 0.7604 -0.141 0 0 26.081 19.961 40.136
1 60 0 0.7724 0.3883 0 0 23.280 18.216 42.036
1 61 9 0.5029 0.0000 0 0 20.479 20.674 42.701
1 62 6 0.4311 0.0576 0 0 20.928 22.742 39.533
1 63 7 0.4970 0.6487 0 0 18.909 20.441 37.310
1 64 7 0.1916 -0.677 0 0 16.359 23.111 36.554
1 65 20 0.1796 -0.342 0 0 19.168 25.161 34.952
1 66 17 0.2335 -0.662 0 0 18.894 22.962 31.862
1 67 0 0.1137 -0.988 0 0 20.729 25.305 29.494
1 68 14 0.2455 -0.244 0 0 23.815 25.249 31.726
1 69 1 0.4850 0.2735 0 0 24.128 21.550 31.032
1 70 3 0.3772 -0.610 0 0 26.348 21.759 27.915
1 71 6 0.3113 -0.373 0 0 28.683 24.097 29.857
1 72 20 0.5748 -0.121 0 0 29.147 21.726 32.808
1 73 14 0.6706 0.2487 0 0 29.493 18.617 30.635
1 74 1 0.4491 -0.939 0 0 32.080 20.273 28.421
1 75 18 0.5089 0.2508 0 0 34.488 20.469 31.366
1 76 9 0.7065 0.0000 0 0 34.850 16.693 31.749
1 77 7 0.6526 -0.433 0 0 36.738 13.661 30.389
1 78 9 0.8682 0.0000 0 0 34.495 10.960 31.830
1 79 15 0.9700 -0.741 0 0 30.875 10.698 32.817
1 80 12 0.9940 0.6879 0 0 28.819 9.026 35.506
1 81 5 0.9820 -0.766 0 0 25.256 8.762 34.189
1 82 22 0.9760 0.5669 0 0 23.111 8.224 37.285
1 83 15 0.8562 -0.324 0 0 19.473 7.156 37.711
1 84 0 0.7005 -0.376 0 0 17.560 5.825 40.717
1 85 11 0.5209 -0.017 0 0 16.419 2.238 40.763
1 86 2 0.2994 0.0640 0 0 13.088 3.278 42.269
1 87 2 0.3473 0.2035 0 0 12.358 6.043 39.777
1 88 18 0.2634 -0.837 0 0 11.614 4.900 36.239
1 89 13 0.2814 -0.233 0 0 11.571 8.412 34.826
1 90 17 0.5808 0.4097 0 0 15.201 8.967 35.834
1 91 15 0.5688 -0.272 0 0 16.091 5.735 34.062
1 92 7 0.3892 -0.861 0 0 14.274 6.823 30.871
1 93 3 0.5149 -0.093 0 0 16.066 10.166 31.098
1 94 11 0.6886 0.7230 0 0 19.393 8.322 30.720
1 95 10 0.4910 -0.923 0 0 19.202 8.080 26.923
1 96 6 0.4371 -0.526 0 0 18.925 11.873 26.551
1 97 20 0.6766 0.4180 0 0 21.846 12.622 28.882
1 98 1 0.6586 -0.216 0 0 24.016 10.227 26.923
1 99 7 0.4191 -0.723 0 0 22.920 11.692 23.582
1 100 6 0.4431 0.0847 0 0 23.670 15.144 24.974
1 101 11 0.6047 0.9808 0 0 27.169 14.192 26.150
1 102 13 0.4131 -0.115 0 0 27.976 12.628 22.750
1 103 1 0.2035 -0.427 0 0 26.943 15.950 21.253
1 104 22 0.2694 0.7051 0 0 29.115 18.348 23.323
1 105 13 0.3173 0.7171 0 0 32.209 16.120 23.276
1 106 3 0.0958 -0.983 0 0 31.573 15.519 19.529
1 107 17 0.1497 0.4011 0 0 32.272 11.777 19.640
1 108 3 0.1616 -0.576 0 0 30.433 8.465 19.400
1 109 3 0.3413 -0.366 0 0 32.395 7.006 22.279
1 110 22 0.5568 0.3143 0 0 33.002 9.111 25.361
1 111 16 0.7185 -0.445 0 0 34.252 7.310 28.483
1 112 14 0.8802 -0.209 0 0 31.063 6.846 30.465
1 113 22 0.9401 0.2511 0 0 29.546 4.586 33.107
1 114 12 0.9221 -0.691 0 0 25.858 3.903 33.810
1 115 22 0.9580 0.7963 0 0 25.094 3.984 37.549
1 116 9 0.8383 0.0000 0 0 21.873 2.736 39.126
1 117 2 0.8323 0.3203 0 0 21.505 4.121 42.625
1 118 13 0.5868 -0.902 0 0 19.408 2.865 45.557
1 119 5 0.5449 0.2088 0 0 18.551 6.041 47.480
1 120 3 0.2275 -0.084 0 0 15.827 4.761 49.796
1 121 12 0.0598 -0.198 0 0 14.022 1.648 51.030
1 122 0 0.0479 0.3127 0 0 11.174 2.042 48.532
1 123 0 0.0299 -0.810 0 0 10.248 -0.677 46.066
1 124 1 0.1257 0.5247 0 0 12.664 -0.948 43.170
1 125 18 0.0898 -0.008 0 0 11.031 -0.183 39.794
1 126 22 0.2574 0.8245 0 0 13.986 -0.565 37.433
1 127 7 0.1556 -0.852 0 0 15.176 -4.154 37.543
1 128 17 0.3053 -0.311 0 0 18.928 -4.651 37.208
1 129 1 0.1317 -0.726 0 0 18.376 -6.641 34.040
1 130 6 0.1736 -0.214 0 0 16.804 -3.748 32.086
1 131 0 0.4670 0.5876 0 0 19.619 -1.466 33.222
1 132 6 0.4071 -0.185 0 0 22.282 -3.941 32.211
1 133 3 0.1856 -0.812 0 0 20.727 -4.484 28.765
1 134 12 0.3712 0.4767 0 0 20.549 -0.718 28.208
1 135 0 0.5389 0.5232 0 0 24.163 -0.473 29.284
1 136 1 0.2754 -0.664 0 0 25.046 -3.315 26.916
1 137 17 0.1676 0.1023 0 0 23.402 -1.654 23.936
1 138 20 0.4011 0.4079 0 0 25.315 1.579 24.696
1 139 9 0.3652 0.0000 0 0 28.519 -0.428 25.075
1 140 11 0.6227 0.6475 0 0 29.312 0.870 28.565
1 141 16 0.6826 0.2999 0 0 29.733 -0.611 32.091
1 142 20 0.7544 -0.084 0 0 26.845 -0.836 34.523
1 143 11 0.8263 0.3183 0 0 27.437 -0.316 38.266
1 144 7 0.7664 -0.751 0 0 24.695 -0.524 40.880
1 145 18 0.8143 0.9622 0 0 25.320 1.370 44.096
1 146 17 0.6347 -0.985 0 0 23.591 2.075 47.369
1 147 0 0.7365 0.7402 0 0 25.384 5.264 48.330
1 148 13 0.4550 -0.642 0 0 23.639 5.151 51.729
1 149 18 0.3532 -0.281 0 0 25.762 2.110 52.716
1 150 1 0.5329 -0.447 0 0 28.929 2.877 50.710
1 151 6 0.5269 -0.780 0 0 28.232 -0.202 48.585
1 152 9 0.7125 0.0000 0 0 29.506 0.183 45.049
1 153 22 0.8622 0.0034 0 0 30.578 3.801 45.213
1 154 7 0.8023 -0.880 0 0 34.254 3.140 44.552
1 155 3 0.7904 -0.472 0 0 33.420 0.529 41.935
1 156 0 0.9341 0.6933 0 0 31.527 3.256 39.950
1 157 15 0.9461 0.5801 0 0 34.264 5.922 39.963
1 158 20 0.7964 -0.480 0 0 37.206 3.505 39.601
1 159 18 0.8083 0.0689 0 0 35.488 1.717 36.698
1 160 12 0.8862 0.7401 0 0 34.999 5.092 35.046
1 161 22 0.7425 -0.247 0 0 38.709 5.895 35.358
1 162 1 0.5508 -0.060 0 0 39.496 2.503 33.816
1 163 7 0.6167 0.2800 0 0 37.328 3.534 30.879
1 164 11 0.5628 0.6073 0 0 39.242 6.808 30.490
1 165 1 0.3353 0.1028 0 0 42.494 4.862 30.535
1 166 6 0.2095 0.1230 0 0 41.367 2.388 27.896
1 167 10 0.2395 0.1059 0 0 39.888 4.895 25.470
