1 1 9 0.0 0.0000 0 0 38.580 35.852 54.184
1 2 14 0.0119 0.3871 0 0 37.485 39.539 53.960
1 3 18 0.0479 0.0006 0 0 37.790 41.634 57.089
1 4 7 0.2035 -0.119 0 0 34.730 41.603 59.343
1 5 20 0.5149 -0.253 0 0 33.723 44.521 61.586
1 6 13 0.6706 -0.831 0 0 31.341 44.260 64.522
1 7 12 0.9041 0.1795 0 0 29.463 47.545 64.847
1 8 22 0.9461 -0.614 0 0 26.913 48.179 67.571
1 9 22 0.9880 0.3165 0 0 24.247 50.894 67.439
1 10 22 0.9700 -0.250 0 0 23.272 52.197 70.933
1 11 9 0.9281 0.0000 0 0 21.197 55.061 72.324
1 12 0 0.7964 -0.477 0 0 17.922 56.053 74.035
1 13 9 0.6347 0.0000 0 0 14.520 54.767 72.910
1 14 9 0.6167 0.0000 0 0 13.046 56.282 69.773
1 15 22 0.8083 0.6742 0 0 16.133 58.161 68.624
1 16 9 0.8562 0.0000 0 0 16.131 56.101 65.419
1 17 13 0.9520 0.1141 0 0 18.813 53.435 65.725
1 18 17 0.8443 -0.582 0 0 16.711 50.971 63.723
1 19 0 0.7664 -0.238 0 0 15.722 53.617 61.181
1 20 12 0.8982 0.6855 0 0 19.387 54.463 60.598
1 21 18 0.8862 0.3337 0 0 20.393 50.818 60.270
1 22 11 0.6467 -0.469 0 0 17.586 49.740 57.955
1 23 6 0.6107 -0.359 0 0 18.204 52.830 55.803
1 24 12 0.6826 0.5849 0 0 21.839 51.781 55.404
1 25 11 0.5089 0.2630 0 0 20.918 48.163 54.687
1 26 6 0.2754 -0.075 0 0 17.816 48.464 52.520
1 27 2 0.2574 -0.277 0 0 17.684 52.084 51.344
1 28 10 0.1976 -0.415 0 0 14.264 52.123 53.027
1 29 15 0.3413 0.1401 0 0 12.823 54.451 55.698
1 30 22 0.3353 0.4468 0 0 10.922 52.657 58.453
1 31 3 0.1077 -0.744 0 0 8.076 54.981 59.495
1 32 7 0.0838 -0.865 0 0 6.665 52.761 62.263
1 33 20 0.2155 0.3905 0 0 8.009 52.862 65.798
1 34 3 0.1916 -0.651 0 0 8.564 49.226 66.769
1 35 16 0.3532 -0.871 0 0 10.788 48.907 69.880
1 36 18 0.4970 0.8744 0 0 13.807 46.705 69.219
1 37 11 0.3712 -0.998 0 0 14.963 43.942 71.550
1 38 7 0.4730 -0.440 0 0 17.980 42.612 69.610
1 39 3 0.5269 -0.268 0 0 18.348 42.661 65.800
1 40 17 0.5508 -0.543 0 0 21.341 41.797 63.633
1 41 20 0.5449 0.3192 0 0 22.363 42.814 60.080
1 42 1 0.4251 -0.575 0 0 25.162 42.033 57.612
1 43 13 0.3952 0.4106 0 0 26.430 44.252 54.802
1 44 6 0.1377 -0.996 0 0 29.259 43.706 52.351
1 45 22 0.1736 0.9030 0 0 30.530 47.090 51.214
1 46 22 0.0598 -0.981 0 0 33.701 48.609 49.757
1 47 11 0.1676 0.9764 0 0 35.092 51.422 51.932
1 48 3 0.0419 0.6273 0 0 38.273 53.216 50.774
1 49 9 0.0059 0.0000 0 0 38.972 50.494 48.213
1 50 7 0.0179 -0.398 0 0 38.870 47.624 50.687
1 51 18 0.0359 -0.626 0 0 35.989 45.170 50.742
1 52 5 0.1257 0.7351 0 0 34.583 44.439 54.156
1 53 12 0.2634 -0.479 0 0 31.707 42.756 55.932
1 54 12 0.5748 0.4665 0 0 29.792 44.899 58.408
1 55 3 0.6227 -0.876 0 0 28.069 43.094 61.309
1 56 11 0.8383 0.4510 0 0 25.583 45.546 62.738
1 57 12 0.8263 -0.491 0 0 24.025 44.843 66.144
1 58 3 0.8802 -0.016 0 0 20.886 46.959 66.545
1 59 18 0.8323 0.5346 0 0 19.973 47.339 70.218
1 60 0 0.6766 -0.937 0 0 17.122 48.232 72.569
1 61 9 0.7185 0.0000 0 0 16.803 51.823 73.739
1 62 6 0.4011 -0.251 0 0 13.826 51.177 76.027
1 63 7 0.2395 0.1882 0 0 14.918 51.233 79.656
1 64 7 0.0538 -0.368 0 0 13.190 47.899 80.346
1 65 0 0.2095 0.6012 0 0 16.065 46.169 78.533
1 66 17 0.2994 -0.449 0 0 18.977 47.932 80.309
1 67 0 0.0898 -0.917 0 0 20.223 44.730 81.957
1 68 14 0.2275 -0.156 0 0 21.034 43.100 78.599
1 69 1 0.4850 0.3398 0 0 23.497 45.841 77.597
1 70 3 0.3473 -0.669 0 0 26.823 44.513 78.953
1 71 6 0.2874 -0.469 0 0 26.097 41.380 76.897
1 72 20 0.5568 0.6566 0 0 26.822 43.112 73.563
1 73 14 0.6407 0.3183 0 0 29.337 45.817 74.455
1 74 1 0.3652 -0.605 0 0 31.704 42.900 75.081
1 75 18 0.4311 -0.135 0 0 31.685 41.672 71.474
1 76 9 0.7005 0.0000 0 0 31.408 45.035 69.717
1 77 7 0.6646 -0.576 0 0 34.414 46.604 67.994
1 78 9 0.8682 0.0000 0 0 32.932 50.060 67.485
1 79 15 0.9640 -0.675 0 0 29.865 51.953 68.573
1 80 12 0.9940 0.5312 0 0 27.348 54.287 67.049
1 81 5 0.9820 -0.731 0 0 26.055 56.497 69.864
1 82 22 0.9760 0.4973 0 0 22.771 57.919 68.662
1 83 15 0.8922 -0.303 0 0 20.599 60.675 70.131
1 84 0 0.7425 -0.411 0 0 17.902 62.743 68.392
1 85 11 0.5209 -0.130 0 0 18.439 66.466 67.869
1 86 2 0.3113 0.1164 0 0 14.871 67.177 69.005
1 87 2 0.3592 0.1944 0 0 15.207 65.250 72.248
1 88 18 0.2514 -0.908 0 0 17.315 66.897 74.959
1 89 13 0.3233 -0.762 0 0 16.862 63.864 77.182
1 90 17 0.6047 0.3996 0 0 18.286 61.518 74.556
1 91 15 0.5928 -0.223 0 0 21.329 63.778 74.389
1 92 7 0.4071 -0.885 0 0 21.816 63.697 78.154
1 93 3 0.5628 -0.244 0 0 21.583 59.869 78.178
1 94 11 0.7904 0.7030 0 0 24.555 59.632 75.802
1 95 10 0.5329 -0.872 0 0 27.026 60.285 78.597
1 96 6 0.4910 -0.427 0 0 25.739 57.118 80.308
1 97 20 0.7724 0.4533 0 0 26.151 54.967 77.185
1 98 1 0.7365 -0.306 0 0 29.707 56.218 76.627
1 99 7 0.4371 -0.573 0 0 30.584 55.593 80.275
1 100 6 0.4491 0.1218 0 0 29.120 52.066 80.268
1 101 11 0.6287 0.9768 0 0 31.058 51.116 77.098
1 102 13 0.4191 -0.377 0 0 34.352 52.484 78.496
1 103 1 0.1497 -0.164 0 0 33.657 50.480 81.673
1 104 22 0.2215 0.5305 0 0 32.785 47.125 80.055
1 105 13 0.2694 0.7995 0 0 35.601 47.033 77.476
1 106 3 0.0658 -0.937 0 0 37.988 48.625 79.987
1 107 17 0.1137 0.2798 0 0 39.574 51.150 77.636
1 108 3 0.1556 -0.369 0 0 39.678 54.887 76.939
1 109 3 0.3293 -0.558 0 0 40.333 54.268 73.213
1 110 22 0.5808 0.3143 0 0 37.118 52.585 72.062
1 111 16 0.7485 -0.519 0 0 36.136 53.355 68.438
1 112 14 0.9101 -0.089 0 0 32.919 55.340 68.417
1 113 22 0.9401 0.0973 0 0 30.957 58.043 66.601
1 114 12 0.9341 -0.688 0 0 28.443 60.506 68.112
1 115 22 0.9580 0.7102 0 0 25.378 60.537 65.842
1 116 9 0.8622 0.0000 0 0 22.784 63.285 66.136
1 117 2 0.8502 0.2750 0 0 19.801 61.826 64.285
1 118 13 0.5988 0.0649 0 0 16.540 63.275 62.896
1 119 5 0.4550 0.3175 0 0 18.303 66.341 61.492
1 120 3 0.2335 0.3147 0 0 15.651 66.606 58.781
1 121 12 0.1017 0.3791 0 0 13.271 67.927 61.444
1 122 0 0.0299 -0.931 0 0 13.341 71.692 61.939
1 123 0 0.0239 -0.139 0 0 12.251 71.577 65.599
1 124 1 0.0778 0.4838 0 0 15.865 71.295 66.835
1 125 18 0.0718 0.0545 0 0 16.462 71.321 70.640
1 126 22 0.2455 0.8655 0 0 20.053 70.138 70.885
1 127 7 0.1197 -0.894 0 0 22.597 72.522 69.371
1 128 17 0.2814 -0.177 0 0 25.385 71.320 67.054
1 129 1 0.0958 -0.789 0 0 27.923 73.083 69.244
1 130 6 0.1437 -0.078 0 0 26.651 71.427 72.451
1 131 0 0.4790 0.6548 0 0 27.078 67.978 70.824
1 132 6 0.3892 -0.107 0 0 30.309 68.916 69.066
1 133 3 0.1616 -0.869 0 0 31.753 69.947 72.444
1 134 12 0.4131 0.5224 0 0 30.828 66.575 73.909
1 135 0 0.5688 0.3194 0 0 32.352 64.779 70.908
1 136 1 0.3173 -0.705 0 0 35.773 66.368 71.399
1 137 17 0.1856 0.2262 0 0 35.807 65.622 75.108
1 138 20 0.4431 0.4840 0 0 35.383 62.006 73.995
1 139 9 0.3772 0.0000 0 0 37.919 62.347 71.188
1 140 11 0.6586 0.7379 0 0 35.367 61.186 68.619
1 141 16 0.7065 0.3436 0 0 33.686 62.630 65.495
1 142 20 0.7844 -0.085 0 0 30.189 64.103 65.556
1 143 11 0.8143 0.2796 0 0 27.939 63.392 62.591
1 144 7 0.7604 -0.715 0 0 24.372 64.635 62.104
1 145 18 0.8023 0.9690 0 0 22.129 62.287 60.142
1 146 17 0.6526 -0.983 0 0 18.592 61.659 58.934
1 147 0 0.6886 0.5208 0 0 17.352 58.124 58.478
1 148 13 0.3832 -0.755 0 0 14.444 59.517 56.463
1 149 18 0.3053 -0.164 0 0 16.520 61.459 54.071
1 150 1 0.4610 -0.119 0 0 19.757 59.403 53.900
1 151 6 0.4670 -0.322 0 0 21.852 62.403 54.920
1 152 9 0.6946 0.0000 0 0 24.910 61.442 56.905
1 153 22 0.8203 -0.087 0 0 23.892 57.775 57.173
1 154 7 0.7305 -0.879 0 0 26.806 56.331 55.199
1 155 3 0.7245 -0.406 0 0 29.119 58.978 56.558
1 156 0 0.9161 0.6888 0 0 28.329 57.856 60.147
1 157 15 0.9221 0.5012 0 0 28.692 54.092 59.651
1 158 20 0.7544 -0.358 0 0 31.669 54.300 57.360
1 159 18 0.7784 0.0941 0 0 33.444 56.787 59.616
1 160 12 0.8742 0.7562 0 0 33.074 54.222 62.380
1 161 22 0.7125 -0.340 0 0 34.696 51.579 60.143
1 162 1 0.5029 -0.071 0 0 37.660 53.895 59.505
1 163 7 0.5868 0.5894 0 0 38.093 54.279 63.270
1 164 11 0.5389 0.6555 0 0 38.049 50.496 63.859
1 165 1 0.2934 -0.045 0 0 40.645 50.078 61.092
1 166 6 0.1317 -0.434 0 0 43.123 52.529 62.652
1 167 10 0.1796 0.2649 0 0 42.588 51.047 66.144
