1 1 14 0.0060 0.3817 0 0 -39.673 38.529 -35.564
1 2 18 0.0421 0.1925 0 0 -41.183 38.460 -32.081
1 3 7 0.1927 -0.024 0 0 -41.126 35.330 -29.951
1 4 20 0.5060 -0.237 0 0 -44.050 34.424 -27.663
1 5 13 0.6686 -0.324 0 0 -43.855 32.003 -24.773
1 6 12 0.8915 0.1278 0 0 -47.186 30.192 -24.389
1 7 22 0.9457 -0.631 0 0 -47.975 27.689 -21.666
1 8 22 0.9879 0.3062 0 0 -50.770 25.116 -21.804
1 9 22 0.9698 -0.208 0 0 -52.142 24.147 -18.327
1 10 9 0.9277 0.0000 0 0 -54.960 22.035 -16.917
1 11 0 0.7891 -0.514 0 0 -55.911 18.762 -15.243
1 12 9 0.6506 0.0000 0 0 -54.636 15.454 -16.558
1 13 9 0.6144 0.0000 0 0 -56.420 13.975 -19.543
1 14 22 0.8192 0.6486 0 0 -58.123 17.140 -20.774
1 15 9 0.8554 0.0000 0 0 -56.191 17.165 -24.027
1 16 13 0.9518 0.1130 0 0 -53.384 19.693 -23.543
1 17 17 0.8433 -0.614 0 0 -50.959 17.558 -25.520
1 18 0 0.7710 -0.269 0 0 -53.498 16.635 -28.173
1 19 12 0.8975 0.6994 0 0 -54.270 20.304 -28.812
1 20 18 0.8795 0.3793 0 0 -50.632 21.246 -29.122
1 21 11 0.6385 -0.456 0 0 -49.742 18.378 -31.462
1 22 6 0.5963 -0.367 0 0 -52.855 19.156 -33.555
1 23 12 0.7048 0.5678 0 0 -51.724 22.790 -33.809
1 24 11 0.5120 0.3058 0 0 -48.075 21.940 -34.538
1 25 6 0.2891 -0.062 0 0 -48.437 18.838 -36.728
1 26 2 0.2650 -0.311 0 0 -52.057 18.656 -37.963
1 27 10 0.1987 -0.392 0 0 -52.243 15.201 -36.415
1 28 15 0.3433 0.1502 0 0 -54.506 13.765 -33.669
1 29 22 0.3012 0.3200 0 0 -52.891 11.601 -30.972
1 30 3 0.1024 -0.723 0 0 -55.140 8.789 -29.748
1 31 7 0.0722 -0.809 0 0 -52.873 7.386 -27.009
1 32 20 0.2228 0.4034 0 0 -52.860 8.794 -23.503
1 33 3 0.1807 -0.638 0 0 -49.207 9.255 -22.529
1 34 16 0.3493 -0.844 0 0 -48.908 11.466 -19.400
1 35 18 0.4819 0.8731 0 0 -46.714 14.510 -19.988
1 36 11 0.3614 -0.997 0 0 -43.899 15.527 -17.665
1 37 7 0.4939 0.0932 0 0 -42.786 18.585 -19.671
1 38 3 0.5481 -0.146 0 0 -42.708 18.962 -23.487
1 39 17 0.5361 -0.478 0 0 -41.590 21.917 -25.624
1 40 20 0.5240 0.3302 0 0 -42.561 22.988 -29.186
1 41 1 0.4156 -0.566 0 0 -41.842 25.797 -31.659
1 42 13 0.3855 0.3985 0 0 -44.048 27.153 -34.432
1 43 6 0.1325 -0.990 0 0 -43.423 29.885 -36.939
1 44 22 0.1746 0.9097 0 0 -46.744 31.388 -37.897
1 45 22 0.0602 -0.987 0 0 -48.207 34.543 -39.434
1 46 11 0.1506 0.9704 0 0 -50.873 36.231 -37.302
1 47 3 0.0361 0.6432 0 0 -52.706 39.442 -38.286
1 48 9 0.0 0.0000 0 0 -50.056 40.117 -40.926
1 49 7 0.0120 -0.457 0 0 -47.062 39.797 -38.588
1 50 18 0.0301 -0.632 0 0 -44.580 36.920 -38.371
1 51 5 0.1144 0.7670 0 0 -43.920 35.443 -34.964
1 52 12 0.2349 -0.439 0 0 -42.207 32.483 -33.338
1 53 12 0.5542 0.5241 0 0 -44.415 30.559 -30.900
1 54 3 0.5903 -0.807 0 0 -42.633 28.787 -28.058
1 55 11 0.8253 0.4714 0 0 -45.202 26.401 -26.628
1 56 12 0.8313 -0.504 0 0 -44.735 24.619 -23.327
1 57 3 0.8855 -0.052 0 0 -46.955 21.586 -22.696
1 58 18 0.8373 0.5454 0 0 -47.209 20.838 -18.966
1 59 0 0.6746 -0.943 0 0 -48.055 17.936 -16.650
1 60 9 0.7289 0.0000 0 0 -51.619 17.661 -15.421
1 61 6 0.3975 -0.249 0 0 -51.198 14.683 -13.107
1 62 7 0.2289 0.0242 0 0 -51.297 15.670 -9.438
1 63 7 0.0542 -0.329 0 0 -47.951 13.942 -8.746
1 64 0 0.2108 0.5852 0 0 -46.164 16.827 -10.505
1 65 17 0.3072 -0.535 0 0 -48.079 19.643 -8.765
1 66 0 0.0783 -0.955 0 0 -45.016 20.878 -6.863
1 67 14 0.2048 -0.267 0 0 -43.134 21.680 -10.088
1 68 1 0.4578 0.3829 0 0 -45.330 24.434 -11.552
1 69 3 0.3313 -0.606 0 0 -43.841 27.662 -10.176
1 70 6 0.2469 0.1819 0 0 -40.790 27.235 -12.380
1 71 20 0.5421 0.6901 0 0 -42.701 27.286 -15.703
1 72 14 0.6265 0.3087 0 0 -45.340 29.843 -14.671
1 73 1 0.3554 -0.814 0 0 -42.550 32.311 -14.046
1 74 18 0.4036 -0.035 0 0 -41.256 32.255 -17.641
1 75 9 0.6927 0.0000 0 0 -44.516 32.031 -19.621
1 76 7 0.6566 -0.623 0 0 -46.025 35.158 -21.190
1 77 9 0.8614 0.0000 0 0 -49.529 33.815 -21.712
1 78 15 0.9638 -0.694 0 0 -51.473 30.799 -20.538
1 79 12 0.9939 0.5010 0 0 -53.906 28.477 -22.235
1 80 5 0.9819 -0.773 0 0 -56.199 27.145 -19.502
1 81 22 0.9759 0.4368 0 0 -57.698 23.874 -20.694
1 82 15 0.9036 -0.336 0 0 -60.489 21.694 -19.343
1 83 0 0.7530 -0.389 0 0 -62.612 18.991 -20.955
1 84 11 0.5301 -0.128 0 0 -66.341 19.528 -21.423
1 85 2 0.3253 0.1523 0 0 -67.151 15.942 -20.421
1 86 2 0.3734 0.2365 0 0 -65.263 16.333 -17.167
1 87 18 0.2831 -0.890 0 0 -66.724 18.445 -14.388
1 88 13 0.3373 -0.499 0 0 -63.749 17.881 -12.122
1 89 17 0.6204 0.3950 0 0 -61.341 19.379 -14.653
1 90 15 0.6325 -0.245 0 0 -63.488 22.479 -14.924
1 91 7 0.4216 -0.887 0 0 -63.518 22.858 -11.135
1 92 3 0.5722 -0.269 0 0 -59.717 22.579 -11.157
1 93 11 0.7951 0.7451 0 0 -59.386 25.566 -13.527
1 94 10 0.5602 -0.892 0 0 -59.980 28.030 -10.682
1 95 6 0.5 -0.922 0 0 -56.855 26.694 -8.981
1 96 20 0.7771 0.4732 0 0 -54.554 27.177 -11.985
1 97 1 0.7349 -0.297 0 0 -55.661 30.774 -12.489
1 98 7 0.4337 -0.957 0 0 -55.080 31.494 -8.797
1 99 6 0.4457 0.1399 0 0 -51.567 30.013 -8.813
1 100 11 0.6024 0.9708 0 0 -50.528 31.898 -11.948
1 101 13 0.3915 -0.244 0 0 -51.788 35.200 -10.547
1 102 1 0.1385 -0.124 0 0 -49.739 34.593 -7.406
1 103 22 0.2168 0.5322 0 0 -46.488 33.472 -9.048
1 104 13 0.2590 0.7858 0 0 -46.471 36.294 -11.598
1 105 3 0.0481 -0.995 0 0 -47.730 38.740 -8.947
1 106 17 0.1084 0.3222 0 0 -50.139 40.332 -11.405
1 107 3 0.1445 -0.929 0 0 -53.901 40.526 -11.836
1 108 3 0.3192 -0.458 0 0 -53.549 41.089 -15.597
1 109 22 0.5783 0.3344 0 0 -52.006 37.940 -17.072
1 110 16 0.7469 -0.517 0 0 -52.855 37.090 -20.696
1 111 14 0.9096 -0.078 0 0 -54.902 33.939 -20.833
1 112 22 0.9397 0.0528 0 0 -57.636 32.105 -22.639
1 113 12 0.9337 -0.653 0 0 -60.106 29.580 -21.262
1 114 22 0.9578 0.6936 0 0 -60.285 26.493 -23.495
1 115 9 0.8734 0.0000 0 0 -62.978 23.856 -23.204
1 116 2 0.8493 0.2791 0 0 -61.758 20.828 -25.087
1 117 13 0.6084 0.0785 0 0 -63.293 17.636 -26.513
1 118 5 0.4518 0.3196 0 0 -66.227 19.456 -28.088
1 119 3 0.2409 0.3298 0 0 -66.418 16.724 -30.756
1 120 12 0.0963 0.3383 0 0 -68.078 14.482 -28.160
1 121 0 0.0240 -0.963 0 0 -71.817 14.493 -27.524
1 122 0 0.0180 -0.271 0 0 -71.834 13.532 -23.824
1 123 1 0.0843 0.5087 0 0 -71.239 17.024 -22.397
1 124 18 0.0662 0.0748 0 0 -71.375 17.679 -18.620
1 125 22 0.2530 0.8701 0 0 -70.122 21.282 -18.429
1 126 7 0.1204 -0.897 0 0 -72.432 23.821 -20.041
1 127 17 0.2951 -0.126 0 0 -71.117 26.622 -22.273
1 128 1 0.0903 -0.823 0 0 -73.014 29.166 -20.171
1 129 6 0.1566 -0.082 0 0 -71.221 28.016 -17.014
1 130 0 0.4879 0.5923 0 0 -67.788 28.135 -18.617
1 131 6 0.4096 -0.167 0 0 -68.521 31.457 -20.267
1 132 3 0.1686 -0.836 0 0 -69.646 32.917 -16.895
1 133 12 0.4277 0.5748 0 0 -66.277 32.004 -15.454
1 134 0 0.5843 0.4080 0 0 -64.389 33.498 -18.390
1 135 1 0.3132 -0.698 0 0 -66.153 36.849 -18.077
1 136 17 0.1867 0.1631 0 0 -65.302 37.082 -14.372
1 137 20 0.4397 0.4619 0 0 -61.646 36.640 -15.265
1 138 9 0.3674 0.0000 0 0 -62.075 39.068 -18.139
1 139 11 0.6445 0.7608 0 0 -60.839 36.605 -20.738
1 140 16 0.6987 0.3082 0 0 -62.232 34.930 -23.854
1 141 20 0.7831 -0.074 0 0 -63.712 31.425 -23.833
1 142 11 0.8072 0.2152 0 0 -63.160 29.068 -26.782
1 143 7 0.7650 -0.694 0 0 -64.329 25.480 -27.337
1 144 18 0.8012 0.9637 0 0 -62.006 23.199 -29.249
1 145 17 0.6626 -0.959 0 0 -61.519 19.700 -30.466
1 146 0 0.6867 0.4960 0 0 -58.067 18.285 -30.989
1 147 13 0.3795 -0.753 0 0 -59.658 15.487 -33.008
1 148 18 0.2771 -0.131 0 0 -61.558 17.589 -35.545
1 149 1 0.4638 -0.031 0 0 -59.324 20.663 -35.313
1 150 6 0.4698 -0.351 0 0 -62.353 22.806 -34.365
1 151 9 0.6807 0.0000 0 0 -61.316 26.010 -32.613
1 152 22 0.8132 -0.057 0 0 -57.661 25.028 -32.249
1 153 7 0.7168 -0.909 0 0 -56.104 27.874 -34.268
1 154 3 0.7228 -0.445 0 0 -58.675 30.243 -32.801
1 155 0 0.9156 0.6961 0 0 -57.579 29.496 -29.237
1 156 15 0.9216 0.5334 0 0 -53.795 29.769 -29.724
1 157 20 0.7409 -0.368 0 0 -54.006 32.780 -31.990
1 158 18 0.7590 0.1309 0 0 -56.397 34.594 -29.688
1 159 12 0.8674 0.7695 0 0 -53.954 34.145 -26.833
1 160 22 0.7108 -0.248 0 0 -51.149 35.567 -29.012
1 161 1 0.4759 -0.050 0 0 -53.248 38.663 -29.782
1 162 7 0.5662 0.5980 0 0 -53.586 39.218 -26.044
1 163 11 0.5180 0.6377 0 0 -49.849 39.052 -25.368
1 164 1 0.2710 -0.189 0 0 -49.391 41.518 -28.210
1 165 6 0.1265 -0.357 0 0 -51.904 43.965 -26.716
1 166 10 0.1626 0.3045 0 0 -50.386 43.634 -23.252
