1 1 14 0.0120 0.3911 0 0 -11.772 50.462 -50.652
1 2 18 0.1144 0.2080 0 0 -11.662 47.461 -52.965
1 3 7 0.3313 -0.007 0 0 -13.601 44.293 -52.172
1 4 20 0.5843 -0.213 0 0 -12.267 40.969 -53.442
1 5 13 0.7168 -0.786 0 0 -14.620 38.021 -53.732
1 6 12 0.9096 0.1889 0 0 -12.708 34.827 -53.129
1 7 22 0.9518 -0.714 0 0 -14.157 31.369 -53.529
1 8 22 0.9879 0.5051 0 0 -12.764 28.266 -51.816
1 9 22 0.9698 -0.278 0 0 -13.273 25.047 -53.784
1 10 9 0.8975 0.0000 0 0 -12.190 21.443 -53.308
1 11 0 0.7530 -0.536 0 0 -13.150 17.987 -52.110
1 12 9 0.6385 0.0000 0 0 -15.209 17.560 -48.945
1 13 9 0.4638 0.0000 0 0 -14.521 15.513 -45.822
1 14 22 0.6144 0.2168 0 0 -10.874 16.543 -45.576
1 15 9 0.7289 0.0000 0 0 -10.847 19.757 -43.541
1 16 13 0.9036 0.3346 0 0 -11.246 22.378 -46.254
1 17 17 0.8674 -0.983 0 0 -13.312 24.638 -43.965
1 18 0 0.8192 -0.307 0 0 -10.362 25.136 -41.600
1 19 12 0.9457 0.8162 0 0 -8.876 27.678 -43.977
1 20 18 0.9156 0.1851 0 0 -11.554 30.372 -43.883
1 21 11 0.7409 -0.425 0 0 -12.318 29.714 -40.209
1 22 6 0.6807 0.0536 0 0 -8.685 30.116 -39.145
1 23 12 0.7951 0.5588 0 0 -8.388 33.199 -41.304
1 24 11 0.5903 0.2401 0 0 -11.417 34.996 -39.872
1 25 6 0.4277 0.0888 0 0 -11.762 33.598 -36.364
1 26 2 0.1445 -0.992 0 0 -10.326 35.725 -33.618
1 27 10 0.2168 0.3349 0 0 -7.311 33.463 -33.919
1 28 15 0.0301 0.0900 0 0 -6.402 33.927 -30.275
1 29 22 0.0060 -0.727 0 0 -9.654 32.521 -28.842
1 30 3 0.0542 -0.062 0 0 -12.183 30.056 -30.350
1 31 7 0.0 -0.923 0 0 -15.922 30.877 -29.706
1 32 20 0.1265 0.9513 0 0 -16.840 30.690 -33.463
1 33 3 0.0903 -0.816 0 0 -20.299 31.327 -34.932
1 34 16 0.2831 -0.132 0 0 -20.723 30.947 -38.708
1 35 18 0.0783 -0.902 0 0 -24.288 32.157 -38.386
1 36 11 0.0481 -0.059 0 0 -23.572 35.791 -37.639
1 37 7 0.0662 -0.879 0 0 -23.393 38.533 -40.258
1 38 3 0.2048 -0.545 0 0 -19.870 39.061 -41.595
1 39 17 0.3734 -0.240 0 0 -18.124 36.060 -40.091
1 40 20 0.5963 -0.538 0 0 -17.002 35.774 -43.715
1 41 1 0.4759 -0.464 0 0 -15.937 39.415 -44.196
1 42 13 0.4578 0.3295 0 0 -12.445 40.602 -43.293
1 43 6 0.2710 -0.972 0 0 -10.640 43.917 -43.581
1 44 22 0.3253 0.9925 0 0 -6.910 43.446 -44.179
1 45 22 0.1746 -0.963 0 0 -3.744 45.208 -45.294
1 46 11 0.3192 0.9578 0 0 -1.981 43.527 -48.204
1 47 3 0.1084 0.4768 0 0 1.147 45.257 -49.518
1 48 9 0.0180 0.0000 0 0 0.151 48.500 -47.816
1 49 7 0.0361 0.0512 0 0 -3.176 48.766 -49.618
1 50 18 0.0722 -0.555 0 0 -6.182 48.212 -47.325
1 51 5 0.2228 0.7764 0 0 -8.864 45.994 -48.827
1 52 12 0.3795 -0.409 0 0 -11.898 43.943 -47.838
1 53 12 0.6445 0.5511 0 0 -12.007 40.137 -48.260
1 54 3 0.6686 -0.591 0 0 -15.305 38.424 -49.050
1 55 11 0.8614 0.5835 0 0 -14.934 34.664 -48.644
1 56 12 0.8373 -0.502 0 0 -17.493 32.221 -50.024
1 57 3 0.8915 0.4469 0 0 -16.864 28.798 -48.439
1 58 18 0.7590 -0.110 0 0 -19.666 26.315 -49.123
1 59 0 0.7650 0.3991 0 0 -18.069 23.392 -47.286
1 60 9 0.4819 0.0000 0 0 -20.632 20.729 -46.477
1 61 6 0.4337 0.0680 0 0 -22.576 21.284 -49.718
1 62 7 0.4879 0.6652 0 0 -20.315 19.188 -51.972
1 63 7 0.1987 -0.647 0 0 -23.070 16.757 -53.017
1 64 20 0.1686 -0.327 0 0 -25.038 19.648 -54.536
1 65 17 0.2349 -0.603 0 0 -22.750 19.243 -57.505
1 66 0 0.1024 -0.985 0 0 -25.031 21.099 -59.894
1 67 14 0.2409 -0.233 0 0 -24.718 24.187 -57.742
1 68 1 0.5 0.1705 0 0 -20.996 24.643 -58.284
1 69 3 0.3614 -0.637 0 0 -21.401 26.780 -61.442
1 70 6 0.2951 -0.443 0 0 -23.646 29.207 -59.583
1 71 20 0.5542 -0.063 0 0 -21.307 29.557 -56.589
1 72 14 0.6746 0.2929 0 0 -18.151 29.803 -58.684
1 73 1 0.4518 -0.902 0 0 -19.521 32.470 -60.974
1 74 18 0.5060 0.2189 0 0 -19.657 34.914 -58.058
1 75 9 0.7048 0.0000 0 0 -15.902 35.000 -57.490
1 76 7 0.6626 -0.515 0 0 -12.879 36.916 -58.796
1 77 9 0.8734 0.0000 0 0 -10.297 34.483 -57.428
1 78 15 0.9638 -0.756 0 0 -10.137 30.863 -56.416
1 79 12 0.9939 0.6557 0 0 -8.464 28.878 -53.697
1 80 5 0.9819 -0.765 0 0 -8.197 25.262 -54.847
1 81 22 0.9759 0.5339 0 0 -7.750 23.024 -51.811
1 82 15 0.8554 -0.330 0 0 -6.672 19.388 -51.481
1 83 0 0.7108 -0.449 0 0 -5.646 17.383 -48.386
1 84 11 0.5180 0.0115 0 0 -2.059 16.188 -48.292
1 85 2 0.3132 0.1345 0 0 -3.144 12.823 -46.869
1 86 2 0.3674 0.1418 0 0 -5.820 12.290 -49.538
1 87 18 0.2650 -0.859 0 0 -4.683 11.521 -53.076
1 88 13 0.2891 -0.348 0 0 -8.194 11.492 -54.468
1 89 17 0.5783 0.3978 0 0 -8.699 15.142 -53.528
1 90 15 0.5722 -0.236 0 0 -5.405 15.961 -55.238
1 91 7 0.4036 -0.856 0 0 -6.495 14.295 -58.465
1 92 3 0.5120 -0.196 0 0 -9.847 16.066 -58.339
1 93 11 0.6987 0.7021 0 0 -8.000 19.386 -58.573
1 94 10 0.4939 -0.909 0 0 -7.878 19.117 -62.365
1 95 6 0.4397 -0.903 0 0 -11.661 18.884 -62.747
1 96 20 0.6867 0.4004 0 0 -12.196 21.846 -60.419
1 97 1 0.6566 -0.162 0 0 -9.806 23.965 -62.511
1 98 7 0.4156 -0.671 0 0 -11.467 22.961 -65.818
1 99 6 0.4457 0.1298 0 0 -14.840 23.826 -64.332
1 100 11 0.6084 0.9636 0 0 -13.711 27.257 -63.109
1 101 13 0.4216 -0.039 0 0 -12.234 28.052 -66.533
1 102 1 0.1927 -0.468 0 0 -15.501 27.081 -68.127
1 103 22 0.2530 0.7306 0 0 -17.849 29.208 -65.980
1 104 13 0.3012 0.7860 0 0 -15.550 32.243 -66.197
1 105 3 0.0843 -0.987 0 0 -15.088 31.656 -69.956
1 106 17 0.1385 0.4090 0 0 -11.368 32.329 -69.639
1 107 3 0.1566 -0.678 0 0 -8.096 30.419 -69.590
1 108 3 0.3433 -0.666 0 0 -6.351 32.502 -66.946
1 109 22 0.5602 0.2775 0 0 -8.457 32.947 -63.844
1 110 16 0.7228 -0.453 0 0 -6.591 34.037 -60.700
1 111 14 0.8855 -0.192 0 0 -6.214 30.972 -58.535
1 112 22 0.9397 0.1898 0 0 -3.962 29.325 -55.959
1 113 12 0.9216 -0.710 0 0 -3.346 25.638 -55.278
1 114 22 0.9578 0.7925 0 0 -3.487 24.958 -51.522
1 115 9 0.8433 0.0000 0 0 -2.328 21.741 -49.873
1 116 2 0.8313 0.3294 0 0 -3.935 21.471 -46.464
1 117 13 0.6024 -0.887 0 0 -2.628 19.411 -43.536
1 118 5 0.5421 0.2155 0 0 -5.775 18.550 -41.603
1 119 3 0.2469 -0.155 0 0 -4.408 16.029 -39.103
1 120 12 0.0602 -0.231 0 0 -1.537 13.751 -38.084
1 121 0 0.0421 0.3792 0 0 -2.160 10.954 -40.588
1 122 0 0.0240 -0.846 0 0 0.572 10.227 -43.120
1 123 1 0.1325 0.5177 0 0 1.219 12.503 -46.058
1 124 18 0.0963 0.0396 0 0 0.519 10.801 -49.375
1 125 22 0.2590 0.8432 0 0 0.917 13.798 -51.659
1 126 7 0.1506 -0.879 0 0 4.463 15.089 -51.609
1 127 17 0.3072 -0.065 0 0 5.261 18.806 -51.966
1 128 1 0.1204 -0.608 0 0 7.145 18.054 -55.156
1 129 6 0.1807 -0.190 0 0 4.136 16.548 -57.008
1 130 0 0.4698 0.5947 0 0 2.093 19.553 -55.918
1 131 6 0.3915 -0.176 0 0 4.713 22.102 -57.018
1 132 3 0.1867 -0.820 0 0 4.940 20.376 -60.360
1 133 12 0.3855 0.5331 0 0 1.195 20.376 -60.820
1 134 0 0.5301 0.5075 0 0 1.087 24.033 -59.841
1 135 1 0.2771 -0.655 0 0 3.924 24.874 -62.221
1 136 17 0.1626 0.1661 0 0 2.213 23.108 -65.106
1 137 20 0.4096 0.4219 0 0 -0.893 25.288 -64.507
1 138 9 0.3554 0.0000 0 0 1.187 28.412 -63.923
1 139 11 0.6265 0.6719 0 0 -0.249 29.091 -60.429
1 140 16 0.6927 0.2353 0 0 1.225 29.555 -56.915
1 141 20 0.7710 -0.072 0 0 1.392 26.614 -54.523
1 142 11 0.8253 0.4024 0 0 0.921 27.058 -50.751
1 143 7 0.8012 -0.740 0 0 0.761 24.547 -47.898
1 144 18 0.8132 0.9556 0 0 -1.304 25.234 -44.745
1 145 17 0.6325 -0.975 0 0 -1.919 23.622 -41.355
1 146 0 0.6506 0.0946 0 0 -5.469 23.209 -40.056
1 147 13 0.3975 -0.369 0 0 -4.190 23.228 -36.460
1 148 18 0.3493 -0.252 0 0 -1.477 25.872 -36.258
1 149 1 0.5481 0.0676 0 0 -2.755 28.480 -38.732
1 150 6 0.5240 -0.808 0 0 0.542 28.256 -40.585
1 151 9 0.7349 0.0000 0 0 0.296 29.368 -44.203
1 152 22 0.8493 0.0372 0 0 -3.290 30.573 -43.984
1 153 7 0.7831 -0.897 0 0 -2.542 34.291 -44.397
1 154 3 0.7771 -0.430 0 0 -0.042 33.465 -47.094
1 155 0 0.9337 0.6927 0 0 -2.683 31.530 -49.068
1 156 15 0.9277 0.5975 0 0 -5.259 34.311 -49.135
1 157 20 0.7891 -0.484 0 0 -2.819 37.212 -49.509
1 158 18 0.8072 0.0952 0 0 -1.137 35.375 -52.385
1 159 12 0.8795 0.7235 0 0 -4.487 34.973 -54.111
1 160 22 0.7469 -0.279 0 0 -5.192 38.702 -53.744
1 161 1 0.5361 -0.061 0 0 -1.822 39.499 -55.325
1 162 7 0.6204 0.2345 0 0 -2.768 37.093 -58.090
1 163 11 0.5662 0.5903 0 0 -5.944 39.116 -58.695
1 164 1 0.3373 0.0758 0 0 -4.235 42.500 -58.471
1 165 6 0.2108 0.0643 0 0 -1.597 41.349 -60.984
1 166 10 0.2289 0.1560 0 0 -4.040 39.977 -63.551
