1 1 14 0.0060 0.4325 0 0 39.070 39.905 53.713
1 2 18 0.0421 0.1256 0 0 39.618 41.832 57.008
1 3 7 0.1686 -0.069 0 0 36.702 41.610 59.483
1 4 20 0.5 -0.259 0 0 35.500 44.446 61.746
1 5 13 0.6686 -0.834 0 0 32.874 44.223 64.549
1 6 12 0.8975 0.1146 0 0 31.122 47.543 65.033
1 7 22 0.9457 -0.562 0 0 28.604 48.125 67.859
1 8 22 0.9879 0.3658 0 0 26.019 50.911 67.921
1 9 22 0.9698 -0.266 0 0 25.202 52.201 71.435
1 10 9 0.9277 0.0000 0 0 22.896 54.929 72.600
1 11 0 0.8012 -0.268 0 0 19.950 56.544 74.310
1 12 9 0.6325 0.0000 0 0 16.532 55.000 73.859
1 13 9 0.6385 0.0000 0 0 15.083 56.005 70.521
1 14 22 0.8192 0.6480 0 0 17.838 58.165 69.020
1 15 9 0.8614 0.0000 0 0 18.101 56.194 65.779
1 16 13 0.9518 0.0363 0 0 20.592 53.366 66.320
1 17 17 0.8373 -0.597 0 0 18.217 51.034 64.461
1 18 0 0.7530 -0.281 0 0 17.155 53.615 61.828
1 19 12 0.8915 0.6920 0 0 20.802 54.353 60.913
1 20 18 0.8795 0.2717 0 0 21.962 50.764 60.814
1 21 11 0.6445 -0.432 0 0 19.133 49.822 58.444
1 22 6 0.5963 -0.403 0 0 19.759 52.872 56.225
1 23 12 0.7108 0.5406 0 0 23.400 51.695 56.035
1 24 11 0.5180 0.2896 0 0 22.624 48.063 55.211
1 25 6 0.2951 -0.146 0 0 19.469 48.373 53.090
1 26 2 0.2650 -0.289 0 0 19.133 52.002 51.978
1 27 10 0.2048 -0.443 0 0 15.736 52.061 53.634
1 28 15 0.3253 0.1514 0 0 14.350 54.527 56.179
1 29 22 0.3313 0.6162 0 0 12.513 52.815 59.049
1 30 3 0.1204 -0.704 0 0 9.648 55.085 60.173
1 31 7 0.0783 -0.867 0 0 8.160 52.964 62.941
1 32 20 0.2168 0.4167 0 0 9.639 53.053 66.396
1 33 3 0.1927 -0.704 0 0 10.138 49.453 67.500
1 34 16 0.3493 -0.819 0 0 12.296 49.135 70.619
1 35 18 0.4939 0.8730 0 0 15.306 47.028 69.858
1 36 11 0.3674 -0.997 0 0 16.401 44.248 72.226
1 37 7 0.4819 -0.092 0 0 19.347 42.780 70.272
1 38 3 0.5120 -0.215 0 0 19.522 42.704 66.451
1 39 17 0.5542 -0.312 0 0 22.605 41.957 64.370
1 40 20 0.5301 0.3491 0 0 23.694 42.633 60.755
1 41 1 0.4277 -0.671 0 0 26.472 41.936 58.265
1 42 13 0.3855 0.3706 0 0 27.496 44.063 55.318
1 43 6 0.1325 -0.984 0 0 30.279 43.391 52.817
1 44 22 0.1867 0.8391 0 0 31.707 46.731 51.752
1 45 22 0.0722 -0.995 0 0 34.950 48.136 50.347
1 46 11 0.1626 0.9644 0 0 36.653 50.879 52.331
1 47 3 0.0361 0.5934 0 0 39.761 52.567 50.969
1 48 9 0.0 0.0000 0 0 40.491 49.594 48.735
1 49 7 0.0120 -0.230 0 0 40.020 46.804 51.265
1 50 18 0.0240 -0.718 0 0 37.126 44.414 51.259
1 51 5 0.1566 0.4786 0 0 35.864 44.715 54.789
1 52 12 0.2409 -0.360 0 0 33.205 42.451 56.244
1 53 12 0.5602 0.5666 0 0 31.337 44.775 58.609
1 54 3 0.5903 -0.797 0 0 29.658 43.049 61.499
1 55 11 0.8253 0.4511 0 0 27.223 45.514 62.999
1 56 12 0.8313 -0.445 0 0 25.474 44.937 66.365
1 57 3 0.8855 -0.121 0 0 22.447 47.206 67.005
1 58 18 0.8433 0.5319 0 0 21.874 47.346 70.799
1 59 0 0.6807 -0.939 0 0 18.981 48.118 73.127
1 60 9 0.7228 0.0000 0 0 18.596 51.671 74.333
1 61 6 0.4216 -0.234 0 0 15.985 51.493 77.094
1 62 7 0.2228 -0.881 0 0 17.081 51.156 80.720
1 63 7 0.0602 -0.219 0 0 15.352 47.758 81.039
1 64 0 0.2289 0.6450 0 0 18.340 46.153 79.313
1 65 17 0.2891 -0.560 0 0 20.940 48.184 81.266
1 66 0 0.0542 -0.732 0 0 21.535 44.886 83.051
1 67 14 0.1746 0.0588 0 0 22.582 43.193 79.807
1 68 1 0.4457 0.4543 0 0 25.237 45.499 78.298
1 69 3 0.3433 -0.645 0 0 28.731 44.385 79.511
1 70 6 0.2831 -0.375 0 0 28.323 41.330 77.255
1 71 20 0.5481 0.6432 0 0 28.419 42.964 73.854
1 72 14 0.6265 0.3369 0 0 30.712 45.777 75.040
1 73 1 0.3554 -0.819 0 0 33.023 42.882 75.889
1 74 18 0.3915 -0.387 0 0 33.448 41.611 72.279
1 75 9 0.6867 0.0000 0 0 32.998 44.794 70.176
1 76 7 0.6566 -0.625 0 0 35.908 46.318 68.204
1 77 9 0.8554 0.0000 0 0 34.788 49.921 67.756
1 78 15 0.9578 -0.678 0 0 31.764 51.788 69.037
1 79 12 0.9939 0.5648 0 0 29.324 54.170 67.455
1 80 5 0.9819 -0.803 0 0 28.044 56.472 70.238
1 81 22 0.9759 0.4047 0 0 24.744 57.938 69.012
1 82 15 0.9036 -0.359 0 0 22.581 60.748 70.368
1 83 0 0.7590 -0.364 0 0 19.875 62.825 68.701
1 84 11 0.5421 -0.107 0 0 20.296 66.537 68.189
1 85 2 0.3373 0.1475 0 0 16.745 67.243 69.368
1 86 2 0.3614 0.1258 0 0 16.970 65.388 72.685
1 87 18 0.3012 -0.826 0 0 19.407 67.056 75.142
1 88 13 0.3192 -0.353 0 0 18.892 64.189 77.597
1 89 17 0.6024 0.3237 0 0 20.321 61.713 75.059
1 90 15 0.6084 -0.205 0 0 23.466 63.836 74.833
1 91 7 0.4156 -0.817 0 0 23.935 63.996 78.557
1 92 3 0.5722 -0.287 0 0 23.733 60.179 78.559
1 93 11 0.7891 0.7312 0 0 26.736 59.879 76.214
1 94 10 0.5361 -0.479 0 0 29.191 60.540 79.079
1 95 6 0.5060 -0.583 0 0 28.035 57.312 80.703
1 96 20 0.7771 0.4673 0 0 28.202 55.211 77.533
1 97 1 0.7349 -0.304 0 0 31.841 56.176 76.979
1 98 7 0.4397 -0.703 0 0 32.350 55.221 80.573
1 99 6 0.4698 0.0047 0 0 30.767 51.760 80.593
1 100 11 0.6144 0.9687 0 0 32.873 51.011 77.504
1 101 13 0.3975 -0.008 0 0 36.155 52.259 79.010
1 102 1 0.1385 -0.071 0 0 35.444 50.178 82.144
1 103 22 0.2349 0.4924 0 0 34.365 46.930 80.470
1 104 13 0.2771 0.7563 0 0 37.309 47.278 78.040
1 105 3 0.0481 -0.940 0 0 39.850 48.116 80.760
1 106 17 0.1024 0.2443 0 0 41.257 50.526 78.153
1 107 3 0.1445 -0.506 0 0 41.506 54.261 77.502
1 108 3 0.3072 -0.344 0 0 42.050 53.853 73.779
1 109 22 0.5783 0.3224 0 0 38.861 52.470 72.287
1 110 16 0.7469 -0.562 0 0 37.849 53.173 68.680
1 111 14 0.9096 -0.093 0 0 34.726 55.255 68.813
1 112 22 0.9337 0.1339 0 0 32.912 57.960 66.906
1 113 12 0.9397 -0.700 0 0 30.288 60.262 68.458
1 114 22 0.9638 0.6609 0 0 27.287 60.471 66.057
1 115 9 0.8674 0.0000 0 0 24.723 63.270 66.224
1 116 2 0.8493 0.2676 0 0 21.681 61.789 64.535
1 117 13 0.6204 0.0659 0 0 18.302 63.220 63.442
1 118 5 0.4518 0.3278 0 0 19.760 66.335 61.821
1 119 3 0.2108 0.2856 0 0 17.090 66.669 59.131
1 120 12 0.0843 0.5526 0 0 15.058 68.786 61.595
1 121 0 0.0180 -0.959 0 0 15.515 72.433 62.620
1 122 0 0.0301 0.1542 0 0 14.298 71.529 66.128
1 123 1 0.0963 0.5160 0 0 17.966 71.333 67.281
1 124 18 0.0662 0.1103 0 0 18.510 71.669 71.039
1 125 22 0.2590 0.8980 0 0 22.042 70.265 71.340
1 126 7 0.1144 -0.865 0 0 24.271 72.794 69.634
1 127 17 0.2469 -0.048 0 0 27.105 71.773 67.285
1 128 1 0.0903 -0.907 0 0 29.817 73.262 69.524
1 129 6 0.1506 -0.100 0 0 28.490 71.527 72.673
1 130 0 0.4879 0.5450 0 0 28.882 68.219 70.923
1 131 6 0.4036 -0.161 0 0 32.143 68.903 69.117
1 132 3 0.1807 -0.830 0 0 33.758 70.053 72.389
1 133 12 0.4096 0.5735 0 0 32.964 66.733 74.011
1 134 0 0.5843 0.3997 0 0 34.264 64.768 71.031
1 135 1 0.3132 -0.677 0 0 37.592 66.550 71.264
1 136 17 0.1987 0.2446 0 0 37.742 65.787 74.959
1 137 20 0.4337 0.4779 0 0 37.576 62.075 74.157
1 138 9 0.3734 0.0000 0 0 39.910 62.351 71.173
1 139 11 0.6506 0.7418 0 0 37.385 61.036 68.644
1 140 16 0.7048 0.2900 0 0 35.663 62.405 65.467
1 141 20 0.7831 -0.048 0 0 32.151 63.948 65.599
1 142 11 0.8072 0.1677 0 0 29.931 63.317 62.586
1 143 7 0.7650 -0.705 0 0 26.320 64.581 62.277
1 144 18 0.7951 0.9390 0 0 23.882 62.315 60.460
1 145 17 0.6626 -0.957 0 0 20.328 61.677 59.384
1 146 0 0.6927 0.3944 0 0 18.934 58.211 58.751
1 147 13 0.3795 -0.753 0 0 15.981 59.753 56.887
1 148 18 0.2710 0.0070 0 0 18.062 61.620 54.294
1 149 1 0.4638 -0.031 0 0 21.164 59.377 54.359
1 150 6 0.4578 -0.317 0 0 23.349 62.404 55.034
1 151 9 0.6746 0.0000 0 0 26.488 61.391 56.849
1 152 22 0.8132 -0.050 0 0 25.434 57.795 57.430
1 153 7 0.7289 -0.864 0 0 28.201 56.101 55.419
1 154 3 0.7168 -0.471 0 0 30.619 58.747 56.603
1 155 0 0.9156 0.6814 0 0 30.164 57.918 60.261
1 156 15 0.9216 0.5049 0 0 30.247 54.100 59.943
1 157 20 0.7409 -0.318 0 0 33.320 53.983 57.710
1 158 18 0.7710 0.1257 0 0 35.227 56.515 59.839
1 159 12 0.8734 0.7977 0 0 34.852 53.940 62.603
1 160 22 0.6987 -0.196 0 0 36.373 51.271 60.366
1 161 1 0.4759 -0.073 0 0 39.309 53.516 59.385
1 162 7 0.5662 0.6050 0 0 39.851 53.952 63.126
1 163 11 0.5240 0.6130 0 0 39.838 50.299 64.009
1 164 1 0.2530 -0.179 0 0 42.315 49.698 61.198
1 165 6 0.1084 -0.366 0 0 44.894 52.204 62.377
1 166 10 0.1265 0.5397 0 0 45.121 51.355 66.130
