1 1 14 0.0120 0.4263 0 0 50.829 11.954 38.512
1 2 18 0.1144 0.1375 0 0 47.723 11.456 36.369
1 3 7 0.3313 0.0432 0 0 44.622 13.371 37.410
1 4 20 0.5722 -0.249 0 0 41.232 12.061 36.239
1 5 13 0.6927 -0.736 0 0 38.399 14.591 35.975
1 6 12 0.8975 0.2161 0 0 35.113 12.752 36.659
1 7 22 0.9518 -0.682 0 0 31.575 14.192 36.217
1 8 22 0.9879 0.5622 0 0 28.477 12.824 37.996
1 9 22 0.9698 -0.330 0 0 25.280 13.336 36.013
1 10 9 0.9096 0.0000 0 0 21.749 12.146 36.579
1 11 0 0.7710 -0.522 0 0 18.241 13.041 37.605
1 12 9 0.6506 0.0000 0 0 17.921 15.227 40.639
1 13 9 0.5120 0.0000 0 0 16.374 14.558 44.012
1 14 22 0.6265 0.3459 0 0 16.986 10.807 44.253
1 15 9 0.7409 0.0000 0 0 20.118 10.686 46.409
1 16 13 0.9036 0.2825 0 0 22.363 11.470 43.439
1 17 17 0.8734 -0.970 0 0 24.713 13.490 45.689
1 18 0 0.8192 -0.513 0 0 25.323 10.730 48.178
1 19 12 0.9457 0.7314 0 0 27.477 8.862 45.695
1 20 18 0.9156 0.2028 0 0 30.293 11.380 45.777
1 21 11 0.7530 -0.474 0 0 30.075 12.238 49.445
1 22 6 0.6987 -0.068 0 0 30.263 8.641 50.632
1 23 12 0.7831 0.5457 0 0 33.367 8.252 48.496
1 24 11 0.6024 0.3132 0 0 35.329 11.219 49.786
1 25 6 0.3975 -0.073 0 0 34.615 11.123 53.545
1 26 2 0.2349 -0.965 0 0 35.901 7.798 54.929
1 27 10 0.2228 0.1977 0 0 32.268 7.403 56.223
1 28 15 0.0361 -0.012 0 0 33.646 7.617 59.794
1 29 22 0.0180 0.0103 0 0 33.638 11.400 60.445
1 30 3 0.0 -0.882 0 0 30.648 13.491 61.747
1 31 7 0.0060 -0.635 0 0 31.674 16.958 60.555
1 32 20 0.0903 0.9654 0 0 31.285 16.963 56.720
1 33 3 0.1024 -0.768 0 0 31.633 20.215 54.759
1 34 16 0.2650 -0.065 0 0 31.301 20.888 50.988
1 35 18 0.0602 -0.923 0 0 32.303 24.552 51.465
1 36 11 0.0542 -0.406 0 0 35.766 23.112 52.044
1 37 7 0.1084 -0.301 0 0 37.641 23.109 48.772
1 38 3 0.1987 -0.627 0 0 39.558 19.938 47.945
1 39 17 0.3614 -0.065 0 0 36.700 18.056 49.688
1 40 20 0.5843 -0.507 0 0 36.150 16.950 46.067
1 41 1 0.4578 -0.498 0 0 39.807 16.141 45.142
1 42 13 0.4638 0.3281 0 0 40.691 12.596 46.353
1 43 6 0.2951 -0.970 0 0 43.918 10.634 45.908
1 44 22 0.3493 0.9799 0 0 43.605 6.884 45.432
1 45 22 0.1686 -0.953 0 0 45.470 3.820 44.291
1 46 11 0.3192 0.9489 0 0 43.764 2.079 41.406
1 47 3 0.1204 0.6144 0 0 45.263 -1.140 39.996
1 48 9 0.0240 0.0000 0 0 48.680 -0.178 41.365
1 49 7 0.0421 0.1654 0 0 49.196 3.185 39.659
1 50 18 0.0662 -0.491 0 0 48.397 6.134 42.005
1 51 5 0.2168 0.7294 0 0 46.150 8.800 40.607
1 52 12 0.3795 -0.430 0 0 44.148 11.781 41.662
1 53 12 0.6445 0.5454 0 0 40.334 11.785 41.266
1 54 3 0.6746 -0.573 0 0 38.592 15.153 40.819
1 55 11 0.8674 0.5969 0 0 34.842 14.824 41.126
1 56 12 0.8493 -0.484 0 0 32.231 17.339 39.993
1 57 3 0.8915 0.4817 0 0 28.817 16.851 41.613
1 58 18 0.7650 0.0556 0 0 26.312 19.578 40.668
1 59 0 0.7469 0.3166 0 0 23.479 18.185 42.809
1 60 9 0.4698 0.0000 0 0 20.724 20.720 43.375
1 61 6 0.4337 0.0590 0 0 21.437 22.717 40.188
1 62 7 0.4819 0.6778 0 0 19.347 20.439 38.060
1 63 7 0.1746 -0.644 0 0 16.877 23.146 37.082
1 64 20 0.1506 -0.386 0 0 19.785 25.144 35.629
1 65 17 0.2108 -0.490 0 0 19.402 22.872 32.593
1 66 0 0.0843 -0.778 0 0 21.120 25.364 30.262
1 67 14 0.2289 -0.260 0 0 24.348 24.706 32.048
1 68 1 0.4759 0.2030 0 0 24.395 20.983 31.558
1 69 3 0.3554 -0.637 0 0 26.467 21.559 28.400
1 70 6 0.2710 -0.407 0 0 28.967 23.821 30.239
1 71 20 0.5481 -0.078 0 0 29.366 21.390 33.166
1 72 14 0.6686 0.2993 0 0 29.567 18.171 31.172
1 73 1 0.4457 -0.948 0 0 32.203 19.513 28.785
1 74 18 0.5060 0.1652 0 0 34.662 19.488 31.667
1 75 9 0.7228 0.0000 0 0 34.780 15.678 32.032
1 76 7 0.6566 -0.553 0 0 37.152 12.829 31.079
1 77 9 0.8554 0.0000 0 0 34.792 10.187 32.421
1 78 15 0.9638 -0.728 0 0 31.118 10.157 33.322
1 79 12 0.9939 0.7646 0 0 29.015 8.470 35.937
1 80 5 0.9819 -0.771 0 0 25.246 8.270 35.179
1 81 22 0.9759 0.4658 0 0 23.112 7.829 38.284
1 82 15 0.8614 -0.291 0 0 19.486 6.727 38.568
1 83 0 0.7289 -0.488 0 0 17.630 5.673 41.733
1 84 11 0.5240 -0.054 0 0 16.392 2.085 41.721
1 85 2 0.3253 0.2892 0 0 13.076 3.097 43.297
1 86 2 0.3674 0.1147 0 0 12.362 5.844 40.793
1 87 18 0.2530 -0.886 0 0 11.472 4.471 37.387
1 88 13 0.3012 -0.193 0 0 11.622 7.902 35.730
1 89 17 0.5783 0.3613 0 0 15.122 8.758 36.954
1 90 15 0.5903 -0.241 0 0 16.146 5.657 35.040
1 91 7 0.4096 -0.858 0 0 14.268 6.182 31.796
1 92 3 0.5 -0.095 0 0 15.918 9.629 31.841
1 93 11 0.7108 0.7214 0 0 19.288 7.949 31.500
1 94 10 0.4879 -0.879 0 0 18.808 7.600 27.779
1 95 6 0.4397 -0.869 0 0 18.697 11.349 27.422
1 96 20 0.6867 0.3565 0 0 21.766 12.092 29.522
1 97 1 0.6626 -0.179 0 0 23.888 9.726 27.443
1 98 7 0.4216 -0.514 0 0 23.012 11.499 24.225
1 99 6 0.4518 0.1113 0 0 23.776 14.886 25.764
1 100 11 0.6084 0.9601 0 0 27.213 13.680 26.900
1 101 13 0.4277 -0.111 0 0 27.838 11.944 23.566
1 102 1 0.1927 -0.496 0 0 27.019 15.238 21.834
1 103 22 0.2891 0.5718 0 0 28.841 17.660 24.164
1 104 13 0.3132 0.7921 0 0 32.079 15.646 23.776
1 105 3 0.0783 -0.980 0 0 31.583 14.938 20.045
1 106 17 0.1385 0.5348 0 0 32.163 11.219 20.392
1 107 3 0.1445 -0.754 0 0 30.459 7.844 20.132
1 108 3 0.3072 -0.248 0 0 32.845 6.205 22.597
1 109 22 0.5421 0.4630 0 0 32.879 8.285 25.791
1 110 16 0.7168 -0.307 0 0 34.138 6.412 28.907
1 111 14 0.8795 -0.164 0 0 31.204 6.098 31.267
1 112 22 0.9397 0.1693 0 0 29.455 3.867 33.821
1 113 12 0.9277 -0.709 0 0 25.791 3.279 34.777
1 114 22 0.9578 0.8162 0 0 25.085 3.367 38.532
1 115 9 0.8433 0.0000 0 0 21.901 2.103 40.157
1 116 2 0.8313 0.3331 0 0 21.648 3.814 43.496
1 117 13 0.5963 -0.906 0 0 19.634 2.476 46.425
1 118 5 0.5602 0.1104 0 0 19.014 5.660 48.427
1 119 3 0.2409 -0.210 0 0 16.432 4.771 51.087
1 120 12 0.0722 -0.217 0 0 14.426 1.628 51.822
1 121 0 0.0481 0.2171 0 0 11.452 2.033 49.419
1 122 0 0.0301 -0.799 0 0 10.415 -0.543 46.846
1 123 1 0.1325 0.5043 0 0 12.867 -1.204 44.016
1 124 18 0.0963 -0.061 0 0 11.056 -0.566 40.716
1 125 22 0.2590 0.8339 0 0 13.958 -0.961 38.281
1 126 7 0.1566 -0.837 0 0 15.256 -4.517 38.273
1 127 17 0.2771 -0.496 0 0 18.888 -5.630 38.498
1 128 1 0.1265 -0.731 0 0 18.232 -7.264 35.167
1 129 6 0.1867 -0.217 0 0 16.754 -4.255 33.295
1 130 0 0.4939 0.6536 0 0 19.615 -1.993 34.197
1 131 6 0.4036 -0.041 0 0 21.978 -4.858 33.438
1 132 3 0.1807 -0.881 0 0 20.549 -5.165 29.894
1 133 12 0.3855 0.5627 0 0 20.288 -1.430 29.257
1 134 0 0.5361 0.6159 0 0 23.967 -1.001 30.103
1 135 1 0.2831 -0.727 0 0 24.834 -4.000 27.923
1 136 17 0.1626 0.1820 0 0 23.142 -2.398 24.955
1 137 20 0.4156 0.4302 0 0 25.405 0.665 25.479
1 138 9 0.3915 0.0000 0 0 28.809 -0.964 26.001
1 139 11 0.6325 0.6155 0 0 29.328 0.344 29.512
1 140 16 0.7048 0.3207 0 0 29.564 -1.358 32.918
1 141 20 0.7951 -0.116 0 0 26.748 -1.276 35.456
1 142 11 0.8253 0.4209 0 0 27.327 -0.898 39.220
1 143 7 0.7771 -0.742 0 0 24.680 -0.977 41.985
1 144 18 0.8132 0.9622 0 0 25.521 0.967 45.183
1 145 17 0.6204 -0.999 0 0 23.998 1.633 48.569
1 146 0 0.6385 0.2024 0 0 23.716 5.140 49.963
1 147 13 0.3734 -0.384 0 0 23.167 3.591 53.376
1 148 18 0.3373 -0.335 0 0 26.001 1.099 53.739
1 149 1 0.5301 0.1099 0 0 28.572 2.533 51.354
1 150 6 0.5180 -0.758 0 0 28.412 -0.743 49.437
1 151 9 0.6807 0.0000 0 0 30.005 -0.641 46.027
1 152 22 0.8373 0.0442 0 0 30.620 3.068 46.100
1 153 7 0.8012 -0.846 0 0 34.361 2.789 45.335
1 154 3 0.7590 -0.538 0 0 33.473 -0.134 43.145
1 155 0 0.9216 0.6656 0 0 31.757 2.341 40.805
1 156 15 0.9337 0.6062 0 0 34.370 5.099 40.711
1 157 20 0.7891 -0.420 0 0 37.267 2.759 40.183
1 158 18 0.8072 0.0999 0 0 35.382 1.113 37.380
1 159 12 0.8855 0.7079 0 0 35.038 4.482 35.726
1 160 22 0.7349 -0.254 0 0 38.771 5.106 36.037
1 161 1 0.5542 -0.040 0 0 39.383 1.724 34.453
1 162 7 0.6144 0.1433 0 0 37.037 2.658 31.571
1 163 11 0.5662 0.5497 0 0 39.112 5.827 31.005
1 164 1 0.3433 0.1068 0 0 42.434 3.981 30.913
1 165 6 0.2048 -0.039 0 0 41.069 1.093 28.834
1 166 10 0.2469 0.1556 0 0 39.520 3.545 26.365
