0 1 9 0 0 0 0 0 0 0
1 2 14 0.0177 0.1939 0 0 -26.323 -24.363 42.027
1 3 18 0.0828 0.1299 0 0 -23.544 -25.962 44.052
1 4 7 0.2899 -0.034 0 0 -20.844 -23.919 45.748
1 5 20 0.5384 -0.226 0 0 -17.234 -25.055 45.473
1 6 13 0.7337 -0.553 0 0 -14.261 -23.792 47.472
1 7 12 0.9112 0.0333 0 0 -11.198 -23.175 45.318
1 8 22 0.9585 -0.671 0 0 -7.891 -22.068 46.856
1 9 22 0.9881 0.1495 0 0 -5.112 -20.338 44.858
1 10 22 0.9644 -0.030 0 0 -1.667 -21.061 46.387
1 11 9 0.9230 0.4634 0 0 1.943 -20.350 45.372
1 12 0 0.7573 -0.391 0 0 4.948 -18.256 46.267
1 13 9 0.6213 -0.119 0 0 4.645 -14.532 46.621
1 14 9 0.5621 -0.097 0 0 4.751 -12.767 43.284
1 15 22 0.8047 0.6083 0 0 3.744 -15.682 41.031
1 16 9 0.8402 -0.641 0 0 0.454 -13.998 40.030
1 17 13 0.9349 0.0819 0 0 -2.215 -15.462 42.301
1 18 17 0.8224 -0.661 0 0 -3.991 -12.131 42.637
1 19 0 0.7159 -0.307 0 0 -3.621 -11.190 38.978
1 20 12 0.8816 0.6315 0 0 -5.081 -14.536 37.912
1 21 18 0.8757 0.2903 0 0 -7.970 -14.318 40.349
1 22 11 0.6272 -0.447 0 0 -8.851 -10.722 39.460
1 23 6 0.5798 -0.237 0 0 -8.775 -11.591 35.749
1 24 12 0.6923 0.6305 0 0 -11.311 -14.314 36.346
1 25 11 0.5088 0.3678 0 0 -13.522 -12.204 38.602
1 26 6 0.3017 -0.027 0 0 -13.213 -8.711 37.112
1 27 2 0.2485 -0.250 0 0 -11.942 -9.317 33.562
1 28 10 0.1834 -0.290 0 0 -8.920 -7.053 33.707
1 29 15 0.3136 0.1077 0 0 -5.214 -7.268 34.451
1 30 22 0.2307 0.1255 0 0 -4.338 -5.551 37.684
1 31 3 0.1301 -0.888 0 0 -0.713 -4.477 37.641
1 32 7 0.1124 -0.748 0 0 -0.428 -3.608 41.320
1 33 20 0.2544 0.6120 0 0 -2.486 -5.391 43.995
1 34 3 0.1479 -0.659 0 0 -1.000 -5.410 47.489
1 35 16 0.3905 -0.706 0 0 0.913 -8.703 47.945
1 36 18 0.2721 -0.885 0 0 -0.127 -8.890 51.575
1 37 11 0.3668 -0.525 0 0 -3.901 -8.975 50.987
1 38 7 0.5266 0.2507 0 0 -5.722 -12.296 51.238
1 39 3 0.5147 -0.642 0 0 -9.358 -12.150 50.088
1 40 17 0.5976 -0.411 0 0 -12.044 -14.337 48.558
1 41 20 0.5325 0.2100 0 0 -14.427 -13.828 45.661
1 42 1 0.4437 -0.268 0 0 -17.606 -15.492 44.350
1 43 13 0.4142 0.2681 0 0 -18.380 -16.176 40.684
1 44 6 0.2071 -0.487 0 0 -21.194 -18.185 39.138
1 45 22 0.2426 0.7945 0 0 -20.426 -20.187 36.000
1 46 22 0.1065 -0.992 0 0 -21.906 -23.116 34.081
1 47 11 0.1893 0.9962 0 0 -19.553 -25.984 33.409
1 48 3 0.0650 0.6221 0 0 -20.564 -29.033 31.387
1 49 9 0.0 0.2961 0 0 -24.186 -28.044 31.708
1 50 7 0.0414 -0.213 0 0 -24.140 -27.608 35.482
1 51 18 0.0591 -0.626 0 0 -24.271 -24.278 37.344
1 52 5 0.2366 0.6159 0 0 -21.454 -23.743 39.876
1 53 12 0.3372 -0.491 0 0 -20.838 -20.997 42.458
1 54 12 0.6153 0.4322 0 0 -17.087 -20.677 42.859
1 55 3 0.6390 -0.559 0 0 -15.767 -19.396 46.184
1 56 11 0.8579 0.3987 0 0 -12.175 -18.554 45.371
1 57 12 0.8639 -0.381 0 0 -9.575 -17.770 48.039
1 58 3 0.8875 -0.375 0 0 -6.611 -15.725 46.811
1 59 18 0.8520 0.5909 0 0 -4.039 -16.659 49.439
1 60 0 0.6686 -0.601 0 0 -1.187 -14.435 50.600
1 61 9 0.5739 0.9591 0 0 1.050 -16.796 52.568
1 62 6 0.3254 -0.477 0 0 1.596 -16.711 56.302
1 63 7 0.1656 0.7265 0 0 -1.458 -16.319 58.515
1 64 7 0.0355 -0.634 0 0 -1.745 -14.692 61.928
1 65 20 0.0295 -0.817 0 0 -1.957 -18.329 63.196
1 66 17 0.0887 -0.438 0 0 -0.991 -21.395 61.149
1 67 0 0.0532 -0.977 0 0 -4.237 -22.987 62.361
1 68 14 0.1420 -0.309 0 0 -5.993 -20.610 59.936
1 69 1 0.4319 -0.071 0 0 -3.953 -21.945 57.030
1 70 3 0.3491 -0.749 0 0 -4.859 -25.501 58.014
1 71 6 0.2958 -0.515 0 0 -8.535 -24.559 58.134
1 72 20 0.5502 0.5682 0 0 -8.647 -23.170 54.603
1 73 14 0.6568 0.3350 0 0 -6.795 -26.226 53.376
1 74 1 0.4082 -0.844 0 0 -9.304 -28.485 55.093
1 75 18 0.4556 -0.498 0 0 -12.331 -26.634 53.690
1 76 9 0.7514 -0.142 0 0 -10.758 -26.134 50.259
1 77 7 0.7218 -0.652 0 0 -12.041 -28.638 47.713
1 78 9 0.8934 -0.684 0 0 -9.499 -27.882 44.982
1 79 15 0.9763 -0.768 0 0 -6.201 -26.041 44.736
1 80 12 0.9940 0.5611 0 0 -4.657 -23.996 41.978
1 81 5 0.9822 -0.622 0 0 -0.916 -24.434 42.538
1 82 22 0.9704 0.4279 0 0 0.720 -21.494 40.810
1 83 15 0.8698 -0.294 0 0 4.364 -20.912 39.947
1 84 0 0.6982 -0.283 0 0 5.916 -18.363 37.584
1 85 11 0.4911 -0.094 0 0 7.805 -19.695 34.568
1 86 2 0.2603 -0.032 0 0 10.663 -17.244 35.193
1 87 2 0.3609 0.4566 0 0 11.143 -18.209 38.862
1 88 18 0.2662 -0.859 0 0 12.654 -21.629 39.578
1 89 13 0.3195 -0.461 0 0 12.241 -21.226 43.313
1 90 17 0.6035 0.1647 0 0 8.489 -20.783 42.860
1 91 15 0.6094 -0.245 0 0 8.414 -24.032 40.898
1 92 7 0.4260 -0.928 0 0 10.431 -25.905 43.519
1 93 3 0.5680 0.0075 0 0 8.000 -24.625 46.135
1 94 11 0.7810 0.6865 0 0 5.278 -26.677 44.418
1 95 10 0.5207 -0.599 0 0 6.724 -29.817 46.041
1 96 10 0.5029 -0.099 0 0 6.044 -28.214 49.412
1 97 20 0.7869 0.4719 0 0 2.509 -27.111 48.536
1 98 1 0.7278 -0.007 0 0 1.599 -30.579 47.266
1 99 7 0.4497 -0.719 0 0 2.980 -32.206 50.406
1 100 6 0.4852 0.0993 0 0 1.478 -29.688 52.816
1 101 11 0.6627 0.9965 0 0 -2.044 -29.726 51.419
1 102 13 0.4615 -0.089 0 0 -2.065 -33.534 51.392
1 103 1 0.2011 -0.277 0 0 -0.821 -33.501 54.980
1 104 22 0.3076 0.5412 0 0 -3.427 -31.076 56.278
1 105 13 0.3313 0.8271 0 0 -6.257 -32.911 54.469
1 106 3 0.0946 -0.964 0 0 -4.701 -36.306 55.346
1 107 17 0.1597 0.5630 0 0 -5.462 -37.467 51.842
1 108 7 0.1775 -0.947 0 0 -3.691 -38.868 48.817
1 109 3 0.3786 -0.491 0 0 -6.447 -37.635 46.502
1 110 22 0.6331 0.2434 0 0 -6.665 -33.854 46.424
1 111 16 0.8165 -0.533 0 0 -8.000 -31.986 43.362
1 112 14 0.9289 -0.162 0 0 -5.339 -29.699 42.017
1 113 22 0.9526 0.0187 0 0 -4.192 -28.015 38.823
1 114 12 0.9408 -0.715 0 0 -0.617 -26.939 38.296
1 115 22 0.9467 0.7054 0 0 -0.369 -23.486 36.738
1 116 9 0.8461 0.1661 0 0 2.757 -22.024 35.177
1 117 2 0.8343 0.3990 0 0 1.983 -18.327 35.028
1 118 13 0.5443 0.1208 0 0 3.655 -15.320 33.353
1 119 5 0.4201 0.4506 0 0 4.015 -17.171 30.065
1 120 3 0.1538 0.3491 0 0 4.139 -13.835 28.220
1 121 12 0.1005 0.4257 0 0 7.412 -12.840 29.945
1 122 16 0.0118 -0.344 0 0 10.922 -13.390 28.573
1 123 17 0.0059 -0.617 0 0 13.811 -15.434 29.977
1 124 1 0.0769 0.4757 0 0 11.848 -18.482 31.067
1 125 18 0.0710 -0.106 0 0 13.777 -20.598 33.580
1 126 22 0.2248 0.8646 0 0 11.237 -23.404 34.179
1 127 3 0.1242 -0.936 0 0 10.772 -25.537 31.093
1 128 18 0.2781 -0.044 0 0 7.292 -26.591 30.131
1 129 13 0.1183 -0.837 0 0 8.483 -30.186 30.149
1 130 6 0.1715 -0.197 0 0 9.731 -30.040 33.781
1 131 0 0.4970 0.4204 0 0 6.322 -28.822 34.861
1 132 6 0.3964 -0.195 0 0 4.393 -31.363 32.766
1 133 3 0.1952 -0.777 0 0 6.579 -34.098 34.306
1 134 12 0.4378 0.4674 0 0 5.764 -32.913 37.817
1 135 0 0.5917 0.4927 0 0 2.038 -32.680 37.102
1 136 1 0.3550 -0.705 0 0 2.077 -36.144 35.555
1 137 17 0.2130 0.1289 0 0 3.801 -37.500 38.710
1 138 20 0.4733 0.5538 0 0 0.883 -36.102 40.749
1 139 9 0.4023 -0.565 0 0 -1.830 -37.203 38.314
1 140 11 0.6863 0.6899 0 0 -3.036 -33.637 37.803
1 141 16 0.7455 0.1982 0 0 -3.470 -31.240 34.886
1 142 15 0.7928 -0.269 0 0 -0.855 -28.642 33.965
1 143 11 0.8106 0.2679 0 0 -1.731 -25.375 32.209
1 144 7 0.7041 -0.724 0 0 0.473 -22.411 31.269
1 145 18 0.7633 0.9681 0 0 -1.173 -19.047 31.771
1 146 17 0.5857 -0.995 0 0 -0.738 -15.345 31.432
1 147 0 0.6508 0.5787 0 0 -2.797 -13.122 33.673
1 148 13 0.3727 -0.788 0 0 -1.840 -10.310 31.311
1 149 18 0.2189 -0.246 0 0 -3.130 -11.771 28.021
1 150 1 0.4792 -0.032 0 0 -5.632 -14.155 29.685
1 151 6 0.4674 -0.221 0 0 -4.040 -17.163 27.979
1 152 9 0.6804 -0.973 0 0 -5.147 -20.254 29.900
1 153 22 0.8284 -0.118 0 0 -6.814 -18.376 32.752
1 154 3 0.7100 -0.891 0 0 -10.379 -19.566 32.344
1 155 3 0.7396 -0.624 0 0 -9.077 -23.002 31.399
1 156 0 0.9053 0.3953 0 0 -7.133 -23.276 34.648
1 157 15 0.9171 0.4617 0 0 -10.029 -22.407 36.942
1 158 20 0.7751 -0.360 0 0 -12.631 -24.381 35.031
1 159 18 0.7988 0.0581 0 0 -10.358 -27.427 34.763
1 160 12 0.8994 0.8485 0 0 -9.959 -27.260 38.543
1 161 22 0.7692 -0.282 0 0 -13.749 -27.340 38.943
1 162 1 0.5562 -0.244 0 0 -13.838 -30.424 36.715
1 163 7 0.6745 0.4666 0 0 -11.138 -32.041 38.872
1 164 11 0.6449 0.6006 0 0 -13.175 -31.301 42.032
1 165 1 0.3846 -0.037 0 0 -16.265 -32.833 40.415
1 166 13 0.2840 0.2940 0 0 -14.329 -35.929 39.391
1 167 10 0.3431 0.3690 0 0 -13.078 -36.369 42.932
1 168 13 0.1360 0.3115 0 0 -16.554 -35.990 44.416
1 169 7 0.0473 0.1672 0 0 -18.165 -38.401 41.956
1 170 13 0.0236 0.9965 0 0 -15.594 -41.111 42.654
