1 1 9 0.0 -0.235 0 0 13.855 -27.543 15.571
1 2 14 0.0294 0.2344 0 0 11.302 -25.799 13.356
1 3 18 0.1117 0.1639 0 0 8.475 -27.284 11.337
1 4 7 0.3176 -0.073 0 0 5.817 -25.333 9.486
1 5 20 0.5764 -0.167 0 0 2.194 -26.489 9.733
1 6 13 0.7294 -0.593 0 0 -0.690 -25.383 7.544
1 7 12 0.9058 0.0816 0 0 -3.775 -24.892 9.702
1 8 22 0.9588 -0.672 0 0 -7.174 -23.941 8.288
1 9 22 0.9882 0.2117 0 0 -9.989 -22.398 10.314
1 10 22 0.9647 -0.034 0 0 -13.415 -23.173 8.824
1 11 9 0.9117 0.4611 0 0 -17.010 -22.541 9.841
1 12 0 0.7529 -0.400 0 0 -20.080 -20.458 9.112
1 13 9 0.6117 -0.111 0 0 -19.824 -16.705 8.872
1 14 9 0.5470 -0.064 0 0 -20.044 -15.029 12.256
1 15 22 0.8 0.5995 0 0 -18.902 -17.914 14.447
1 16 9 0.8411 -0.654 0 0 -15.637 -16.198 15.459
1 17 13 0.9352 0.0954 0 0 -12.965 -17.588 13.121
1 18 17 0.8176 -0.664 0 0 -11.238 -14.217 12.743
1 19 0 0.7058 -0.331 0 0 -11.523 -13.332 16.429
1 20 12 0.8823 0.6530 0 0 -10.042 -16.681 17.426
1 21 18 0.8764 0.2561 0 0 -7.129 -16.262 15.076
1 22 11 0.6235 -0.439 0 0 -6.420 -12.663 16.071
1 23 6 0.5823 -0.185 0 0 -6.378 -13.613 19.759
1 24 12 0.6823 0.6450 0 0 -3.675 -16.148 19.065
1 25 11 0.5117 0.4015 0 0 -1.651 -13.854 16.770
1 26 6 0.2705 0.0106 0 0 -2.078 -10.429 18.401
1 27 2 0.2117 -0.302 0 0 -3.184 -11.106 21.983
1 28 10 0.1823 -0.276 0 0 -6.439 -9.170 21.904
1 29 15 0.3235 0.1059 0 0 -10.113 -9.592 21.134
1 30 22 0.2529 0.0595 0 0 -11.129 -7.827 17.957
1 31 3 0.1588 -0.876 0 0 -14.880 -7.478 17.819
1 32 7 0.1176 -0.790 0 0 -15.005 -5.991 14.293
1 33 20 0.2764 0.6137 0 0 -13.029 -7.663 11.535
1 34 3 0.1470 -0.640 0 0 -14.421 -7.489 8.012
1 35 16 0.3882 -0.744 0 0 -16.343 -10.768 7.500
1 36 18 0.2588 -0.912 0 0 -15.297 -10.941 3.847
1 37 11 0.3705 -0.494 0 0 -11.508 -10.938 4.394
1 38 7 0.5294 0.2460 0 0 -9.697 -14.244 4.085
1 39 3 0.5235 -0.671 0 0 -6.031 -14.074 5.045
1 40 17 0.6058 -0.416 0 0 -3.257 -16.178 6.530
1 41 20 0.5411 0.1350 0 0 -1.105 -15.420 9.546
1 42 1 0.4529 -0.291 0 0 2.135 -16.880 10.859
1 43 13 0.4470 0.2338 0 0 2.743 -17.591 14.540
1 44 6 0.2294 -0.465 0 0 5.818 -19.116 16.071
1 45 22 0.3000 0.9512 0 0 5.030 -21.175 19.131
1 46 22 0.1294 -0.995 0 0 6.662 -24.002 21.065
1 47 11 0.2647 0.9909 0 0 4.377 -26.996 21.530
1 48 3 0.0764 0.5875 0 0 5.606 -29.995 23.472
1 49 9 0.0117 0.3102 0 0 9.246 -28.896 23.156
1 50 7 0.0529 -0.452 0 0 9.236 -28.378 19.399
1 51 18 0.0647 -0.580 0 0 9.139 -25.040 17.620
1 52 5 0.3117 0.4955 0 0 6.189 -24.762 15.288
1 53 12 0.3647 -0.565 0 0 5.653 -22.212 12.606
1 54 12 0.6352 0.4358 0 0 1.864 -22.073 12.275
1 55 3 0.6470 -0.567 0 0 0.593 -20.880 8.924
1 56 11 0.8647 0.3851 0 0 -3.070 -20.232 9.770
1 57 12 0.8588 -0.396 0 0 -5.686 -19.591 7.094
1 58 3 0.8882 -0.377 0 0 -8.660 -17.649 8.429
1 59 18 0.8529 0.5919 0 0 -11.274 -18.612 5.844
1 60 0 0.6647 -0.591 0 0 -14.208 -16.438 4.778
1 61 9 0.5705 0.9535 0 0 -16.449 -18.805 2.796
1 62 6 0.3294 -0.516 0 0 -16.993 -18.714 -0.933
1 63 7 0.1647 0.7310 0 0 -14.005 -18.274 -3.188
1 64 7 0.0411 -0.634 0 0 -13.771 -16.682 -6.608
1 65 20 0.0352 -0.818 0 0 -13.441 -20.267 -7.840
1 66 17 0.0882 -0.472 0 0 -14.294 -23.430 -5.890
1 67 0 0.0588 -0.974 0 0 -10.980 -24.799 -7.193
1 68 14 0.1411 -0.304 0 0 -9.309 -22.424 -4.702
1 69 1 0.4352 -0.116 0 0 -11.272 -23.847 -1.782
1 70 3 0.3470 -0.765 0 0 -10.187 -27.318 -2.897
1 71 6 0.2882 -0.494 0 0 -6.573 -26.249 -2.990
1 72 20 0.5588 0.5569 0 0 -6.502 -24.908 0.565
1 73 14 0.6529 0.3206 0 0 -8.218 -28.061 1.752
1 74 1 0.4176 -0.800 0 0 -5.655 -30.199 -0.046
1 75 18 0.4647 -0.473 0 0 -2.673 -28.294 1.332
1 76 9 0.7588 -0.141 0 0 -4.162 -27.842 4.821
1 77 7 0.7352 -0.634 0 0 -2.750 -30.299 7.328
1 78 9 0.9 -0.685 0 0 -5.320 -29.689 10.040
1 79 15 0.9764 -0.776 0 0 -8.671 -27.979 10.419
1 80 12 0.9941 0.5491 0 0 -10.363 -26.101 13.204
1 81 5 0.9823 -0.621 0 0 -14.068 -26.661 12.566
1 82 22 0.9705 0.4502 0 0 -15.735 -23.792 14.388
1 83 15 0.8705 -0.289 0 0 -19.378 -23.318 15.312
1 84 0 0.7 -0.282 0 0 -20.946 -20.872 17.768
1 85 11 0.4941 -0.055 0 0 -22.758 -22.341 20.764
1 86 2 0.2470 -0.040 0 0 -25.722 -19.975 20.237
1 87 2 0.3588 0.4526 0 0 -26.115 -20.753 16.521
1 88 18 0.2352 -0.862 0 0 -27.699 -24.075 15.691
1 89 13 0.3058 -0.200 0 0 -27.255 -23.592 11.948
1 90 17 0.5882 0.1863 0 0 -23.514 -23.162 12.441
1 91 15 0.5941 -0.228 0 0 -23.392 -26.458 14.294
1 92 7 0.4117 -0.935 0 0 -25.391 -28.252 11.628
1 93 3 0.5647 -0.004 0 0 -22.953 -26.859 9.060
1 94 11 0.7764 0.6810 0 0 -20.169 -28.863 10.715
1 95 10 0.5176 -0.584 0 0 -21.570 -32.026 9.057
1 96 10 0.5058 -0.117 0 0 -20.941 -30.369 5.709
1 97 20 0.7882 0.4531 0 0 -17.432 -29.184 6.569
1 98 1 0.7176 -0.017 0 0 -16.437 -32.642 7.781
1 99 7 0.4411 -0.720 0 0 -17.789 -34.266 4.632
1 100 6 0.4882 0.0551 0 0 -16.325 -31.703 2.254
1 101 11 0.6588 0.9979 0 0 -12.787 -31.712 3.657
1 102 13 0.4588 -0.088 0 0 -12.747 -35.530 3.614
1 103 1 0.1999 -0.289 0 0 -13.961 -35.470 0.014
1 104 22 0.2941 0.5336 0 0 -11.433 -32.962 -1.215
1 105 13 0.3352 0.8327 0 0 -8.581 -34.763 0.532
1 106 3 0.0941 -0.962 0 0 -10.055 -38.182 -0.401
1 107 17 0.1529 0.5488 0 0 -9.257 -39.390 3.093
1 108 7 0.1882 -0.950 0 0 -11.040 -40.813 6.110
1 109 3 0.3764 -0.494 0 0 -8.296 -39.587 8.436
1 110 22 0.6411 0.2527 0 0 -7.991 -35.793 8.529
1 111 16 0.8117 -0.539 0 0 -6.638 -33.954 11.571
1 112 14 0.9294 -0.169 0 0 -9.384 -31.788 13.011
1 113 22 0.9529 0.0539 0 0 -10.629 -30.200 16.208
1 114 12 0.9411 -0.748 0 0 -14.278 -29.298 16.801
1 115 22 0.9470 0.7409 0 0 -14.471 -25.833 18.334
1 116 9 0.8470 0.1864 0 0 -17.590 -24.530 20.057
1 117 2 0.8294 0.3663 0 0 -16.924 -20.801 20.271
1 118 13 0.5352 0.1002 0 0 -18.650 -17.995 22.206
1 119 5 0.4235 0.4313 0 0 -18.762 -20.080 25.386
1 120 3 0.1764 0.3424 0 0 -18.848 -16.853 27.387
1 121 12 0.1058 0.3706 0 0 -22.459 -16.430 26.231
1 122 16 0.0176 -0.487 0 0 -25.227 -17.788 28.443
1 123 17 0.0058 -0.492 0 0 -28.081 -18.356 26.015
1 124 1 0.0823 0.5058 0 0 -26.666 -21.465 24.375
1 125 18 0.0705 -0.120 0 0 -28.703 -23.464 21.856
1 126 22 0.2058 0.8867 0 0 -26.176 -26.204 21.062
1 127 3 0.1235 -0.941 0 0 -25.718 -28.458 24.070
1 128 18 0.2235 -0.047 0 0 -22.266 -29.588 25.203
1 129 13 0.0999 -0.825 0 0 -23.397 -33.203 24.845
1 130 6 0.1705 -0.054 0 0 -24.455 -32.735 21.236
1 131 0 0.5 0.4009 0 0 -21.060 -31.343 20.292
1 132 6 0.4 -0.536 0 0 -19.108 -33.834 22.358
1 133 3 0.1941 -0.816 0 0 -21.036 -36.699 20.744
1 134 12 0.4294 0.4758 0 0 -20.397 -35.339 17.251
1 135 0 0.6 0.4898 0 0 -16.656 -35.005 17.926
1 136 1 0.3529 -0.461 0 0 -16.594 -38.530 19.357
1 137 17 0.2176 0.1244 0 0 -18.351 -39.819 16.229
1 138 20 0.4705 0.5675 0 0 -15.488 -38.282 14.172
1 139 9 0.4058 -0.569 0 0 -12.743 -39.462 16.533
1 140 11 0.6882 0.7003 0 0 -11.570 -35.878 17.151
1 141 16 0.7470 0.2108 0 0 -11.279 -33.536 20.130
1 142 15 0.7941 -0.265 0 0 -13.965 -31.076 21.132
1 143 11 0.8235 0.2961 0 0 -12.909 -27.804 22.775
1 144 7 0.7117 -0.810 0 0 -15.091 -24.983 23.977
1 145 18 0.7823 0.9741 0 0 -13.665 -21.541 23.378
1 146 17 0.6176 -0.994 0 0 -14.267 -17.885 23.808
1 147 0 0.6705 0.5899 0 0 -12.294 -15.524 21.592
1 148 13 0.3941 -0.778 0 0 -13.572 -12.798 23.880
1 149 18 0.2411 -0.237 0 0 -12.137 -14.155 27.161
1 150 1 0.4823 0.0444 0 0 -9.460 -16.296 25.489
1 151 6 0.4764 -0.260 0 0 -10.860 -19.439 27.147
1 152 9 0.6941 -0.979 0 0 -9.690 -22.507 25.215
1 153 22 0.8352 -0.138 0 0 -8.144 -20.608 22.306
1 154 3 0.7235 -0.840 0 0 -4.578 -21.705 22.801
1 155 3 0.7411 -0.466 0 0 -5.728 -25.216 23.688
1 156 0 0.9176 0.4332 0 0 -7.691 -25.476 20.423
1 157 15 0.9235 0.4625 0 0 -4.728 -24.521 18.239
1 158 20 0.7705 -0.591 0 0 -2.148 -26.563 20.200
1 159 18 0.8058 0.0764 0 0 -4.442 -29.586 20.241
1 160 12 0.8941 0.8426 0 0 -4.780 -29.314 16.450
1 161 22 0.7647 -0.278 0 0 -1.000 -29.311 16.073
1 162 1 0.5529 -0.151 0 0 -0.833 -32.404 18.280
1 163 7 0.6764 0.4727 0 0 -3.492 -34.069 16.099
1 164 11 0.6294 0.5991 0 0 -1.459 -33.297 12.971
1 165 1 0.3823 0.0350 0 0 1.681 -34.787 14.577
1 166 13 0.2823 0.3177 0 0 -0.264 -37.903 15.604
1 167 10 0.3411 0.3800 0 0 -1.484 -38.296 12.025
1 168 13 0.1352 0.5075 0 0 2.058 -38.007 10.671
1 169 7 0.0470 0.3018 0 0 3.399 -40.492 13.202
1 170 13 0.0235 0.9987 0 0 0.816 -43.187 12.483
