1 1 9 0.0 0.0000 0 0 17.747 15.269 -16.053
1 2 14 0.0176 0.3278 0 0 20.378 15.348 -13.310
1 3 18 0.0882 0.2039 0 0 22.863 12.469 -13.053
1 4 7 0.3117 -0.367 0 0 21.861 9.471 -10.916
1 5 20 0.5941 -0.191 0 0 24.417 7.263 -9.142
1 6 13 0.7117 -0.880 0 0 23.658 3.753 -7.941
1 7 12 0.9117 0.1341 0 0 25.880 3.011 -4.927
1 8 22 0.9588 -0.687 0 0 26.079 -0.253 -2.949
1 9 22 0.9882 0.1939 0 0 27.506 -0.549 0.565
1 10 22 0.9647 -0.145 0 0 29.011 -3.984 1.248
1 11 9 0.9058 0.0000 0 0 30.989 -5.481 4.086
1 12 0 0.7588 -0.546 0 0 30.854 -7.823 7.073
1 13 22 0.6058 -0.935 0 0 28.007 -7.562 9.560
1 14 9 0.5588 0.0000 0 0 28.811 -5.055 12.308
1 15 22 0.7941 0.6207 0 0 31.248 -2.838 10.430
1 16 9 0.8411 0.0000 0 0 28.958 0.171 10.162
1 17 13 0.9352 0.1261 0 0 27.270 -0.003 6.731
1 18 17 0.8176 -0.643 0 0 23.863 1.076 8.026
1 19 0 0.7294 -0.307 0 0 25.302 3.717 10.366
1 20 12 0.8882 0.6673 0 0 27.362 5.203 7.522
1 21 18 0.8764 0.2996 0 0 24.368 5.158 5.185
1 22 11 0.6529 -0.519 0 0 22.069 6.797 7.742
1 23 6 0.6117 -0.386 0 0 24.670 9.449 8.630
1 24 12 0.7 0.6465 0 0 24.826 10.319 4.949
1 25 11 0.5352 0.2838 0 0 21.056 10.452 4.427
1 26 6 0.3294 -0.020 0 0 19.677 11.553 7.778
1 27 2 0.2764 -0.120 0 0 22.643 13.337 9.405
1 28 10 0.1882 -0.201 0 0 22.353 11.518 12.725
1 29 15 0.3000 0.1808 0 0 24.158 8.573 14.319
1 30 22 0.2294 0.0315 0 0 22.011 5.514 14.993
1 31 3 0.1588 -0.940 0 0 23.861 3.086 17.243
1 32 7 0.1235 -0.807 0 0 21.532 0.073 17.042
1 33 20 0.3058 0.4580 0 0 20.166 -0.260 13.521
1 34 3 0.1647 -0.550 0 0 18.509 -3.603 12.854
1 35 16 0.3764 -0.832 0 0 21.389 -5.709 11.462
1 36 18 0.2647 -0.990 0 0 19.022 -7.685 9.213
1 37 11 0.3470 -0.635 0 0 17.264 -4.778 7.495
1 38 7 0.5294 0.2390 0 0 18.369 -4.226 3.908
1 39 3 0.5176 -0.775 0 0 17.053 -1.147 2.151
1 40 17 0.5764 -0.632 0 0 17.677 1.593 -0.394
1 41 20 0.5470 0.2242 0 0 17.850 5.322 0.286
1 42 1 0.4470 -0.417 0 0 17.801 8.262 -2.105
1 43 13 0.4 0.1937 0 0 19.179 11.754 -1.571
1 44 6 0.1999 -0.960 0 0 19.956 14.646 -3.875
1 45 22 0.2705 0.9923 0 0 23.371 16.094 -3.123
1 46 22 0.1294 -0.945 0 0 25.838 18.547 -4.588
1 47 11 0.2823 0.9640 0 0 29.225 17.070 -5.438
1 48 3 0.0764 0.5646 0 0 31.881 19.273 -7.056
1 49 9 0.0058 0.0000 0 0 29.390 22.029 -7.857
1 50 7 0.0411 -0.133 0 0 26.911 19.670 -9.519
1 51 18 0.0529 -0.746 0 0 23.607 18.355 -8.168
1 52 5 0.1941 0.7523 0 0 23.140 14.618 -8.446
1 53 12 0.3529 -0.314 0 0 20.994 11.922 -6.972
1 54 12 0.6352 0.4729 0 0 22.411 9.067 -4.985
1 55 3 0.6470 -0.512 0 0 20.514 5.823 -4.849
1 56 11 0.8647 0.4235 0 0 22.176 3.839 -2.051
1 57 12 0.8588 -0.537 0 0 21.630 0.157 -1.214
1 58 3 0.8823 -0.161 0 0 22.599 -0.799 2.331
1 59 18 0.8470 0.6093 0 0 23.218 -4.555 2.054
1 60 0 0.6176 -0.040 0 0 22.165 -7.402 4.384
1 61 9 0.4529 0.0000 0 0 22.288 -10.251 4.749
1 62 6 0.2411 -0.891 0 0 22.747 -13.680 3.078
1 63 7 0.4294 0.6061 0 0 25.737 -13.107 0.818
1 64 7 0.1352 0.1111 0 0 25.879 -16.235 -1.333
1 65 20 0.0470 -0.561 0 0 23.219 -17.784 -3.560
1 66 17 0.0941 0.7175 0 0 20.962 -14.725 -3.471
1 67 0 0.0588 -0.881 0 0 19.230 -13.539 -6.668
1 68 14 0.1705 -0.173 0 0 18.346 -10.249 -5.021
1 69 1 0.4588 0.6787 0 0 21.935 -9.693 -3.905
1 70 3 0.3647 -0.592 0 0 23.405 -10.544 -7.308
1 71 5 0.3235 -0.865 0 0 20.920 -8.133 -8.853
1 72 20 0.5882 -0.050 0 0 22.123 -5.274 -6.631
1 73 14 0.6647 0.3051 0 0 25.707 -5.937 -7.713
1 74 1 0.4176 -0.974 0 0 24.838 -6.119 -11.423
1 75 18 0.4705 -0.286 0 0 22.887 -2.883 -11.162
1 76 9 0.7470 0.0000 0 0 25.196 -1.039 -8.755
1 77 7 0.7058 -0.593 0 0 27.654 1.345 -10.408
1 78 9 0.8941 0.0000 0 0 30.033 1.741 -7.485
1 79 15 0.9764 -0.766 0 0 30.760 -0.061 -4.237
1 80 12 0.9941 0.6375 0 0 31.773 1.046 -0.773
1 81 5 0.9823 -0.598 0 0 33.732 -1.875 0.644
1 82 22 0.9705 0.4113 0 0 33.605 -1.342 4.388
1 83 15 0.8705 -0.308 0 0 35.605 -2.928 7.170
1 84 0 0.6941 -0.444 0 0 35.920 -1.844 10.833
1 85 11 0.5 -0.104 0 0 39.391 -0.839 11.959
1 86 2 0.2529 0.0632 0 0 39.097 -2.953 15.134
1 87 2 0.3588 0.3452 0 0 37.895 -6.019 13.216
1 88 18 0.2588 -0.881 0 0 40.781 -7.691 11.381
1 89 13 0.2882 -0.237 0 0 38.649 -10.439 9.856
1 90 17 0.5823 0.3955 0 0 36.336 -7.852 8.273
1 91 15 0.6 -0.256 0 0 39.425 -6.306 6.656
1 92 7 0.4058 -0.864 0 0 40.790 -9.687 5.589
1 93 3 0.5235 -0.462 0 0 37.395 -10.569 4.097
1 94 11 0.7647 0.6844 0 0 37.324 -7.455 1.850
1 95 10 0.5411 -0.866 0 0 38.853 -9.493 -0.996
1 96 10 0.5117 -0.273 0 0 35.827 -11.812 -0.877
1 97 20 0.7823 0.3153 0 0 33.435 -8.894 -1.474
1 98 1 0.7352 -0.126 0 0 35.600 -7.583 -4.275
1 99 7 0.4647 -0.474 0 0 35.780 -10.996 -5.955
1 100 6 0.5058 0.2465 0 0 31.985 -11.365 -5.782
1 101 11 0.6588 0.9802 0 0 31.471 -7.945 -7.377
1 102 13 0.4411 -0.000 0 0 33.962 -8.561 -10.196
1 103 1 0.2117 -0.192 0 0 32.308 -11.944 -10.790
1 104 22 0.2941 0.4845 0 0 28.724 -10.694 -10.950
1 105 13 0.3411 0.8165 0 0 29.537 -7.590 -13.019
1 106 3 0.1058 -0.991 0 0 32.061 -9.563 -15.104
1 107 17 0.1470 0.2582 0 0 34.487 -6.648 -15.313
1 108 7 0.1411 -0.641 0 0 38.104 -6.005 -14.361
1 109 3 0.3823 -0.695 0 0 37.471 -2.407 -13.318
1 110 22 0.6411 0.2852 0 0 34.455 -1.501 -11.187
1 111 16 0.8058 -0.527 0 0 34.322 1.752 -9.213
1 112 14 0.9176 -0.187 0 0 35.047 0.934 -5.543
1 113 22 0.9529 0.0409 0 0 36.270 2.702 -2.421
1 114 12 0.9411 -0.732 0 0 37.835 0.916 0.546
1 115 22 0.9470 0.7131 0 0 36.423 2.386 3.760
1 116 9 0.8529 0.0000 0 0 38.067 1.844 7.152
1 117 2 0.8352 0.2573 0 0 35.223 2.579 9.569
1 118 13 0.5529 0.0811 0 0 35.182 3.144 13.330
1 119 17 0.4352 0.2770 0 0 38.106 5.574 13.264
1 120 3 0.1764 0.3302 0 0 36.912 7.051 16.587
1 121 12 0.0999 0.4073 0 0 37.850 3.834 18.437
1 122 16 0.0117 -0.347 0 0 41.178 3.971 20.332
1 123 17 0.0235 -0.139 0 0 42.073 0.313 19.757
1 124 1 0.0705 0.4950 0 0 42.765 -0.603 16.117
1 125 18 0.0647 0.1141 0 0 43.886 -3.951 14.804
1 126 22 0.2176 0.8967 0 0 44.200 -2.836 11.179
1 127 3 0.1117 -0.934 0 0 46.990 -0.347 10.540
1 128 18 0.2235 -0.057 0 0 46.456 2.516 8.129
1 129 13 0.0823 -0.825 0 0 49.492 1.304 6.170
1 130 6 0.1529 -0.363 0 0 47.914 -2.119 5.677
1 131 0 0.4941 0.5322 0 0 44.615 -0.730 4.408
1 132 6 0.3941 -0.660 0 0 46.523 1.700 2.228
1 133 3 0.1823 -0.860 0 0 48.593 -1.141 0.809
1 134 12 0.4117 0.5149 0 0 45.541 -3.252 -0.051
1 135 0 0.5705 0.4747 0 0 43.740 -0.296 -1.651
1 136 1 0.3352 -0.835 0 0 46.806 0.675 -3.669
1 137 17 0.2058 0.2188 0 0 47.108 -2.932 -4.808
1 138 20 0.4823 0.4011 0 0 43.444 -2.862 -5.842
1 139 9 0.4235 0.0000 0 0 43.825 0.500 -7.547
1 140 11 0.6882 0.6863 0 0 41.086 2.094 -5.436
1 141 16 0.7411 0.2539 0 0 40.851 5.034 -3.006
1 142 15 0.8 -0.244 0 0 41.001 4.283 0.717
1 143 11 0.8294 0.3111 0 0 39.174 6.477 3.239
1 144 7 0.7176 -0.770 0 0 38.944 6.272 7.037
1 145 18 0.7764 0.9753 0 0 35.545 7.157 8.505
1 146 17 0.6235 -0.983 0 0 33.576 7.325 11.699
1 147 0 0.6823 0.5022 0 0 29.815 7.012 11.390
1 148 13 0.3882 -0.775 0 0 29.731 7.886 15.085
1 149 18 0.2470 -0.168 0 0 31.308 11.338 14.741
1 150 1 0.4882 0.0743 0 0 30.480 11.626 11.030
1 151 6 0.4764 0.0689 0 0 34.135 12.238 10.170
1 152 9 0.6705 0.0000 0 0 34.845 11.266 6.556
1 153 22 0.8235 -0.091 0 0 31.296 10.102 5.806
1 154 3 0.7235 -0.834 0 0 30.485 12.546 2.973
1 155 3 0.7529 -0.638 0 0 34.033 12.063 1.786
1 156 0 0.9235 0.6013 0 0 33.590 8.303 1.479
1 157 15 0.9294 0.4969 0 0 30.440 8.590 -0.643
1 158 20 0.7882 -0.539 0 0 31.545 11.598 -2.703
1 159 18 0.8117 0.0608 0 0 34.848 9.892 -3.481
1 160 12 0.9 0.7902 0 0 32.974 6.848 -4.788
1 161 22 0.7705 -0.347 0 0 30.779 9.068 -6.950
1 162 1 0.5647 -0.129 0 0 33.999 10.628 -8.245
1 163 7 0.6764 0.2129 0 0 35.331 7.150 -9.057
1 164 11 0.6294 0.5473 0 0 32.164 6.462 -11.026
1 165 1 0.3705 0.0205 0 0 32.649 9.711 -12.957
1 166 13 0.2352 0.3135 0 0 36.158 8.698 -14.060
1 167 10 0.3176 0.3126 0 0 35.037 5.200 -15.069
1 168 13 0.1176 0.3877 0 0 32.514 6.903 -17.359
1 169 7 0.0352 0.2169 0 0 35.128 9.386 -18.696
1 170 13 0.0294 0.4565 0 0 37.639 6.671 -19.625
