1 1 9 0.0 0.0000 0 0 33.497 2.501 -20.915
1 2 14 0.0117 0.1321 0 0 32.166 1.602 -23.220
1 3 18 0.0941 0.2409 0 0 28.821 2.915 -21.999
1 4 7 0.3000 0.0624 0 0 26.533 0.279 -20.522
1 5 20 0.5588 -0.206 0 0 22.781 0.377 -21.008
1 6 13 0.7117 -0.883 0 0 20.486 -1.546 -18.653
1 7 12 0.9058 0.1176 0 0 17.372 -2.705 -20.500
1 8 22 0.9529 -0.629 0 0 14.255 -4.404 -19.129
1 9 22 0.9882 0.2204 0 0 11.829 -6.411 -21.268
1 10 22 0.9647 -0.108 0 0 8.270 -6.454 -19.992
1 11 9 0.9117 0.0000 0 0 4.780 -7.452 -21.102
1 12 0 0.7588 -0.572 0 0 2.178 -10.224 -20.888
1 13 22 0.6235 -0.943 0 0 3.118 -13.894 -20.787
1 14 9 0.5764 0.0000 0 0 3.595 -15.447 -24.215
1 15 22 0.8058 0.6244 0 0 4.206 -12.228 -26.182
1 16 9 0.8470 0.0000 0 0 7.790 -13.115 -27.063
1 17 13 0.9352 0.0616 0 0 9.949 -11.332 -24.443
1 18 17 0.8235 -0.678 0 0 12.293 -14.342 -24.162
1 19 0 0.7411 -0.315 0 0 12.343 -15.009 -27.894
1 20 12 0.8882 0.6415 0 0 13.200 -11.392 -28.670
1 21 18 0.8764 0.2931 0 0 15.949 -11.411 -26.030
1 22 11 0.6470 -0.469 0 0 17.368 -14.743 -27.142
1 23 6 0.5941 -0.371 0 0 17.325 -13.666 -30.814
1 24 12 0.6941 0.6166 0 0 19.339 -10.592 -29.913
1 25 11 0.5235 0.3469 0 0 21.735 -12.506 -27.665
1 26 6 0.3117 -0.052 0 0 21.993 -15.934 -29.310
1 27 2 0.2764 -0.291 0 0 20.844 -15.337 -32.912
1 28 10 0.1941 -0.155 0 0 18.085 -17.948 -33.063
1 29 15 0.3470 0.0404 0 0 14.398 -18.458 -32.454
1 30 22 0.2941 0.6164 0 0 13.088 -20.314 -29.416
1 31 3 0.1470 -0.839 0 0 9.867 -22.272 -29.260
1 32 7 0.0823 -0.986 0 0 10.569 -23.950 -25.915
1 33 20 0.2588 0.5961 0 0 11.682 -21.399 -23.347
1 34 3 0.1647 -0.573 0 0 10.059 -21.820 -19.934
1 35 16 0.3941 -0.798 0 0 7.513 -19.028 -19.410
1 36 18 0.2823 -0.980 0 0 8.441 -18.668 -15.702
1 37 11 0.3588 -0.595 0 0 12.192 -18.227 -16.006
1 38 7 0.5176 0.2748 0 0 13.515 -14.715 -15.446
1 39 3 0.5058 -0.706 0 0 17.137 -14.253 -16.431
1 40 17 0.5823 -0.570 0 0 19.571 -11.590 -17.629
1 41 20 0.5352 0.2484 0 0 21.999 -11.366 -20.554
1 42 1 0.4352 -0.547 0 0 24.925 -9.253 -21.708
1 43 13 0.4 0.2576 0 0 25.982 -8.360 -25.233
1 44 6 0.1764 -0.952 0 0 28.565 -5.903 -26.535
1 45 22 0.2294 0.9815 0 0 27.357 -4.134 -29.686
1 46 22 0.1235 -0.964 0 0 27.943 -1.021 -31.785
1 47 11 0.2882 0.9597 0 0 24.943 1.286 -31.949
1 48 3 0.0999 0.6873 0 0 25.154 4.386 -34.169
1 49 9 0.0058 0.0000 0 0 28.948 4.293 -33.960
1 50 7 0.0529 0.4639 0 0 28.998 3.750 -30.202
1 51 18 0.0470 -0.769 0 0 30.535 0.565 -28.925
1 52 5 0.1529 0.7666 0 0 28.502 -0.271 -25.827
1 53 12 0.3411 -0.428 0 0 27.350 -3.002 -23.504
1 54 12 0.6 0.5119 0 0 23.746 -4.104 -23.167
1 55 3 0.6411 -0.429 0 0 22.583 -5.698 -19.923
1 56 11 0.8588 0.4644 0 0 19.129 -7.083 -20.597
1 57 12 0.8529 -0.414 0 0 16.660 -8.430 -18.089
1 58 3 0.8823 -0.212 0 0 14.089 -10.778 -19.588
1 59 18 0.8411 0.5586 0 0 11.259 -10.646 -17.060
1 60 0 0.6647 -0.446 0 0 8.762 -13.403 -16.189
1 61 9 0.4294 0.0000 0 0 6.111 -13.755 -13.506
1 62 6 0.3647 -0.014 0 0 2.718 -12.208 -12.852
1 63 7 0.1294 -0.235 0 0 2.912 -11.879 -9.071
1 64 7 0.0588 -0.336 0 0 0.537 -9.252 -7.696
1 65 20 0.0411 -0.601 0 0 3.194 -8.458 -5.085
1 66 17 0.1117 0.8680 0 0 6.861 -8.518 -6.113
1 67 0 0.0647 -0.854 0 0 9.844 -6.832 -4.462
1 68 14 0.2058 0.2716 0 0 12.062 -7.787 -7.396
1 69 1 0.4705 -0.089 0 0 9.750 -6.084 -9.885
1 70 3 0.3294 -0.639 0 0 9.576 -2.848 -7.890
1 71 5 0.3235 -0.407 0 0 13.353 -3.110 -7.933
1 72 20 0.5647 0.5620 0 0 14.113 -3.635 -11.599
1 73 14 0.6529 0.2823 0 0 11.532 -0.975 -12.480
1 74 1 0.4058 -0.994 0 0 13.570 1.401 -10.259
1 75 18 0.4529 -0.297 0 0 16.994 0.548 -11.646
1 76 9 0.7294 0.0000 0 0 16.255 -0.254 -15.308
1 77 7 0.7058 -0.568 0 0 17.173 2.607 -17.625
1 78 9 0.8941 0.0000 0 0 14.815 1.669 -20.456
1 79 15 0.9705 -0.787 0 0 11.835 -0.640 -20.946
1 80 12 0.9941 0.6285 0 0 10.848 -2.648 -23.983
1 81 5 0.9823 -0.646 0 0 7.082 -2.963 -23.637
1 82 22 0.9764 0.3599 0 0 6.106 -6.009 -25.682
1 83 15 0.8705 -0.307 0 0 2.701 -7.203 -26.875
1 84 0 0.7 -0.420 0 0 1.837 -9.671 -29.650
1 85 11 0.5 -0.080 0 0 -0.073 -8.505 -32.729
1 86 2 0.2647 0.1030 0 0 -2.310 -11.582 -32.608
1 87 2 0.3705 0.2483 0 0 -3.182 -11.104 -28.928
1 88 18 0.2411 -0.897 0 0 -5.537 -8.216 -28.170
1 89 13 0.3176 -0.350 0 0 -5.367 -8.626 -24.375
1 90 17 0.5882 0.3723 0 0 -1.566 -8.351 -24.361
1 91 15 0.6058 -0.270 0 0 -1.966 -5.012 -26.178
1 92 7 0.4176 -0.995 0 0 -4.478 -3.832 -23.598
1 93 3 0.5529 -0.322 0 0 -2.068 -5.032 -20.904
1 94 11 0.7882 0.6486 0 0 0.621 -2.572 -22.082
1 95 10 0.5411 -0.515 0 0 -1.113 0.184 -20.065
1 96 10 0.5294 -0.211 0 0 -0.628 -1.915 -16.917
1 97 20 0.7823 0.3021 0 0 3.134 -2.257 -17.367
1 98 1 0.7529 -0.076 0 0 3.588 1.373 -18.420
1 99 7 0.4764 -0.617 0 0 1.702 2.753 -15.418
1 100 6 0.4941 0.1997 0 0 3.630 0.495 -12.980
1 101 11 0.6588 0.9935 0 0 6.939 1.761 -14.376
1 102 13 0.4470 -0.015 0 0 5.843 5.404 -14.177
1 103 1 0.1705 -0.037 0 0 4.778 5.096 -10.536
1 104 22 0.2705 0.5079 0 0 8.030 3.391 -9.513
1 105 13 0.3352 0.7242 0 0 10.179 5.942 -11.388
1 106 3 0.0882 -0.993 0 0 7.896 8.815 -10.331
1 107 17 0.1588 0.4188 0 0 8.121 10.101 -13.904
1 108 7 0.2176 -0.580 0 0 6.078 10.646 -17.061
1 109 3 0.3882 -0.358 0 0 9.305 10.484 -19.062
1 110 22 0.6352 0.2814 0 0 10.779 7.018 -18.704
1 111 16 0.7941 -0.547 0 0 12.687 5.646 -21.729
1 112 14 0.9235 -0.132 0 0 10.446 3.033 -23.351
1 113 22 0.9470 0.0792 0 0 9.718 1.526 -26.741
1 114 12 0.9411 -0.719 0 0 6.405 -0.110 -27.656
1 115 22 0.9588 0.6758 0 0 7.096 -3.456 -29.372
1 116 9 0.8647 0.0000 0 0 4.552 -5.254 -31.541
1 117 2 0.8294 0.2671 0 0 5.911 -8.799 -31.821
1 118 13 0.5470 0.0796 0 0 4.989 -11.859 -33.958
1 119 17 0.4411 0.1067 0 0 4.748 -9.769 -37.131
1 120 3 0.1823 0.3311 0 0 5.315 -12.974 -39.107
1 121 12 0.1058 0.3932 0 0 1.862 -14.367 -38.232
1 122 16 0.0176 -0.456 0 0 -1.101 -13.743 -40.568
1 123 17 0.0294 0.3420 0 0 -3.416 -14.239 -37.583
1 124 1 0.0764 0.4750 0 0 -3.423 -10.498 -36.773
1 125 18 0.0705 0.1235 0 0 -5.819 -8.855 -34.275
1 126 22 0.2117 0.8702 0 0 -4.060 -5.611 -33.370
1 127 3 0.1352 -0.928 0 0 -3.766 -3.189 -36.290
1 128 18 0.2470 -0.080 0 0 -0.598 -1.192 -36.896
1 129 13 0.1176 -0.937 0 0 -2.494 2.096 -36.493
1 130 6 0.1882 -0.277 0 0 -3.714 1.164 -32.994
1 131 0 0.5117 0.5179 0 0 -0.179 0.448 -31.868
1 132 6 0.4117 -0.417 0 0 1.213 3.553 -33.499
1 133 3 0.1999 -0.876 0 0 -1.529 5.587 -31.802
1 134 12 0.4588 0.5177 0 0 -0.781 4.115 -28.341
1 135 0 0.6117 0.4169 0 0 2.950 4.840 -28.700
1 136 1 0.3529 -0.378 0 0 2.267 8.388 -29.891
1 137 17 0.2235 0.2356 0 0 0.011 8.938 -26.886
1 138 20 0.4882 0.5028 0 0 2.946 7.850 -24.711
1 139 9 0.4235 0.0000 0 0 5.475 9.834 -26.746
1 140 11 0.6882 0.7307 0 0 7.570 6.724 -27.378
1 141 16 0.7470 0.2438 0 0 8.648 4.844 -30.520
1 142 15 0.8 -0.180 0 0 6.756 1.867 -31.898
1 143 11 0.8352 0.2107 0 0 8.677 -1.008 -33.503
1 144 7 0.7235 -0.852 0 0 7.237 -4.078 -35.274
1 145 18 0.7764 0.9744 0 0 9.272 -7.248 -34.678
1 146 17 0.6294 -0.980 0 0 9.322 -10.953 -35.305
1 147 0 0.6705 0.5354 0 0 11.573 -13.066 -33.092
1 148 13 0.3823 -0.853 0 0 10.831 -15.883 -35.555
1 149 18 0.2352 -0.166 0 0 12.300 -14.125 -38.611
1 150 1 0.4823 0.0760 0 0 14.462 -11.681 -36.600
1 151 6 0.4647 -0.028 0 0 12.745 -8.810 -38.410
1 152 9 0.6764 0.0000 0 0 13.041 -5.619 -36.374
1 153 22 0.8176 -0.097 0 0 14.804 -7.240 -33.406
1 154 3 0.7176 -0.844 0 0 18.070 -5.262 -33.339
1 155 3 0.7352 -0.444 0 0 16.102 -2.137 -34.230
1 156 0 0.9176 0.5798 0 0 13.785 -2.594 -31.207
1 157 15 0.9294 0.4867 0 0 16.618 -2.808 -28.711
1 158 20 0.7705 -0.546 0 0 18.727 -0.158 -30.426
1 159 18 0.8117 -0.003 0 0 15.812 2.251 -30.524
1 160 12 0.9 0.7704 0 0 15.337 1.801 -26.774
1 161 22 0.7647 -0.393 0 0 19.012 2.729 -26.317
1 162 1 0.5705 -0.060 0 0 18.318 5.877 -28.401
1 163 7 0.6823 0.2448 0 0 15.427 6.754 -26.079
1 164 11 0.6176 0.5256 0 0 17.750 6.381 -23.099
1 165 1 0.3764 0.1009 0 0 20.364 8.682 -24.667
1 166 13 0.2529 0.3874 0 0 17.707 11.366 -25.261
1 167 10 0.3058 0.2912 0 0 16.541 11.195 -21.671
1 168 13 0.1411 0.4023 0 0 20.042 11.215 -20.147
1 169 7 0.0352 -0.066 0 0 21.113 14.402 -21.915
1 170 13 0.0235 0.6477 0 0 17.869 16.170 -21.029
