1 1 9 0.0 -0.776 0 0 -27.659 3.454 7.388
1 2 14 0.0176 0.2197 0 0 -23.943 4.026 7.308
1 3 18 0.1117 0.2894 0 0 -22.757 5.916 4.251
1 4 7 0.3529 -0.533 0 0 -22.334 3.837 1.106
1 5 20 0.6176 -0.248 0 0 -19.879 4.845 -1.631
1 6 13 0.7411 -0.906 0 0 -20.804 3.681 -5.119
1 7 12 0.9235 0.0750 0 0 -17.564 2.933 -6.950
1 8 22 0.9588 -0.667 0 0 -17.162 1.790 -10.544
1 9 22 0.9882 0.1939 0 0 -14.014 0.090 -11.862
1 10 22 0.9647 -0.040 0 0 -13.490 0.709 -15.614
1 11 9 0.9058 0.4579 0 0 -10.747 -0.017 -18.147
1 12 0 0.7470 -0.414 0 0 -9.817 -2.263 -21.067
1 13 22 0.6117 -0.931 0 0 -10.253 -6.004 -20.868
1 14 9 0.5588 -0.061 0 0 -7.337 -7.722 -19.188
1 15 22 0.8 0.5857 0 0 -6.021 -4.804 -17.123
1 16 9 0.8411 -0.637 0 0 -6.942 -6.333 -13.763
1 17 13 0.9352 0.0634 0 0 -10.294 -4.789 -12.814
1 18 17 0.8294 -0.669 0 0 -11.628 -8.080 -11.444
1 19 0 0.7117 -0.330 0 0 -8.353 -9.023 -9.762
1 20 12 0.8823 0.6384 0 0 -8.185 -5.600 -8.094
1 21 18 0.8764 0.2614 0 0 -11.751 -5.817 -6.859
1 22 11 0.6352 -0.475 0 0 -11.437 -9.351 -5.496
1 23 6 0.6058 -0.274 0 0 -8.127 -8.479 -3.816
1 24 12 0.7058 0.6702 0 0 -9.801 -5.485 -2.204
1 25 11 0.5352 0.3441 0 0 -12.867 -7.379 -1.034
1 26 6 0.3352 0.0564 0 0 -11.552 -10.906 -0.301
1 27 2 0.3117 -0.066 0 0 -7.812 -10.362 0.155
1 28 10 0.2117 -0.203 0 0 -6.700 -12.910 -2.397
1 29 15 0.3235 0.0913 0 0 -5.361 -12.850 -5.940
1 30 22 0.2647 0.0932 0 0 -7.519 -14.572 -8.522
1 31 3 0.1705 -0.872 0 0 -5.484 -15.124 -11.645
1 32 7 0.1294 -0.826 0 0 -8.346 -16.348 -13.847
1 33 20 0.2823 0.5551 0 0 -11.770 -14.774 -13.674
1 34 3 0.1647 -0.628 0 0 -14.007 -14.813 -16.741
1 35 16 0.4 -0.735 0 0 -13.383 -11.556 -18.618
1 36 18 0.2941 -0.899 0 0 -17.052 -11.272 -19.550
1 37 11 0.3882 -0.514 0 0 -18.536 -11.276 -16.025
1 38 7 0.5235 0.2369 0 0 -19.776 -7.955 -14.628
1 39 3 0.5117 -0.603 0 0 -20.827 -8.122 -11.000
1 40 5 0.5941 -0.341 0 0 -21.112 -5.949 -7.840
1 41 20 0.5764 0.2210 0 0 -19.307 -6.460 -4.633
1 42 1 0.4764 -0.604 0 0 -19.682 -5.071 -1.103
1 43 13 0.4235 0.2212 0 0 -17.337 -4.486 1.838
1 44 6 0.1999 -0.980 0 0 -17.792 -2.690 5.150
1 45 22 0.2411 0.9968 0 0 -14.582 -0.772 5.955
1 46 22 0.1235 -0.980 0 0 -13.197 2.058 8.094
1 47 11 0.2764 0.9634 0 0 -11.649 4.912 6.122
1 48 3 0.0882 0.6185 0 0 -10.156 7.736 8.214
1 49 9 0.0117 0.3022 0 0 -12.348 6.723 11.151
1 50 7 0.0529 0.5089 0 0 -15.608 6.502 9.198
1 51 18 0.0588 -0.653 0 0 -17.345 3.159 9.075
1 52 5 0.1882 0.6364 0 0 -18.816 2.921 5.579
1 53 12 0.3764 -0.195 0 0 -19.785 0.529 2.834
1 54 12 0.6470 0.3888 0 0 -17.990 0.197 -0.494
1 55 3 0.6529 -0.570 0 0 -20.503 -0.808 -3.178
1 56 11 0.8647 0.4765 0 0 -18.328 -1.672 -6.174
1 57 12 0.8588 -0.384 0 0 -19.280 -2.420 -9.759
1 58 3 0.8882 -0.354 0 0 -16.610 -4.464 -11.559
1 59 18 0.8529 0.5913 0 0 -17.377 -3.616 -15.205
1 60 0 0.6764 -0.591 0 0 -16.747 -5.808 -18.209
1 61 9 0.5705 0.9586 0 0 -17.338 -3.468 -21.157
1 62 6 0.3294 -0.391 0 0 -20.189 -3.478 -23.654
1 63 7 0.1588 0.7608 0 0 -23.685 -4.123 -22.339
1 64 7 0.0352 -0.602 0 0 -26.768 -5.799 -23.824
1 65 20 0.0294 -0.780 0 0 -28.106 -2.228 -24.121
1 66 17 0.0764 -0.592 0 0 -26.046 0.973 -23.942
1 67 0 0.0647 -0.962 0 0 -28.717 2.313 -21.546
1 68 14 0.1529 -0.263 0 0 -27.245 -0.076 -18.965
1 69 1 0.4411 -0.122 0 0 -23.831 1.564 -19.296
1 70 3 0.3411 -0.770 0 0 -25.306 5.060 -18.985
1 71 6 0.3000 -0.570 0 0 -27.271 3.872 -15.949
1 72 20 0.5529 0.5887 0 0 -24.235 2.681 -13.984
1 73 14 0.6411 0.3060 0 0 -22.307 5.820 -14.914
1 74 1 0.4294 -0.754 0 0 -25.065 8.048 -13.560
1 75 18 0.4647 -0.165 0 0 -25.438 5.875 -10.449
1 76 9 0.7588 -0.090 0 0 -21.718 5.649 -9.763
1 77 7 0.7352 -0.563 0 0 -20.162 8.338 -7.585
1 78 9 0.8941 -0.641 0 0 -16.518 7.663 -8.379
1 79 15 0.9764 -0.789 0 0 -14.569 5.799 -11.049
1 80 12 0.9941 0.6024 0 0 -11.328 3.841 -10.903
1 81 5 0.9823 -0.627 0 0 -9.870 4.234 -14.379
1 82 22 0.9705 0.4706 0 0 -7.550 1.272 -14.718
1 83 15 0.8705 -0.304 0 0 -4.828 0.568 -17.251
1 84 0 0.6941 -0.260 0 0 -2.039 -2.030 -17.140
1 85 11 0.4941 -0.111 0 0 1.560 -0.777 -17.131
1 86 2 0.2529 -0.052 0 0 2.453 -3.269 -19.903
1 87 2 0.3588 0.5082 0 0 -0.441 -2.394 -22.192
1 88 18 0.2470 -0.862 0 0 -0.125 0.905 -23.992
1 89 13 0.3058 -0.205 0 0 -3.502 0.569 -25.713
1 90 17 0.5882 0.1931 0 0 -5.170 0.262 -22.281
1 91 15 0.5823 -0.264 0 0 -3.478 3.514 -21.287
1 92 7 0.4117 -0.887 0 0 -4.672 5.201 -24.491
1 93 3 0.5470 -0.031 0 0 -8.181 3.923 -23.772
1 94 11 0.7705 0.6711 0 0 -8.287 5.987 -20.547
1 95 10 0.5176 -0.536 0 0 -9.026 9.099 -22.674
1 96 10 0.5058 -0.126 0 0 -12.250 7.415 -23.871
1 97 20 0.7882 0.4148 0 0 -13.354 6.338 -20.366
1 98 1 0.7294 -0.058 0 0 -12.669 9.853 -18.973
1 99 7 0.4529 -0.719 0 0 -14.736 11.420 -21.756
1 100 6 0.5 0.2070 0 0 -17.596 8.945 -21.668
1 101 11 0.6647 0.9965 0 0 -18.165 9.134 -17.888
1 102 13 0.4588 -0.044 0 0 -18.136 12.962 -17.964
1 103 1 0.2176 -0.357 0 0 -20.424 12.901 -20.970
1 104 22 0.2882 0.4775 0 0 -23.059 10.618 -19.448
1 105 13 0.3470 0.8164 0 0 -22.986 12.346 -16.050
1 106 3 0.1058 -0.949 0 0 -23.013 15.716 -17.850
1 107 17 0.1764 0.6220 0 0 -20.439 16.910 -15.343
1 108 7 0.1941 -0.945 0 0 -16.973 18.476 -15.322
1 109 3 0.3647 -0.569 0 0 -16.434 17.359 -11.707
1 110 22 0.6294 0.2403 0 0 -16.537 13.557 -11.481
1 111 16 0.8058 -0.539 0 0 -14.421 11.812 -8.810
1 112 14 0.9117 -0.248 0 0 -11.866 9.586 -10.500
1 113 22 0.9529 0.0865 0 0 -8.512 7.966 -9.755
1 114 12 0.9411 -0.746 0 0 -6.043 6.803 -12.380
1 115 22 0.9470 0.7453 0 0 -4.700 3.325 -11.658
1 116 9 0.8470 0.1594 0 0 -1.720 1.671 -13.373
1 117 2 0.8235 0.3997 0 0 -1.942 -2.007 -12.496
1 118 13 0.5294 0.1104 0 0 0.436 -4.964 -12.740
1 119 17 0.4352 0.5266 0 0 3.282 -3.082 -11.106
1 120 3 0.1823 0.3669 0 0 4.833 -6.344 -10.053
1 121 12 0.0999 0.3685 0 0 5.868 -7.028 -13.621
1 122 16 0.0235 -0.619 0 0 9.190 -5.493 -14.749
1 123 17 0.0411 -0.125 0 0 7.735 -5.681 -18.281
1 124 1 0.0823 0.4218 0 0 6.499 -2.142 -18.768
1 125 18 0.0705 -0.009 0 0 5.447 -0.001 -21.706
1 126 22 0.2235 0.8471 0 0 3.869 2.912 -19.764
1 127 3 0.1176 -0.991 0 0 6.358 4.768 -17.619
1 128 18 0.2294 -0.000 0 0 5.288 6.331 -14.331
1 129 13 0.0941 -0.810 0 0 6.146 9.787 -15.764
1 130 6 0.1411 -0.429 0 0 3.699 9.348 -18.653
1 131 0 0.4823 0.4306 0 0 0.879 8.369 -16.295
1 132 6 0.3823 -0.385 0 0 1.737 11.234 -13.948
1 133 3 0.1470 -0.708 0 0 1.558 13.601 -16.941
1 134 12 0.4176 0.5536 0 0 -1.952 12.363 -17.774
1 135 0 0.5411 0.4499 0 0 -3.193 12.503 -14.170
1 136 1 0.2705 -0.814 0 0 -1.749 16.037 -13.866
1 137 17 0.2058 0.1443 0 0 -3.771 17.072 -16.932
1 138 20 0.4470 0.5782 0 0 -6.922 15.661 -15.318
1 139 9 0.4058 -0.549 0 0 -6.253 16.929 -11.788
1 140 11 0.6705 0.6903 0 0 -6.829 13.499 -10.238
1 141 16 0.7235 0.1831 0 0 -4.680 11.144 -8.175
1 142 15 0.7941 -0.275 0 0 -2.571 8.442 -9.840
1 143 11 0.8117 0.3288 0 0 -1.621 5.211 -8.058
1 144 7 0.7 -0.749 0 0 0.365 2.189 -9.371
1 145 18 0.7764 0.9731 0 0 -1.041 -1.072 -8.082
1 146 17 0.6 -0.997 0 0 -0.428 -4.804 -8.046
1 147 0 0.6823 0.6193 0 0 -3.542 -6.895 -7.588
1 148 13 0.3941 -0.785 0 0 -1.108 -9.811 -7.203
1 149 18 0.2352 -0.279 0 0 0.867 -8.492 -4.196
1 150 1 0.4882 0.1322 0 0 -1.852 -6.077 -2.973
1 151 6 0.4705 -0.473 0 0 0.446 -3.060 -3.225
1 152 9 0.6882 -0.986 0 0 -1.547 0.119 -3.660
1 153 22 0.8352 -0.097 0 0 -4.942 -1.620 -3.649
1 154 3 0.7176 -0.870 0 0 -6.470 -0.109 -0.507
1 155 3 0.7529 -0.440 0 0 -4.908 3.230 -1.504
1 156 0 0.9176 0.3775 0 0 -6.607 3.182 -4.888
1 157 15 0.9294 0.5050 0 0 -10.084 2.500 -3.519
1 158 20 0.7823 -0.543 0 0 -9.788 4.604 -0.355
1 159 18 0.8176 0.0862 0 0 -8.375 7.535 -2.382
1 160 12 0.9 0.8463 0 0 -11.437 7.320 -4.606
1 161 22 0.7647 -0.280 0 0 -13.672 7.557 -1.512
1 162 1 0.5647 -0.098 0 0 -11.687 10.596 -0.402
1 163 7 0.6588 0.4688 0 0 -12.211 12.199 -3.828
1 164 11 0.6235 0.5916 0 0 -15.947 11.562 -3.528
1 165 1 0.3705 0.0614 0 0 -15.944 13.260 -0.114
1 166 13 0.2588 0.2174 0 0 -14.208 16.342 -1.611
1 167 10 0.3176 0.3061 0 0 -16.909 16.525 -4.261
1 168 13 0.1352 0.4128 0 0 -19.730 16.184 -1.735
1 169 7 0.0470 0.1875 0 0 -18.587 19.053 0.509
1 170 13 0.0058 0.6736 0 0 -18.946 21.692 -2.231
