1 1 14 0.0 0.2967 0 0 -1.584 8.792 -21.210
1 2 18 0.0481 0.2558 0 0 0.593 7.347 -18.449
1 3 7 0.2469 -0.409 0 0 2.802 4.349 -19.226
1 4 20 0.5421 -0.252 0 0 4.229 1.984 -16.633
1 5 13 0.6927 -0.901 0 0 7.284 -0.061 -17.618
1 6 12 0.9096 0.1386 0 0 7.341 -3.396 -15.809
1 7 22 0.9518 -0.703 0 0 9.998 -6.105 -15.893
1 8 22 0.9879 0.3215 0 0 9.180 -9.664 -14.910
1 9 22 0.9698 -0.131 0 0 12.202 -11.578 -13.579
1 10 9 0.9277 0.4086 0 0 12.834 -14.928 -11.963
1 11 0 0.7680 -0.406 0 0 14.320 -18.375 -12.564
1 12 22 0.7680 0.0000 0 0 14.320 -18.375 -12.564
1 13 9 0.5963 -0.084 0 0 10.131 -22.138 -15.259
1 14 22 0.8072 0.5869 0 0 8.594 -20.139 -12.441
1 15 9 0.8433 -0.637 0 0 5.780 -18.890 -14.735
1 16 13 0.9457 0.0640 0 0 6.852 -15.458 -15.960
1 17 17 0.8253 -0.659 0 0 5.434 -16.052 -19.416
1 18 0 0.7469 -0.281 0 0 2.293 -17.759 -18.131
1 19 12 0.8975 0.6693 0 0 1.637 -14.890 -15.768
1 20 18 0.8795 0.2622 0 0 2.158 -12.277 -18.436
1 21 11 0.6566 -0.430 0 0 0.012 -14.031 -21.024
1 22 6 0.6144 -0.221 0 0 -2.731 -14.623 -18.440
1 23 12 0.7108 0.6240 0 0 -2.735 -10.943 -17.525
1 24 11 0.5361 0.3422 0 0 -2.811 -9.762 -21.141
1 25 6 0.3253 0.0546 0 0 -4.732 -12.437 -23.031
1 26 2 0.2891 -0.335 0 0 -6.741 -13.988 -20.184
1 27 10 0.1987 -0.252 0 0 -5.751 -17.588 -20.834
1 28 15 0.3493 0.1183 0 0 -3.205 -20.061 -19.501
1 29 22 0.2590 0.0355 0 0 -0.497 -21.106 -21.965
1 30 3 0.1746 -0.854 0 0 1.240 -24.201 -20.742
1 31 7 0.0963 -0.666 0 0 4.277 -24.729 -22.917
1 32 20 0.3012 0.4442 0 0 5.652 -21.414 -23.944
1 33 3 0.1626 -0.611 0 0 9.172 -21.441 -25.341
1 34 16 0.3855 -0.621 0 0 11.426 -20.708 -22.393
1 35 18 0.2409 -0.911 0 0 13.945 -18.887 -24.554
1 36 11 0.3614 -0.503 0 0 11.657 -16.202 -25.905
1 37 7 0.5301 0.1797 0 0 11.942 -12.751 -24.317
1 38 3 0.5180 -0.639 0 0 9.306 -10.247 -25.423
1 39 5 0.5662 -0.358 0 0 7.300 -7.150 -24.542
1 40 20 0.5783 0.2063 0 0 3.545 -7.258 -23.950
1 41 1 0.4518 -0.308 0 0 1.657 -4.009 -24.061
1 42 13 0.3674 0.1600 0 0 -1.927 -3.446 -22.966
1 43 6 0.1325 -0.957 0 0 -4.169 -0.561 -21.999
1 44 22 0.2108 0.9978 0 0 -5.877 -1.049 -18.646
1 45 22 0.0783 -0.969 0 0 -7.689 0.890 -15.926
1 46 11 0.2048 0.9690 0 0 -6.222 0.932 -12.443
1 47 3 0.0421 0.6154 0 0 -7.875 2.718 -9.521
1 48 9 0.0060 0.3261 0 0 -9.713 4.772 -12.140
1 49 7 0.0240 0.4883 0 0 -6.504 6.041 -13.668
1 50 18 0.0301 -0.706 0 0 -6.358 4.735 -17.192
1 51 5 0.1445 0.6225 0 0 -2.827 3.244 -17.972
1 52 12 0.2951 -0.432 0 0 -0.601 1.716 -20.473
1 53 12 0.5903 0.4514 0 0 1.375 -1.262 -19.175
1 54 3 0.6385 -0.757 0 0 4.567 -2.196 -20.999
1 55 11 0.8614 0.4397 0 0 5.607 -5.631 -19.619
1 56 12 0.8493 -0.464 0 0 8.962 -7.253 -20.343
1 57 3 0.8855 -0.294 0 0 8.799 -11.049 -20.031
1 58 18 0.8313 0.5972 0 0 12.487 -11.997 -19.581
1 59 0 0.6265 -0.691 0 0 14.428 -15.027 -20.800
1 60 9 0.5120 0.4948 0 0 17.286 -16.508 -18.806
1 61 6 0.2228 -0.128 0 0 19.980 -16.513 -21.485
1 62 7 0.3554 0.0429 0 0 19.751 -12.719 -21.649
1 63 7 0.4337 0.1978 0 0 20.721 -12.247 -17.985
1 64 20 0.1204 0.0508 0 0 24.143 -10.671 -18.356
1 65 17 0.0722 0.5967 0 0 23.586 -8.998 -21.732
1 66 0 0.0361 -0.973 0 0 24.085 -5.294 -22.266
1 67 14 0.1144 -0.118 0 0 20.467 -5.137 -23.443
1 68 1 0.4277 0.7392 0 0 19.202 -6.610 -20.186
1 69 3 0.3192 -0.611 0 0 21.045 -3.898 -18.264
1 70 6 0.1927 -0.641 0 0 19.476 -1.195 -20.388
1 71 20 0.4879 -0.032 0 0 16.007 -2.752 -19.953
1 72 14 0.6024 0.4188 0 0 16.546 -2.761 -16.208
1 73 1 0.3734 -0.661 0 0 17.570 0.887 -16.183
1 74 18 0.3975 -0.223 0 0 14.495 1.781 -18.250
1 75 9 0.6807 -0.104 0 0 12.174 -0.427 -16.193
1 76 7 0.6686 -0.552 0 0 10.259 1.356 -13.451
1 77 9 0.8674 -0.661 0 0 9.203 -1.670 -11.442
1 78 15 0.9638 -0.766 0 0 10.019 -5.342 -11.076
1 79 12 0.9939 0.6144 0 0 7.913 -8.404 -10.514
1 80 5 0.9819 -0.718 0 0 10.234 -10.890 -8.836
1 81 22 0.9759 0.5321 0 0 8.712 -14.296 -9.377
1 82 15 0.8734 -0.328 0 0 9.380 -17.635 -7.764
1 83 0 0.7289 -0.281 0 0 7.291 -20.827 -7.707
1 84 11 0.5 -0.082 0 0 5.880 -22.082 -4.408
1 85 2 0.2771 -0.027 0 0 6.948 -25.633 -5.242
1 86 2 0.2771 0.0000 0 0 6.948 -25.633 -5.242
1 87 18 0.2771 0.0000 0 0 6.948 -25.633 -5.242
1 88 13 0.3373 -0.262 0 0 15.750 -22.875 -5.491
1 89 17 0.6084 0.2041 0 0 13.635 -20.336 -7.437
1 90 15 0.6204 -0.282 0 0 12.768 -18.733 -4.083
1 91 7 0.4156 -0.876 0 0 16.419 -18.649 -3.083
1 92 3 0.5542 -0.044 0 0 17.237 -17.065 -6.456
1 93 11 0.7831 0.6988 0 0 15.149 -14.037 -5.495
1 94 10 0.5060 -0.537 0 0 18.116 -12.719 -3.429
1 95 10 0.4819 -0.143 0 0 20.211 -12.727 -6.600
1 96 20 0.7771 0.3922 0 0 17.647 -10.869 -8.775
1 97 1 0.7048 -0.082 0 0 17.000 -8.367 -5.982
1 98 7 0.4397 -0.511 0 0 20.706 -7.472 -5.618
1 99 6 0.4759 0.3005 0 0 21.143 -7.288 -9.418
1 100 11 0.6506 0.9891 0 0 18.278 -4.859 -9.873
1 101 13 0.4216 -0.028 0 0 19.465 -2.571 -7.045
1 102 1 0.1506 -0.148 0 0 22.996 -2.619 -8.478
1 103 22 0.2349 0.5218 0 0 22.085 -2.038 -12.128
1 104 13 0.3132 0.7762 0 0 19.694 0.775 -11.235
1 105 3 0.0602 -0.905 0 0 22.133 2.088 -8.610
1 106 17 0.1024 0.4982 0 0 19.450 2.467 -5.934
1 107 7 0.1265 -0.785 0 0 18.316 0.939 -2.662
1 108 3 0.3433 -0.512 0 0 14.609 1.719 -3.188
1 109 22 0.5722 0.2711 0 0 13.280 0.282 -6.445
1 110 16 0.7530 -0.559 0 0 9.540 -0.460 -6.964
1 111 14 0.9036 -0.206 0 0 9.149 -4.239 -6.630
1 112 22 0.9397 0.0831 0 0 6.636 -6.939 -5.716
1 113 12 0.9337 -0.697 0 0 7.503 -10.476 -4.689
1 114 22 0.9578 0.7300 0 0 5.330 -13.076 -6.424
1 115 9 0.8554 0.1317 0 0 4.940 -16.692 -5.404
1 116 2 0.8373 0.4045 0 0 3.419 -18.438 -8.381
1 117 13 0.5843 0.1233 0 0 1.818 -21.830 -9.014
1 118 17 0.4578 0.4783 0 0 -0.414 -21.555 -5.948
1 119 3 0.1807 0.3684 0 0 -2.820 -24.079 -7.469
1 120 12 0.0903 0.4196 0 0 -0.233 -26.849 -7.085
1 121 16 0.0120 -0.431 0 0 -0.576 -29.097 -4.046
1 122 17 0.0180 -0.457 0 0 3.062 -29.810 -3.332
1 123 1 0.0662 0.4787 0 0 4.188 -26.635 -1.591
1 124 18 0.0542 -0.044 0 0 7.842 -26.367 -0.504
1 125 22 0.2289 0.8233 0 0 7.922 -22.627 0.208
1 126 3 0.1084 -0.929 0 0 5.742 -21.353 3.009
1 127 18 0.3072 -0.042 0 0 3.818 -18.107 2.624
1 128 13 0.0843 -0.878 0 0 5.308 -16.936 5.912
1 129 6 0.1385 -0.073 0 0 8.890 -17.185 4.761
1 130 0 0.4939 0.4450 0 0 7.976 -15.290 1.541
1 131 6 0.3915 -0.335 0 0 6.170 -12.646 3.605
1 132 3 0.1566 -0.767 0 0 9.208 -12.365 5.883
1 133 12 0.4096 0.4716 0 0 11.526 -11.875 2.924
1 134 0 0.5602 0.4904 0 0 9.214 -9.243 1.370
1 135 1 0.2650 -0.698 0 0 9.044 -7.408 4.722
1 136 17 0.1686 0.1529 0 0 12.834 -7.366 4.917
1 137 20 0.4457 0.5301 0 0 12.813 -5.806 1.420
1 138 9 0.3795 -0.529 0 0 9.892 -3.523 2.336
1 139 11 0.6626 0.6834 0 0 7.810 -4.723 -0.611
1 140 16 0.6987 0.1839 0 0 4.458 -6.404 -1.063
1 141 15 0.7891 -0.170 0 0 4.160 -10.208 -1.394
1 142 11 0.8192 0.1048 0 0 1.361 -11.573 -3.672
1 143 7 0.7409 -0.840 0 0 0.677 -15.273 -4.262
1 144 18 0.8012 0.9624 0 0 -0.559 -16.140 -7.744
1 145 17 0.6445 -0.997 0 0 -1.696 -18.873 -10.075
1 146 0 0.6867 0.6124 0 0 -1.221 -18.145 -13.765
1 147 13 0.4036 -0.753 0 0 -3.368 -21.201 -14.350
1 148 18 0.2530 -0.260 0 0 -6.448 -20.120 -12.423
1 149 1 0.4698 -0.114 0 0 -5.958 -16.363 -12.542
1 150 6 0.4638 -0.552 0 0 -5.770 -16.157 -8.754
1 151 9 0.6746 -0.989 0 0 -3.837 -13.080 -7.695
1 152 22 0.8132 -0.055 0 0 -2.617 -12.199 -11.205
1 153 3 0.7168 -0.871 0 0 -4.217 -8.773 -11.657
1 154 3 0.7228 -0.493 0 0 -3.390 -7.999 -8.017
1 155 0 0.9156 0.4260 0 0 0.301 -8.746 -8.566
1 156 15 0.9216 0.5292 0 0 0.650 -6.497 -11.571
1 157 20 0.7590 -0.525 0 0 -1.625 -3.726 -10.300
1 158 18 0.7951 0.0857 0 0 0.111 -3.703 -6.950
1 159 12 0.8915 0.8152 0 0 3.398 -3.175 -8.821
1 160 22 0.7349 -0.278 0 0 1.859 -0.178 -10.618
1 161 1 0.5240 -0.096 0 0 0.882 1.224 -7.212
1 162 7 0.6325 0.5080 0 0 4.456 0.755 -6.042
1 163 11 0.5481 0.5936 0 0 5.666 2.782 -9.022
1 164 1 0.3313 0.0580 0 0 3.102 5.517 -8.245
1 165 13 0.1867 0.4094 0 0 4.281 5.687 -4.631
1 166 10 0.2168 0.4639 0 0 7.916 6.080 -5.681
0 167 13 0 0 0 0 7.916 6.080 -5.681
0 168 7 0 0 0 0 7.916 6.080 -5.681
0 169 13 0 0 0 0 7.916 6.080 -5.681
