1 1 9 0.0 -0.771 0 0 27.700 45.075 84.375
1 2 14 0.0176 0.2040 0 0 23.961 45.646 84.457
1 3 18 0.1117 0.2660 0 0 22.765 47.618 87.446
1 4 7 0.3529 -0.511 0 0 22.377 45.646 90.682
1 5 20 0.6 -0.229 0 0 19.989 46.664 93.444
1 6 13 0.7411 -0.843 0 0 20.834 45.407 96.945
1 7 12 0.9176 0.0643 0 0 17.556 44.709 98.716
1 8 22 0.9588 -0.664 0 0 17.201 43.536 102.321
1 9 22 0.9882 0.2376 0 0 14.043 41.861 103.701
1 10 22 0.9647 -0.046 0 0 13.544 42.425 107.446
1 11 9 0.9058 0.4355 0 0 10.782 41.728 109.949
1 12 0 0.7588 -0.407 0 0 9.814 39.446 112.827
1 13 22 0.6117 -0.930 0 0 10.272 35.713 112.613
1 14 9 0.5529 -0.084 0 0 7.310 34.021 110.993
1 15 22 0.8 0.5984 0 0 5.965 36.937 108.908
1 16 9 0.8411 -0.618 0 0 6.915 35.365 105.568
1 17 13 0.9352 0.0768 0 0 10.280 36.920 104.605
1 18 17 0.8235 -0.674 0 0 11.588 33.622 103.230
1 19 0 0.7176 -0.322 0 0 8.337 32.732 101.479
1 20 12 0.8823 0.6364 0 0 8.237 36.168 99.842
1 21 18 0.8764 0.2216 0 0 11.833 35.914 98.708
1 22 11 0.6470 -0.482 0 0 11.409 32.441 97.284
1 23 6 0.6205 -0.259 0 0 8.272 33.495 95.407
1 24 12 0.6205 0.0000 0 0 8.272 33.495 95.407
1 25 11 0.5294 0.3282 0 0 13.269 34.235 92.961
1 26 6 0.3352 0.0490 0 0 11.720 30.802 92.140
1 27 2 0.3176 -0.062 0 0 7.980 31.483 91.590
1 28 10 0.2117 -0.198 0 0 6.756 28.876 94.067
1 29 15 0.3235 0.1055 0 0 5.402 28.931 97.607
1 30 22 0.2588 0.2003 0 0 7.168 27.177 100.506
1 31 3 0.1235 -0.869 0 0 5.113 25.879 103.472
1 32 7 0.1294 -0.823 0 0 8.235 25.396 105.535
1 33 20 0.3000 0.5203 0 0 11.612 27.061 105.424
1 34 3 0.1705 -0.620 0 0 13.916 26.891 108.451
1 35 16 0.4 -0.685 0 0 13.322 30.130 110.409
1 36 18 0.2764 -0.907 0 0 16.968 30.369 111.336
1 37 11 0.3823 -0.536 0 0 18.499 30.414 107.832
1 38 7 0.5235 0.2431 0 0 19.691 33.732 106.369
1 39 3 0.5176 -0.625 0 0 20.833 33.832 102.744
1 40 5 0.5823 -0.533 0 0 21.583 36.140 99.844
1 41 20 0.5705 0.2326 0 0 19.697 35.414 96.591
1 42 1 0.4764 -0.604 0 0 20.099 36.832 93.083
1 43 13 0.4176 0.0712 0 0 17.727 37.178 90.147
1 44 6 0.1999 -0.982 0 0 17.907 38.980 86.799
1 45 22 0.2647 0.9993 0 0 14.670 40.815 86.036
1 46 22 0.1352 -0.979 0 0 13.275 43.598 83.882
1 47 11 0.2705 0.9682 0 0 11.717 46.504 85.726
1 48 3 0.0882 0.6037 0 0 10.214 49.317 83.619
1 49 9 0.0117 0.3055 0 0 12.372 48.243 80.692
1 50 7 0.0529 0.5011 0 0 15.612 48.075 82.647
1 51 18 0.0588 -0.692 0 0 17.371 44.739 82.740
1 52 5 0.1764 0.6469 0 0 18.857 44.590 86.208
1 53 12 0.3588 -0.328 0 0 20.057 42.257 88.920
1 54 12 0.6411 0.4193 0 0 18.276 42.019 92.263
1 55 3 0.6823 -0.693 0 0 20.443 40.927 95.181
1 56 11 0.8705 0.3981 0 0 18.018 39.999 97.970
1 57 12 0.8588 -0.418 0 0 19.129 39.306 101.533
1 58 3 0.8882 -0.373 0 0 16.510 37.209 103.340
1 59 18 0.8529 0.5770 0 0 17.374 38.074 106.929
1 60 0 0.6764 -0.580 0 0 16.761 35.850 109.950
1 61 9 0.5764 0.9614 0 0 17.299 38.198 112.877
1 62 6 0.3294 -0.423 0 0 20.211 38.052 115.334
1 63 7 0.1941 0.7322 0 0 23.688 37.517 113.881
1 64 7 0.0411 -0.629 0 0 26.751 35.848 115.377
1 65 20 0.0294 -0.785 0 0 28.081 39.406 115.813
1 66 17 0.0764 -0.519 0 0 26.069 42.605 115.764
1 67 0 0.0647 -0.961 0 0 28.674 44.014 113.394
1 68 14 0.1647 -0.263 0 0 27.204 41.703 110.758
1 69 1 0.4352 -0.142 0 0 23.788 43.336 111.148
1 70 3 0.3411 -0.782 0 0 25.247 46.794 110.895
1 71 6 0.2941 -0.557 0 0 27.206 45.721 107.793
1 72 20 0.5647 0.5698 0 0 24.153 44.610 105.845
1 73 14 0.6529 0.3027 0 0 22.182 47.626 106.906
1 74 1 0.4294 -0.877 0 0 24.938 49.969 105.755
1 75 18 0.4588 -0.205 0 0 25.453 48.058 102.500
1 76 9 0.7470 -0.106 0 0 21.780 47.528 101.659
1 77 7 0.7294 -0.562 0 0 20.182 50.088 99.368
1 78 9 0.8941 -0.633 0 0 16.526 49.442 100.193
1 79 15 0.9764 -0.791 0 0 14.596 47.537 102.853
1 80 12 0.9941 0.5837 0 0 11.335 45.625 102.725
1 81 5 0.9823 -0.624 0 0 9.893 45.946 106.211
1 82 22 0.9705 0.4771 0 0 7.536 42.987 106.518
1 83 15 0.8647 -0.299 0 0 4.825 42.288 109.076
1 84 0 0.7 -0.257 0 0 2.000 39.722 108.958
1 85 11 0.4941 -0.101 0 0 -1.583 40.993 108.949
1 86 2 0.2529 -0.049 0 0 -2.522 38.501 111.673
1 87 2 0.3647 0.5157 0 0 0.413 39.331 113.962
1 88 18 0.2352 -0.885 0 0 0.091 42.600 115.833
1 89 13 0.3058 -0.210 0 0 3.523 42.279 117.520
1 90 17 0.5941 0.1937 0 0 5.158 41.981 114.081
1 91 15 0.5882 -0.255 0 0 3.482 45.252 113.113
1 92 7 0.4117 -0.884 0 0 4.629 46.934 116.316
1 93 3 0.5470 -0.013 0 0 8.147 45.659 115.578
1 94 11 0.7705 0.6642 0 0 8.244 47.783 112.392
1 95 10 0.5117 -0.553 0 0 8.956 50.862 114.498
1 96 10 0.5058 -0.169 0 0 12.199 49.273 115.690
1 97 20 0.7882 0.4365 0 0 13.280 48.181 112.199
1 98 1 0.7117 -0.062 0 0 12.596 51.692 110.804
1 99 7 0.4529 -0.841 0 0 14.645 53.257 113.570
1 100 6 0.5 0.0143 0 0 17.510 50.792 113.558
1 101 11 0.6588 0.9978 0 0 18.150 50.932 109.821
1 102 13 0.4647 -0.069 0 0 18.101 54.733 109.811
1 103 1 0.2235 -0.365 0 0 20.391 54.695 112.827
1 104 22 0.2882 0.4993 0 0 22.990 52.431 111.223
1 105 13 0.3470 0.8248 0 0 22.897 54.238 107.901
1 106 3 0.0999 -0.952 0 0 22.906 57.581 109.724
1 107 17 0.1529 0.5962 0 0 20.345 58.785 107.231
1 108 7 0.1823 -0.965 0 0 16.853 60.268 107.175
1 109 3 0.3705 -0.560 0 0 16.310 59.142 103.560
1 110 22 0.6352 0.2223 0 0 16.494 55.338 103.308
1 111 16 0.8058 -0.551 0 0 14.448 53.572 100.615
1 112 14 0.9117 -0.229 0 0 11.877 51.349 102.290
1 113 22 0.9529 0.0723 0 0 8.516 49.711 101.569
1 114 12 0.9411 -0.758 0 0 6.088 48.541 104.249
1 115 22 0.9470 0.7361 0 0 4.720 45.059 103.464
1 116 9 0.8470 0.1624 0 0 1.719 43.435 105.132
1 117 2 0.8294 0.3817 0 0 1.979 39.771 104.260
1 118 13 0.5352 0.1012 0 0 -0.452 36.839 104.524
1 119 17 0.4411 0.4866 0 0 -3.264 38.780 102.880
1 120 3 0.1882 0.3698 0 0 -4.823 35.514 101.701
1 121 12 0.1058 0.3549 0 0 -5.962 34.965 105.311
1 122 16 0.0235 -0.620 0 0 -9.250 36.494 106.444
1 123 17 0.0352 -0.118 0 0 -7.819 36.185 109.965
1 124 1 0.0823 0.4000 0 0 -6.493 39.673 110.572
1 125 18 0.0705 0.0097 0 0 -5.474 41.799 113.526
1 126 22 0.2176 0.8486 0 0 -3.924 44.700 111.574
1 127 3 0.1176 -0.990 0 0 -6.383 46.584 109.355
1 128 18 0.2294 0.0010 0 0 -5.260 48.178 106.122
1 129 13 0.0941 -0.829 0 0 -6.049 51.608 107.615
1 130 6 0.1470 -0.249 0 0 -3.588 51.156 110.463
1 131 0 0.4823 0.4258 0 0 -0.796 50.130 108.096
1 132 6 0.3882 -0.407 0 0 -1.601 52.983 105.728
1 133 3 0.1588 -0.719 0 0 -1.411 55.393 108.669
1 134 12 0.4235 0.5307 0 0 2.057 54.130 109.587
1 135 0 0.5411 0.4553 0 0 3.318 54.240 105.985
1 136 1 0.2823 -0.816 0 0 1.905 57.769 105.655
1 137 17 0.2058 0.1281 0 0 3.891 58.844 108.725
1 138 20 0.4470 0.5544 0 0 7.083 57.415 107.176
1 139 9 0.4058 -0.542 0 0 6.443 58.724 103.664
1 140 11 0.6705 0.6936 0 0 6.885 55.272 102.124
1 141 16 0.7352 0.1804 0 0 4.717 52.913 100.084
1 142 15 0.7941 -0.266 0 0 2.580 50.209 101.695
1 143 11 0.8176 0.3370 0 0 1.680 46.986 99.870
1 144 7 0.7058 -0.733 0 0 -0.332 43.993 101.112
1 145 18 0.7764 0.9768 0 0 1.070 40.715 99.837
1 146 17 0.6058 -0.998 0 0 0.432 37.007 99.859
1 147 0 0.6882 0.6150 0 0 3.493 34.852 99.372
1 148 13 0.3941 -0.762 0 0 1.014 31.982 99.081
1 149 18 0.2470 -0.303 0 0 -0.882 33.271 96.035
1 150 1 0.4882 0.1230 0 0 1.874 35.645 94.848
1 151 6 0.4705 -0.450 0 0 -0.459 38.638 95.018
1 152 9 0.6941 -0.987 0 0 1.562 41.853 95.443
1 153 22 0.8352 -0.112 0 0 4.953 40.106 95.464
1 154 3 0.7235 -0.879 0 0 6.447 41.626 92.350
1 155 3 0.7529 -0.445 0 0 4.874 44.960 93.298
1 156 0 0.9235 0.3963 0 0 6.630 44.913 96.682
1 157 15 0.9294 0.4893 0 0 10.093 44.242 95.314
1 158 20 0.7823 -0.542 0 0 9.721 46.359 92.175
1 159 18 0.8117 0.0870 0 0 8.346 49.296 94.186
1 160 12 0.9 0.8400 0 0 11.399 49.083 96.430
1 161 22 0.7647 -0.286 0 0 13.630 49.275 93.340
1 162 1 0.5588 -0.093 0 0 11.700 52.329 92.201
1 163 7 0.6647 0.4762 0 0 12.217 53.943 95.620
1 164 11 0.6294 0.5973 0 0 15.958 53.281 95.339
1 165 1 0.3764 0.0651 0 0 15.966 54.914 91.886
1 166 13 0.2411 0.2235 0 0 14.275 58.041 93.305
1 167 10 0.3117 0.3349 0 0 16.887 58.232 96.033
1 168 13 0.1411 0.4332 0 0 19.792 57.840 93.583
1 169 7 0.0470 0.1773 0 0 18.649 60.614 91.246
1 170 13 0.0058 0.6574 0 0 18.948 63.303 93.942
