1 1 14 0.0059 0.3266 0 0 64.044 51.615 33.423
1 2 18 0.0773 0.1513 0 0 62.439 54.794 32.359
1 3 7 0.2619 0.0338 0 0 63.968 58.232 32.801
1 4 20 0.5476 -0.169 0 0 61.817 61.333 33.161
1 5 13 0.6904 -0.515 0 0 63.343 64.814 33.163
1 6 12 0.9047 0.1885 0 0 61.321 67.068 35.557
1 7 22 0.9523 -0.692 0 0 61.816 70.843 36.298
1 8 22 0.9880 0.2826 0 0 60.679 72.367 39.654
1 9 22 0.9642 -0.305 0 0 59.571 76.046 39.028
1 10 9 0.9285 0.0000 0 0 57.884 78.740 41.117
1 11 0 0.7678 -0.568 0 0 58.552 81.987 42.956
1 12 9 0.6666 0.0000 0 0 61.571 81.785 45.217
1 13 9 0.5952 0.0000 0 0 60.642 80.873 48.888
1 14 22 0.8095 0.6770 0 0 57.641 78.485 47.990
1 15 9 0.8630 0.0000 0 0 59.206 75.188 48.745
1 16 13 0.9404 0.0632 0 0 61.144 73.950 45.708
1 17 17 0.8154 -0.594 0 0 64.267 72.923 47.617
1 18 0 0.7440 -0.404 0 0 62.267 71.492 50.525
1 19 12 0.8928 0.7715 0 0 59.850 69.572 48.299
1 20 18 0.8869 0.3626 0 0 62.712 68.222 46.310
1 21 11 0.6607 -0.616 0 0 64.894 67.298 49.352
1 22 6 0.6190 -0.283 0 0 61.944 65.446 50.785
1 23 12 0.7083 0.5694 0 0 61.394 63.224 47.762
1 24 11 0.5357 0.2473 0 0 65.128 62.744 47.373
1 25 6 0.3214 -0.144 0 0 66.101 62.201 51.012
1 26 2 0.3095 -0.207 0 0 63.098 62.153 53.100
1 27 10 0.1785 -0.243 0 0 64.022 65.084 55.356
1 28 15 0.3690 0.0468 0 0 62.546 68.572 55.547
1 29 22 0.3273 0.1104 0 0 65.223 71.079 54.904
1 30 3 0.1964 -0.894 0 0 64.768 74.734 55.880
1 31 7 0.1011 -0.829 0 0 67.979 76.618 55.533
1 32 20 0.3035 0.5826 0 0 68.580 75.393 51.926
1 33 3 0.1666 -0.589 0 0 70.485 78.000 50.019
1 34 16 0.3809 -0.731 0 0 68.030 80.053 48.116
1 35 18 0.2797 -0.964 0 0 70.396 80.413 45.243
1 36 11 0.375 -0.525 0 0 71.494 76.907 44.741
1 37 7 0.5119 0.2719 0 0 70.255 75.502 41.473
1 38 3 0.5178 -0.768 0 0 70.820 71.832 41.373
1 39 17 0.6071 -0.653 0 0 69.497 68.683 39.905
1 40 20 0.5535 0.2050 0 0 68.865 65.468 41.831
1 41 1 0.4583 -0.504 0 0 68.233 61.842 40.903
1 42 13 0.4464 0.2845 0 0 65.767 59.481 42.326
1 43 6 0.2023 -0.989 0 0 65.010 55.962 41.386
1 44 22 0.2380 0.8878 0 0 61.378 55.053 41.951
1 45 22 0.1190 -0.992 0 0 58.776 52.612 40.754
1 46 11 0.2142 0.9705 0 0 55.456 54.191 39.760
1 47 3 0.0476 0.6374 0 0 52.628 52.129 38.596
1 48 9 0.0 0.0000 0 0 54.905 49.123 38.103
1 49 7 0.0297 0.5539 0 0 57.352 51.147 36.085
1 50 18 0.0357 -0.680 0 0 61.008 51.663 37.190
1 51 5 0.2261 0.5483 0 0 61.652 55.338 36.816
1 52 12 0.3452 -0.354 0 0 64.729 57.485 37.042
1 53 12 0.6369 0.4512 0 0 63.588 60.972 37.980
1 54 3 0.6309 -0.436 0 0 66.207 63.547 37.025
1 55 11 0.8571 0.5632 0 0 64.970 66.729 38.777
1 56 12 0.8452 -0.399 0 0 66.172 70.310 38.235
1 57 3 0.8809 -0.182 0 0 65.540 72.290 41.450
1 58 18 0.8392 0.4932 0 0 65.530 75.799 40.013
1 59 0 0.6488 -0.376 0 0 66.924 78.902 41.618
1 60 9 0.4107 0.0000 0 0 67.956 82.378 40.426
1 61 6 0.3154 0.2012 0 0 65.797 85.311 39.135
1 62 7 0.0952 -0.804 0 0 66.825 87.216 35.985
1 63 7 0.0416 -0.778 0 0 70.362 85.849 35.532
1 64 20 0.0714 0.2122 0 0 70.300 83.028 32.804
1 65 17 0.1309 0.4892 0 0 71.786 79.480 32.954
1 66 0 0.0654 -0.750 0 0 72.927 76.740 30.572
1 67 14 0.2916 -0.130 0 0 71.502 74.021 32.738
1 68 1 0.5 0.1455 0 0 68.216 75.788 33.285
1 69 3 0.3392 -0.731 0 0 67.888 76.455 29.625
1 70 6 0.2857 -0.866 0 0 68.625 72.920 28.720
1 71 20 0.5654 0.2152 0 0 66.307 71.409 31.316
1 72 14 0.625 0.4438 0 0 63.764 73.933 30.286
1 73 1 0.3928 -0.847 0 0 63.722 73.011 26.661
1 74 18 0.4285 -0.378 0 0 64.422 69.307 27.340
1 75 9 0.7023 0.0000 0 0 62.329 68.812 30.574
1 76 7 0.6964 -0.614 0 0 59.394 66.468 30.279
1 77 9 0.875 0.0000 0 0 57.218 67.995 32.791
1 78 15 0.9702 -0.775 0 0 57.262 70.824 35.190
1 79 12 0.9940 0.6161 0 0 56.121 71.041 38.812
1 80 5 0.9821 -0.731 0 0 54.658 74.483 39.296
1 81 22 0.9761 0.4395 0 0 55.097 75.517 42.866
1 82 15 0.8690 -0.363 0 0 53.332 78.136 44.862
1 83 0 0.7202 -0.433 0 0 53.006 78.801 48.516
1 84 11 0.5059 -0.118 0 0 49.520 78.483 50.066
1 85 2 0.25 0.0703 0 0 50.153 81.400 52.382
1 86 2 0.3511 0.3348 0 0 51.745 83.636 49.799
1 87 18 0.2202 -0.833 0 0 49.632 85.317 47.313
1 88 13 0.2738 -0.210 0 0 52.131 86.847 45.046
1 89 17 0.5892 0.4788 0 0 53.602 83.346 44.663
1 90 15 0.6011 -0.286 0 0 50.221 82.071 43.479
1 91 7 0.4166 -0.861 0 0 49.706 84.988 41.099
1 92 3 0.5416 -0.219 0 0 53.131 84.317 39.681
1 93 11 0.7738 0.7509 0 0 52.023 80.855 38.537
1 94 10 0.5238 -0.896 0 0 50.620 82.236 35.349
1 95 6 0.4880 -0.688 0 0 54.019 83.730 34.322
1 96 20 0.7797 0.3141 0 0 55.920 80.466 34.950
1 97 1 0.7321 -0.151 0 0 53.308 78.691 32.939
1 98 7 0.4523 -0.799 0 0 53.687 81.317 30.230
1 99 6 0.4940 0.5426 0 0 57.507 80.984 30.234
1 100 11 0.6726 0.9591 0 0 57.365 77.185 30.023
1 101 13 0.4345 -0.058 0 0 55.065 77.398 26.998
1 102 1 0.1607 -0.084 0 0 57.217 79.913 25.234
1 103 22 0.2678 0.6698 0 0 60.255 77.767 25.482
1 104 13 0.3333 0.7279 0 0 58.424 74.533 24.676
1 105 3 0.0892 -0.949 0 0 56.584 76.618 22.186
1 106 17 0.1369 0.1900 0 0 53.516 74.594 23.119
1 107 3 0.1845 -0.645 0 0 50.268 74.562 25.013
1 108 3 0.3630 -0.638 0 0 50.259 70.976 26.108
1 109 22 0.5773 0.4321 0 0 53.332 70.504 28.175
1 110 16 0.7857 -0.524 0 0 52.844 68.353 31.207
1 111 14 0.9166 -0.171 0 0 52.715 70.021 34.565
1 112 22 0.9464 0.1007 0 0 51.099 69.725 37.832
1 113 12 0.9345 -0.691 0 0 50.113 72.611 40.099
1 114 22 0.9583 0.7377 0 0 51.591 72.276 43.591
1 115 9 0.8511 0.0000 0 0 50.137 74.437 46.391
1 116 2 0.8333 0.3330 0 0 52.756 74.018 49.053
1 117 13 0.5714 0.0487 0 0 52.937 74.577 52.740
1 118 5 0.4642 0.2637 0 0 49.462 73.208 53.148
1 119 3 0.2083 0.2279 0 0 50.727 72.629 56.734
1 120 12 0.1130 0.4364 0 0 50.459 76.305 57.769
1 121 0 0.0119 -0.933 0 0 47.298 77.876 59.043
1 122 0 0.0238 0.1375 0 0 48.473 81.315 57.929
1 123 1 0.0595 0.5365 0 0 46.645 80.421 54.736
1 124 18 0.0535 0.0841 0 0 46.046 83.122 52.164
1 125 22 0.1726 0.7969 0 0 45.040 81.165 49.002
1 126 7 0.125 -0.669 0 0 41.917 78.933 48.872
1 127 17 0.2321 -0.220 0 0 42.093 75.361 47.680
1 128 1 0.0833 -0.445 0 0 39.116 76.316 45.717
1 129 6 0.1428 -0.213 0 0 40.927 79.160 43.874
1 130 0 0.4702 0.6258 0 0 43.881 76.979 43.175
1 131 6 0.4047 0.0100 0 0 41.797 74.025 42.085
1 132 3 0.1488 -0.867 0 0 39.935 76.206 39.661
1 133 12 0.4226 0.5205 0 0 43.139 77.607 38.201
1 134 0 0.5595 0.3453 0 0 44.403 74.049 37.840
1 135 1 0.2976 -0.509 0 0 41.115 73.348 36.142
1 136 17 0.1547 0.0994 0 0 41.515 76.290 33.779
1 137 20 0.4404 0.5266 0 0 44.950 74.989 32.751
1 138 9 0.3869 0.0000 0 0 43.734 71.408 32.334
1 139 11 0.6547 0.6777 0 0 46.194 70.196 34.826
1 140 16 0.7142 0.1596 0 0 46.123 68.587 38.180
1 141 20 0.7916 -0.105 0 0 46.469 70.290 41.466
1 142 11 0.8273 0.1371 0 0 48.300 68.906 44.508
1 143 7 0.7559 -0.676 0 0 48.717 70.220 47.948
1 144 18 0.8035 0.9942 0 0 51.879 69.388 49.661
1 145 17 0.6428 -0.997 0 0 53.891 70.029 52.739
1 146 0 0.6845 0.4850 0 0 57.579 69.603 52.479
1 147 13 0.3988 -0.741 0 0 57.516 69.856 56.171
1 148 18 0.2559 -0.180 0 0 55.002 67.066 56.882
1 149 1 0.4821 0.0770 0 0 55.914 65.268 53.708
1 150 6 0.4761 -0.281 0 0 52.304 65.261 52.944
1 151 9 0.6785 0.0000 0 0 51.463 65.072 49.258
1 152 22 0.8214 -0.151 0 0 55.087 65.059 48.213
1 153 7 0.7261 -0.905 0 0 55.146 61.722 46.305
1 154 3 0.7380 -0.738 0 0 51.703 62.405 44.855
1 155 0 0.9107 0.6073 0 0 52.895 65.556 43.393
1 156 15 0.9226 0.5396 0 0 55.821 64.088 41.638
1 157 20 0.7619 -0.442 0 0 54.158 60.764 40.747
1 158 18 0.7976 0.0819 0 0 51.199 62.640 39.298
1 159 12 0.8988 0.8103 0 0 53.688 64.654 37.210
1 160 22 0.75 -0.376 0 0 55.230 61.450 36.038
1 161 1 0.5297 -0.118 0 0 51.812 60.012 35.161
1 162 7 0.6130 0.2985 0 0 51.013 63.141 33.126
1 163 11 0.5833 0.5952 0 0 54.230 62.785 31.227
1 164 1 0.3571 -0.054 0 0 53.480 59.183 30.701
1 165 6 0.1904 0.1211 0 0 50.077 60.123 29.422
1 166 10 0.2440 0.3246 0 0 51.347 62.927 27.241
1 167 13 0.1071 0.4231 0 0 53.500 60.360 25.632
1 168 12 0.0178 -0.003 0 0 50.483 58.420 24.493
0 169 1 0 0 0 0 50.483 58.420 24.493
0 170 13 0 0 0 0 50.483 58.420 24.493
0 171 12 0 0 0 0 50.483 58.420 24.493
0 172 2 0 0 0 0 50.483 58.420 24.493
0 173 16 0 0 0 0 50.483 58.420 24.493
0 174 16 0 0 0 0 50.483 58.420 24.493
0 175 3 0 0 0 0 50.483 58.420 24.493
0 176 7 0 0 0 0 50.483 58.420 24.493
0 177 17 0 0 0 0 50.483 58.420 24.493
0 178 9 0 0 0 0 50.483 58.420 24.493
0 179 16 0 0 0 0 50.483 58.420 24.493
0 180 9 0 0 0 0 50.483 58.420 24.493
0 181 5 0 0 0 0 50.483 58.420 24.493
0 182 14 0 0 0 0 50.483 58.420 24.493
0 183 17 0 0 0 0 50.483 58.420 24.493
0 184 5 0 0 0 0 50.483 58.420 24.493
0 185 13 0 0 0 0 50.483 58.420 24.493
0 186 5 0 0 0 0 50.483 58.420 24.493
0 187 22 0 0 0 0 50.483 58.420 24.493
0 188 12 0 0 0 0 50.483 58.420 24.493
0 189 17 0 0 0 0 50.483 58.420 24.493
