1 1 9 0.0 -0.771 0 0 105.861 44.321 -7.305
1 2 14 0.0176 0.2338 0 0 102.112 44.866 -7.273
1 3 18 0.1058 0.2828 0 0 100.868 46.865 -4.322
1 4 7 0.3529 -0.536 0 0 100.550 44.837 -1.129
1 5 20 0.6 -0.240 0 0 98.054 45.740 1.605
1 6 13 0.7411 -0.766 0 0 98.997 44.548 5.088
1 7 12 0.9235 0.0848 0 0 95.739 43.828 6.892
1 8 22 0.9588 -0.680 0 0 95.303 42.690 10.488
1 9 22 0.9882 0.2093 0 0 92.149 41.006 11.849
1 10 22 0.9647 -0.038 0 0 91.653 41.637 15.590
1 11 9 0.9058 0.4511 0 0 88.909 40.921 18.105
1 12 0 0.7529 -0.408 0 0 87.975 38.706 21.044
1 13 1 0.5941 -0.879 0 0 88.395 34.973 20.953
1 14 9 0.5647 -0.072 0 0 85.477 33.306 19.234
1 15 22 0.8 0.5945 0 0 84.163 36.201 17.129
1 16 9 0.8470 -0.665 0 0 85.110 34.621 13.790
1 17 13 0.9352 0.0526 0 0 88.488 36.124 12.874
1 18 17 0.8235 -0.674 0 0 89.761 32.810 11.511
1 19 0 0.7294 -0.344 0 0 86.495 31.927 9.814
1 20 12 0.8823 0.6185 0 0 86.352 35.357 8.109
1 21 18 0.8764 0.2719 0 0 89.938 35.165 6.948
1 22 11 0.6411 -0.478 0 0 89.650 31.615 5.605
1 23 6 0.6058 -0.281 0 0 86.352 32.449 3.869
1 24 12 0.7235 0.5670 0 0 88.026 35.482 2.194
1 25 11 0.5352 0.3440 0 0 91.157 33.604 1.154
1 26 6 0.3352 0.0488 0 0 89.960 30.035 0.469
1 27 2 0.3117 -0.322 0 0 86.216 30.491 -0.140
1 28 10 0.2117 -0.215 0 0 84.986 28.009 2.453
1 29 15 0.3294 0.0848 0 0 83.585 28.147 6.012
1 30 22 0.2764 0.5713 0 0 85.399 26.436 8.953
1 31 3 0.1352 -0.834 0 0 83.327 25.123 11.891
1 32 7 0.1235 -0.957 0 0 86.439 24.483 13.925
1 33 20 0.2647 0.6060 0 0 89.850 26.110 13.774
1 34 3 0.1588 -0.652 0 0 92.029 26.065 16.900
1 35 16 0.4 -0.732 0 0 91.485 29.408 18.669
1 36 18 0.2823 -0.893 0 0 95.159 29.621 19.597
1 37 11 0.3764 -0.498 0 0 96.650 29.573 16.081
1 38 7 0.5235 0.2594 0 0 97.860 32.879 14.641
1 39 3 0.5176 -0.718 0 0 98.977 32.909 11.018
1 40 17 0.6117 -0.266 0 0 99.181 35.101 7.945
1 41 20 0.5764 0.1936 0 0 97.441 34.415 4.640
1 42 1 0.4764 -0.619 0 0 97.994 35.850 1.155
1 43 13 0.4117 0.2265 0 0 95.754 36.335 -1.864
1 44 6 0.1941 -0.805 0 0 96.102 38.216 -5.139
1 45 22 0.2470 0.9970 0 0 92.852 40.029 -5.925
1 46 22 0.1294 -0.979 0 0 91.441 42.827 -8.078
1 47 11 0.2705 0.9688 0 0 89.855 45.698 -6.137
1 48 3 0.0882 0.6282 0 0 88.391 48.536 -8.213
1 49 9 0.0117 0.2981 0 0 90.533 47.466 -11.148
1 50 7 0.0529 0.5037 0 0 93.785 47.283 -9.163
1 51 18 0.0588 -0.663 0 0 95.541 43.929 -9.062
1 52 5 0.1823 0.6386 0 0 96.991 43.774 -5.550
1 53 12 0.3647 -0.205 0 0 98.156 41.412 -2.835
1 54 12 0.6352 0.4032 0 0 96.306 41.099 0.470
1 55 3 0.6529 -0.617 0 0 98.659 39.985 3.264
1 56 11 0.8705 0.4455 0 0 96.324 39.236 6.161
1 57 12 0.8647 -0.403 0 0 97.281 38.450 9.755
1 58 3 0.8882 -0.378 0 0 94.630 36.366 11.566
1 59 18 0.8529 0.5906 0 0 95.497 37.302 15.148
1 60 0 0.6823 -0.558 0 0 94.872 35.117 18.173
1 61 9 0.5705 0.9669 0 0 95.567 37.347 21.185
1 62 6 0.3235 -0.414 0 0 98.480 37.352 23.605
1 63 7 0.1705 0.7406 0 0 101.938 36.781 22.157
1 64 7 0.0352 -0.625 0 0 105.031 35.155 23.649
1 65 20 0.0294 -0.793 0 0 106.359 38.725 24.006
1 66 17 0.0764 -0.484 0 0 104.283 41.894 23.843
1 67 0 0.0647 -0.963 0 0 106.932 43.215 21.414
1 68 14 0.1529 -0.306 0 0 105.480 40.788 18.835
1 69 1 0.4411 -0.123 0 0 102.029 42.369 19.154
1 70 3 0.3411 -0.709 0 0 103.467 45.832 18.820
1 71 6 0.2941 -0.606 0 0 105.449 44.747 15.754
1 72 20 0.5588 0.5868 0 0 102.388 43.511 13.883
1 73 14 0.6470 0.3011 0 0 100.443 46.624 14.811
1 74 1 0.4294 -0.802 0 0 103.241 48.862 13.484
1 75 18 0.4588 -0.393 0 0 103.611 46.895 10.270
1 76 9 0.7588 -0.104 0 0 99.866 46.603 9.735
1 77 7 0.7352 -0.584 0 0 98.306 49.213 7.504
1 78 9 0.9 -0.646 0 0 94.643 48.554 8.302
1 79 15 0.9764 -0.775 0 0 92.690 46.720 10.966
1 80 12 0.9941 0.5766 0 0 89.430 44.789 10.867
1 81 5 0.9823 -0.623 0 0 88.014 45.171 14.372
1 82 22 0.9705 0.4701 0 0 85.675 42.213 14.703
1 83 15 0.8588 -0.308 0 0 82.965 41.530 17.275
1 84 0 0.6941 -0.273 0 0 80.157 38.948 17.157
1 85 11 0.4941 -0.109 0 0 76.599 40.222 17.171
1 86 2 0.2529 -0.031 0 0 75.650 37.722 19.905
1 87 2 0.3588 0.1935 0 0 78.561 38.550 22.197
1 88 18 0.2294 -0.881 0 0 78.292 41.841 24.059
1 89 13 0.3058 -0.210 0 0 81.692 41.508 25.742
1 90 17 0.5823 0.1911 0 0 83.330 41.169 22.302
1 91 15 0.5882 -0.263 0 0 81.669 44.468 21.313
1 92 7 0.4176 -0.884 0 0 82.861 46.144 24.517
1 93 3 0.5411 -0.039 0 0 86.356 44.825 23.763
1 94 11 0.7705 0.6678 0 0 86.436 46.932 20.560
1 95 10 0.5117 -0.558 0 0 87.163 50.000 22.716
1 96 10 0.5058 -0.047 0 0 90.430 48.329 23.847
1 97 20 0.7941 0.4172 0 0 91.487 47.271 20.344
1 98 1 0.7176 -0.069 0 0 90.807 50.801 18.984
1 99 7 0.4529 -0.839 0 0 92.896 52.313 21.734
1 100 6 0.5 0.0005 0 0 95.745 49.832 21.619
1 101 11 0.6705 0.9964 0 0 96.284 50.018 17.860
1 102 13 0.4647 -0.089 0 0 96.304 53.852 17.939
1 103 1 0.2235 -0.385 0 0 98.602 53.756 20.955
1 104 22 0.3000 0.4844 0 0 101.173 51.438 19.397
1 105 13 0.3470 0.8194 0 0 101.137 53.169 15.998
1 106 3 0.1117 -0.937 0 0 101.172 56.508 17.840
1 107 17 0.1764 0.6184 0 0 98.622 57.770 15.343
1 108 7 0.1999 -0.932 0 0 95.146 59.277 15.346
1 109 3 0.3705 -0.567 0 0 94.593 58.242 11.739
1 110 22 0.6294 0.2531 0 0 94.657 54.485 11.459
1 111 16 0.8058 -0.531 0 0 92.593 52.730 8.772
1 112 14 0.9176 -0.243 0 0 90.021 50.506 10.451
1 113 22 0.9529 0.0611 0 0 86.662 48.876 9.729
1 114 12 0.9411 -0.745 0 0 84.221 47.746 12.414
1 115 22 0.9470 0.7405 0 0 82.850 44.258 11.664
1 116 9 0.8411 0.1644 0 0 79.832 42.668 13.329
1 117 2 0.8352 0.3888 0 0 80.147 39.009 12.475
1 118 13 0.5294 0.1021 0 0 77.759 36.013 12.738
1 119 5 0.4352 0.3193 0 0 74.872 37.933 11.199
1 120 3 0.1882 0.3608 0 0 73.380 34.712 9.880
1 121 12 0.0999 0.3808 0 0 72.352 33.939 13.448
1 122 16 0.0235 -0.608 0 0 69.036 35.372 14.730
1 123 17 0.0411 -0.098 0 0 70.486 35.347 18.245
1 124 1 0.0823 0.4144 0 0 71.695 38.916 18.809
1 125 18 0.0705 0.0114 0 0 72.735 41.006 21.802
1 126 22 0.2176 0.8421 0 0 74.233 43.939 19.842
1 127 3 0.1176 -0.985 0 0 71.726 45.747 17.602
1 128 18 0.2352 0.0176 0 0 72.934 47.239 14.380
1 129 13 0.0941 -0.903 0 0 72.110 50.693 15.737
1 130 6 0.1470 -0.109 0 0 74.523 50.405 18.651
1 131 0 0.4882 0.4412 0 0 77.409 49.397 16.376
1 132 6 0.3882 -0.408 0 0 76.577 52.205 13.940
1 133 3 0.1647 -0.721 0 0 76.812 54.577 16.882
1 134 12 0.4235 0.5351 0 0 80.311 53.312 17.789
1 135 0 0.5470 0.4443 0 0 81.547 53.404 14.191
1 136 1 0.2882 -0.810 0 0 80.166 56.949 13.852
1 137 17 0.2058 0.1398 0 0 82.199 57.971 16.906
1 138 20 0.4470 0.5750 0 0 85.356 56.531 15.347
1 139 9 0.4058 -0.558 0 0 84.660 57.899 11.838
1 140 11 0.6647 0.7010 0 0 85.032 54.442 10.269
1 141 16 0.7117 0.1997 0 0 82.835 52.102 8.236
1 142 15 0.7882 -0.265 0 0 80.705 49.419 9.884
1 143 11 0.8176 0.3267 0 0 79.810 46.201 8.076
1 144 7 0.7 -0.737 0 0 77.810 43.185 9.265
1 145 18 0.7764 0.9767 0 0 79.214 39.892 8.042
1 146 17 0.6176 -0.997 0 0 78.685 36.183 8.048
1 147 0 0.6764 0.5835 0 0 81.742 34.019 7.541
1 148 13 0.3941 -0.767 0 0 79.256 31.161 7.134
1 149 18 0.2411 -0.264 0 0 77.151 32.527 4.240
1 150 1 0.4823 0.1261 0 0 79.857 34.927 2.949
1 151 6 0.4705 -0.275 0 0 77.567 37.940 3.384
1 152 9 0.6882 -0.982 0 0 79.664 41.078 3.676
1 153 22 0.8294 -0.109 0 0 83.026 39.278 3.658
1 154 3 0.7058 -0.872 0 0 84.533 40.778 0.508
1 155 3 0.7470 -0.447 0 0 83.003 44.114 1.449
1 156 0 0.9117 0.3959 0 0 84.682 44.126 4.858
1 157 15 0.9294 0.5050 0 0 88.175 43.418 3.510
1 158 20 0.7823 -0.527 0 0 87.874 45.507 0.345
1 159 18 0.8117 0.0216 0 0 86.469 48.441 2.313
1 160 12 0.8941 0.8474 0 0 89.523 48.239 4.577
1 161 22 0.7647 -0.285 0 0 91.761 48.418 1.505
1 162 1 0.5529 -0.093 0 0 89.832 51.476 0.329
1 163 7 0.6588 0.4559 0 0 90.329 53.070 3.765
1 164 11 0.6235 0.5878 0 0 94.071 52.443 3.478
1 165 1 0.3823 0.0662 0 0 94.066 54.111 0.041
1 166 13 0.2588 0.2003 0 0 92.326 57.178 1.481
1 167 10 0.3176 0.3581 0 0 94.914 57.431 4.210
1 168 13 0.1411 0.4290 0 0 97.837 57.094 1.794
1 169 7 0.0470 0.1991 0 0 96.686 59.880 -0.494
1 170 13 0.0058 0.6738 0 0 97.030 62.546 2.214
