1 1 14 0.0 0.1075 0 0 -10.846 23.749 6.403
1 2 18 0.0370 -0.004 0 0 -7.451 24.498 4.854
1 3 7 0.2098 -0.400 0 0 -7.929 24.187 1.092
1 4 20 0.5370 -0.206 0 0 -5.162 23.260 -1.356
1 5 13 0.6604 -0.908 0 0 -5.611 24.359 -4.976
1 6 12 0.8950 0.1407 0 0 -3.637 21.792 -6.999
1 7 22 0.9320 -0.704 0 0 -3.248 21.801 -10.775
1 8 22 0.9876 0.3378 0 0 -2.038 18.906 -12.939
1 9 22 0.9629 -0.195 0 0 -0.306 20.074 -16.122
1 10 9 0.9197 0.3602 0 0 1.590 18.218 -18.850
1 11 0 0.7654 -0.105 0 0 1.565 17.091 -22.471
1 12 9 0.6172 -0.287 0 0 -1.234 15.005 -23.953
1 13 9 0.5987 -0.060 0 0 -1.464 11.343 -23.011
1 14 22 0.8024 0.5381 0 0 1.115 11.421 -20.214
1 15 9 0.8456 -0.717 0 0 -1.459 10.128 -17.732
1 16 13 0.9382 0.0699 0 0 -2.617 13.288 -15.954
1 17 17 0.8395 -0.636 0 0 -6.223 12.164 -15.568
1 18 0 0.7716 -0.236 0 0 -5.150 8.616 -14.721
1 19 12 0.9012 0.6530 0 0 -3.004 9.765 -11.787
1 20 18 0.8765 0.2818 0 0 -5.890 11.892 -10.533
1 21 11 0.6358 -0.409 0 0 -8.639 9.268 -10.699
1 22 6 0.5864 -0.283 0 0 -6.392 6.608 -9.129
1 23 12 0.6728 0.6285 0 0 -6.002 8.920 -6.127
1 24 11 0.4691 0.3569 0 0 -9.708 9.748 -5.787
1 25 6 0.2592 -0.050 0 0 -11.617 6.757 -7.173
1 26 2 0.2469 -0.264 0 0 -8.895 4.156 -6.518
1 27 10 0.2037 -0.129 0 0 -8.810 2.555 -9.977
1 28 15 0.3271 0.1080 0 0 -6.835 2.711 -13.230
1 29 22 0.2839 0.7369 0 0 -8.527 4.160 -16.316
1 30 3 0.1111 -0.154 0 0 -7.372 2.170 -19.346
1 31 7 0.0679 -0.384 0 0 -9.463 4.092 -21.877
1 32 20 0.0802 -0.252 0 0 -9.061 6.884 -24.426
1 33 3 0.1728 0.1160 0 0 -10.767 9.910 -22.844
1 34 16 0.3333 -0.790 0 0 -9.124 13.305 -23.604
1 35 18 0.4506 0.8657 0 0 -9.829 15.925 -20.944
1 36 11 0.3456 -0.649 0 0 -11.114 19.461 -21.544
1 37 7 0.4444 -0.657 0 0 -11.345 20.528 -17.910
1 38 3 0.4876 -0.048 0 0 -12.276 18.456 -14.852
1 39 17 0.5185 -0.652 0 0 -12.253 19.399 -11.166
1 40 20 0.5123 0.3675 0 0 -12.099 17.105 -8.136
1 41 1 0.3641 -0.591 0 0 -12.766 17.829 -4.447
1 42 13 0.3209 -0.110 0 0 -11.754 15.418 -1.657
1 43 6 0.0925 -0.948 0 0 -11.605 15.612 2.131
1 44 22 0.1604 0.9930 0 0 -8.363 13.966 3.228
1 45 22 0.0740 -0.964 0 0 -6.062 13.821 6.232
1 46 11 0.1975 0.9689 0 0 -2.417 14.539 5.427
1 47 3 0.0432 0.7538 0 0 0.087 14.376 8.269
1 48 9 0.0061 0.5708 0 0 -2.787 14.719 10.713
1 49 7 0.0308 0.4605 0 0 -4.063 17.918 9.110
1 50 18 0.0185 -0.798 0 0 -7.659 17.865 7.943
1 51 5 0.1172 0.6880 0 0 -7.553 19.525 4.536
1 52 12 0.2654 -0.346 0 0 -9.405 19.509 1.226
1 53 12 0.5555 0.4565 0 0 -7.696 18.888 -2.112
1 54 3 0.5679 -0.623 0 0 -9.206 20.982 -4.908
1 55 11 0.8209 0.4619 0 0 -7.525 19.347 -7.894
1 56 12 0.8148 -0.520 0 0 -7.882 20.659 -11.436
1 57 3 0.8641 -0.123 0 0 -7.167 18.189 -14.182
1 58 18 0.8086 0.5735 0 0 -6.211 20.095 -17.285
1 59 0 0.6419 -0.895 0 0 -6.196 19.369 -21.015
1 60 9 0.6790 0.0851 0 0 -2.986 18.228 -22.682
1 61 6 0.3827 -0.010 0 0 -3.878 19.980 -25.936
0 62 7 0 0 0 0 -3.878 19.980 -25.936
0 63 7 0 0 0 0 -3.878 19.980 -25.936
0 64 20 0 0 0 0 -3.878 19.980 -25.936
0 65 17 0 0 0 0 -3.878 19.980 -25.936
1 66 0 0.0555 -0.769 0 0 -3.343 31.825 -23.894
1 67 14 0.1358 -0.506 0 0 -6.210 29.839 -22.217
1 68 1 0.4320 0.3535 0 0 -4.020 28.064 -19.621
1 69 3 0.2962 -0.703 0 0 -3.242 31.416 -18.006
1 70 6 0.2222 -0.144 0 0 -6.614 31.364 -16.249
1 71 20 0.5 0.6072 0 0 -6.160 28.322 -14.004
1 72 14 0.6296 0.3994 0 0 -2.385 28.707 -13.622
1 73 1 0.3580 -0.845 0 0 -2.976 32.024 -11.915
1 74 18 0.3950 -0.472 0 0 -5.288 30.593 -9.194
1 75 9 0.6851 -0.014 0 0 -3.300 27.383 -8.690
1 76 7 0.6666 -0.529 0 0 -1.124 27.082 -5.577
1 77 9 0.8703 -0.623 0 0 0.805 23.920 -6.423
1 78 15 0.9691 -0.756 0 0 1.538 22.227 -9.739
1 79 12 0.9938 0.5151 0 0 2.113 18.641 -10.815
1 80 5 0.9814 -0.498 0 0 4.396 18.741 -13.832
1 81 22 0.9753 0.5561 0 0 3.817 15.389 -15.538
1 82 15 0.8827 -0.240 0 0 5.655 13.749 -18.436
1 83 0 0.7345 -0.212 0 0 5.700 10.145 -19.648
1 84 11 0.5308 -0.085 0 0 9.017 8.276 -19.324
1 85 2 0.3024 0.0706 0 0 8.383 6.483 -22.638
1 86 2 0.3518 0.3797 0 0 7.919 9.787 -24.477
1 87 18 0.2407 -0.877 0 0 10.877 12.146 -24.924
1 88 13 0.3148 -0.562 0 0 8.672 14.911 -26.347
1 89 17 0.6111 0.1643 0 0 6.555 15.099 -23.180
1 90 15 0.6234 -0.305 0 0 9.715 15.426 -21.085
1 91 7 0.4197 -0.112 0 0 10.924 18.303 -23.258
1 92 3 0.5493 -0.145 0 0 7.560 20.056 -23.115
1 93 11 0.7777 0.6783 0 0 8.017 20.400 -19.338
1 94 10 0.5246 -0.911 0 0 10.183 23.492 -19.801
1 95 6 0.4629 -0.805 0 0 7.420 25.320 -21.680
1 96 20 0.7283 0.4131 0 0 4.850 24.567 -18.983
1 97 1 0.7037 -0.079 0 0 7.136 25.723 -16.159
1 98 7 0.4135 0.4528 0 0 8.037 28.872 -18.094
1 99 6 0.4259 0.0030 0 0 4.377 29.810 -18.518
1 100 11 0.5802 0.9921 0 0 3.719 29.133 -14.839
1 101 13 0.3703 -0.068 0 0 6.658 31.371 -13.937
1 102 1 0.1419 -0.647 0 0 5.251 34.051 -16.229
1 103 22 0.1851 0.6796 0 0 1.652 34.115 -14.978
1 104 13 0.2530 0.7194 0 0 2.679 33.707 -11.324
1 105 3 0.0493 -0.516 0 0 5.388 36.381 -11.572
1 106 17 0.1296 0.4313 0 0 7.624 34.122 -9.480
1 107 3 0.1481 -0.941 0 0 10.837 32.149 -9.941
1 108 3 0.3395 -0.558 0 0 9.856 29.831 -7.080
1 109 22 0.5617 0.2284 0 0 6.445 28.156 -7.081
1 110 16 0.7407 -0.599 0 0 5.494 24.947 -5.203
1 111 14 0.9074 -0.098 0 0 5.960 22.264 -7.825
1 112 22 0.9506 0.0810 0 0 6.710 18.565 -8.339
1 113 12 0.9444 -0.685 0 0 8.125 16.977 -11.495
1 114 22 0.9567 0.7295 0 0 6.419 13.628 -12.130
1 115 9 0.8580 0.3204 0 0 7.825 10.875 -14.340
1 116 2 0.8518 0.3292 0 0 4.749 8.802 -15.152
1 117 13 0.6049 0.0688 0 0 4.256 5.337 -16.716
1 118 5 0.4567 0.4207 0 0 7.276 3.847 -14.946
1 119 3 0.2283 0.4631 0 0 5.653 0.401 -15.145
1 120 12 0.1049 0.3872 0 0 6.494 0.271 -18.854
1 121 0 0.0123 -0.808 0 0 9.696 -1.351 -20.096
1 122 0 0.0246 -0.043 0 0 9.983 0.891 -23.168
1 123 1 0.0864 0.5119 0 0 11.643 3.781 -21.296
1 124 18 0.0617 0.1509 0 0 13.198 6.539 -23.428
1 125 22 0.2345 0.8321 0 0 13.869 9.119 -20.694
1 126 7 0.1234 -0.712 0 0 16.481 8.114 -18.125
1 127 17 0.3086 0.0370 0 0 15.659 8.815 -14.473
1 128 1 0.0987 -0.307 0 0 19.028 10.542 -14.031
1 129 6 0.1543 -0.568 0 0 18.180 12.990 -16.818
1 130 0 0.4814 0.4931 0 0 14.881 13.952 -15.183
1 131 6 0.4012 -0.125 0 0 16.532 14.158 -11.766
1 132 3 0.1790 -0.390 0 0 19.119 16.620 -13.084
1 133 12 0.4074 0.4836 0 0 16.294 18.787 -14.413
1 134 0 0.5740 0.4756 0 0 14.415 18.655 -11.108
1 135 1 0.2901 0.0384 0 0 17.608 19.735 -9.351
1 136 17 0.1913 0.0786 0 0 18.031 22.665 -11.755
1 137 20 0.4382 0.4805 0 0 14.457 23.808 -11.081
1 138 9 0.3765 -0.495 0 0 14.931 23.316 -7.347
1 139 11 0.6543 0.6939 0 0 11.968 20.940 -7.080
1 140 16 0.7160 0.1691 0 0 11.446 17.244 -6.226
1 141 20 0.7901 -0.164 0 0 11.359 14.437 -8.790
1 142 11 0.8271 0.3066 0 0 9.050 11.444 -8.317
1 143 7 0.7592 -0.781 0 0 8.385 8.477 -10.593
1 144 18 0.7962 0.9385 0 0 4.842 7.133 -10.697
1 145 17 0.6481 -0.957 0 0 2.586 4.580 -12.308
1 146 0 0.6913 0.6293 0 0 -1.181 5.162 -12.308
1 147 13 0.3888 -0.724 0 0 -1.502 1.510 -13.341
1 148 18 0.2777 -0.279 0 0 0.199 -0.019 -10.300
1 149 1 0.4753 -0.043 0 0 -0.531 3.038 -8.118
1 150 6 0.4938 -0.285 0 0 3.197 3.412 -7.434
1 151 9 0.6975 -0.992 0 0 4.174 6.834 -6.108
1 152 22 0.8333 -0.178 0 0 0.712 8.318 -6.709
1 153 7 0.7222 -0.892 0 0 0.035 9.331 -3.107
1 154 3 0.7469 -0.595 0 0 3.736 10.157 -2.906
1 155 0 0.9259 0.4925 0 0 3.405 12.687 -5.741
1 156 15 0.9135 0.4805 0 0 0.313 14.559 -4.535
1 157 20 0.7530 -0.535 0 0 1.232 14.571 -0.835
1 158 18 0.7839 0.0203 0 0 4.760 15.842 -1.464
1 159 12 0.8888 0.7999 0 0 3.228 18.724 -3.424
1 160 22 0.7098 -0.266 0 0 1.082 19.641 -0.421
1 161 1 0.5061 -0.023 0 0 4.183 19.561 1.782
1 162 7 0.5925 0.5537 0 0 5.873 22.045 -0.623
1 163 11 0.5432 0.5806 0 0 2.957 24.480 -0.350
1 164 1 0.2716 0.1168 0 0 2.964 24.247 3.448
1 165 6 0.1666 0.6398 0 0 6.630 25.199 3.341
1 166 10 0.2160 0.3257 0 0 6.281 27.962 0.745
