1 1 9 0.0 -0.445 0 0 -29.181 15.967 42.345
1 2 14 0.0236 0.3115 0 0 -26.200 18.250 42.158
1 3 18 0.0887 0.1378 0 0 -23.314 16.779 44.119
1 4 7 0.3017 -0.028 0 0 -20.636 18.855 45.779
1 5 20 0.5443 -0.208 0 0 -17.009 17.739 45.465
1 6 13 0.7455 -0.581 0 0 -14.092 19.025 47.507
1 7 12 0.9112 0.0263 0 0 -11.019 19.640 45.329
1 8 22 0.9585 -0.688 0 0 -7.716 20.707 46.859
1 9 22 0.9881 0.1809 0 0 -4.974 22.445 44.882
1 10 22 0.9644 -0.054 0 0 -1.514 21.712 46.364
1 11 9 0.9230 0.4679 0 0 2.105 22.386 45.373
1 12 0 0.7573 -0.395 0 0 5.135 24.457 46.197
1 13 9 0.6153 -0.188 0 0 4.959 28.183 46.457
1 14 3 0.5680 -0.975 0 0 4.888 30.074 43.183
1 15 22 0.8047 0.5902 0 0 3.838 27.154 40.952
1 16 9 0.8461 -0.685 0 0 0.549 28.789 39.976
1 17 13 0.9349 0.0595 0 0 -2.054 27.324 42.342
1 18 17 0.8343 -0.665 0 0 -3.872 30.628 42.726
1 19 0 0.7396 -0.312 0 0 -3.534 31.614 39.062
1 20 12 0.8816 0.6241 0 0 -5.001 28.260 37.977
1 21 18 0.8757 0.2653 0 0 -7.857 28.488 40.471
1 22 11 0.6390 -0.450 0 0 -8.743 32.098 39.629
1 23 6 0.5857 -0.242 0 0 -8.709 31.278 35.918
1 24 12 0.6923 0.6127 0 0 -11.262 28.528 36.488
1 25 11 0.5147 0.3783 0 0 -13.437 30.620 38.781
1 26 6 0.3076 0.0469 0 0 -13.140 34.129 37.354
1 27 2 0.2662 -0.209 0 0 -11.889 33.623 33.804
1 28 10 0.1893 -0.227 0 0 -8.852 35.876 33.980
1 29 15 0.3195 0.1009 0 0 -5.134 35.644 34.683
1 30 22 0.2603 0.5472 0 0 -4.010 37.276 37.922
1 31 3 0.1301 -0.799 0 0 -0.378 38.517 37.971
1 32 7 0.1183 -0.777 0 0 -0.148 39.254 41.687
1 33 20 0.2721 0.6207 0 0 -2.406 37.373 44.155
1 34 3 0.1597 -0.679 0 0 -0.763 37.302 47.587
1 35 16 0.3964 -0.692 0 0 1.065 33.978 47.963
1 36 18 0.2840 -0.890 0 0 0.110 33.757 51.632
1 37 11 0.3786 -0.527 0 0 -3.683 33.766 51.076
1 38 7 0.5266 0.2499 0 0 -5.527 30.455 51.281
1 39 3 0.5207 -0.646 0 0 -9.162 30.603 50.208
1 40 17 0.6094 -0.397 0 0 -11.873 28.427 48.702
1 41 20 0.5325 0.1986 0 0 -14.270 28.981 45.837
1 42 1 0.4437 -0.263 0 0 -17.444 27.313 44.529
1 43 13 0.4260 0.2624 0 0 -18.263 26.716 40.865
1 44 6 0.2071 -0.958 0 0 -21.200 24.875 39.408
1 45 22 0.2426 0.9881 0 0 -20.456 22.927 36.211
1 46 22 0.1065 -0.995 0 0 -21.906 20.107 34.149
1 47 11 0.1952 0.9932 0 0 -19.504 17.243 33.511
1 48 3 0.0650 0.5990 0 0 -20.551 14.181 31.479
1 49 9 0.0059 0.2793 0 0 -24.216 15.147 31.917
1 50 7 0.0414 -0.157 0 0 -24.015 15.339 35.701
1 51 18 0.0532 -0.608 0 0 -24.340 18.648 37.517
1 52 5 0.2011 0.6257 0 0 -21.821 19.255 40.186
1 53 12 0.3550 -0.493 0 0 -20.681 21.887 42.588
1 54 12 0.6213 0.4180 0 0 -16.922 22.223 42.903
1 55 3 0.6449 -0.547 0 0 -15.602 23.439 46.239
1 56 11 0.8579 0.3980 0 0 -12.007 24.289 45.441
1 57 12 0.8639 -0.387 0 0 -9.402 24.996 48.125
1 58 3 0.8875 -0.380 0 0 -6.440 27.049 46.860
1 59 18 0.8520 0.5834 0 0 -3.839 26.067 49.465
1 60 0 0.6863 -0.554 0 0 -0.937 28.251 50.556
1 61 9 0.5739 0.9640 0 0 1.272 25.974 52.635
1 62 6 0.3313 -0.433 0 0 1.837 25.925 56.361
1 63 7 0.1656 0.7245 0 0 -1.190 26.413 58.601
1 64 7 0.0355 -0.643 0 0 -1.375 28.006 62.030
1 65 20 0.0295 -0.807 0 0 -1.663 24.390 63.281
1 66 17 0.0828 -0.492 0 0 -0.737 21.363 61.188
1 67 0 0.0591 -0.968 0 0 -3.978 19.742 62.406
1 68 14 0.1420 -0.315 0 0 -5.743 22.154 60.008
1 69 1 0.4378 -0.083 0 0 -3.733 20.849 57.033
1 70 3 0.3491 -0.754 0 0 -4.583 17.317 58.033
1 71 6 0.2899 -0.650 0 0 -8.273 18.216 58.198
1 72 20 0.5562 0.5723 0 0 -8.424 19.639 54.667
1 73 14 0.6508 0.3409 0 0 -6.569 16.557 53.407
1 74 1 0.4082 -0.783 0 0 -9.079 14.295 55.144
1 75 18 0.4556 -0.469 0 0 -12.093 16.122 53.789
1 76 9 0.7514 -0.170 0 0 -10.574 16.667 50.317
1 77 7 0.7218 -0.648 0 0 -11.849 14.193 47.771
1 78 9 0.8934 -0.651 0 0 -9.333 14.907 45.010
1 79 15 0.9763 -0.762 0 0 -6.054 16.756 44.747
1 80 12 0.9940 0.5592 0 0 -4.495 18.806 41.968
1 81 5 0.9822 -0.626 0 0 -0.769 18.338 42.519
1 82 22 0.9704 0.4403 0 0 0.834 21.295 40.781
1 83 15 0.8698 -0.307 0 0 4.464 21.875 39.905
1 84 0 0.6982 -0.265 0 0 6.018 24.440 37.534
1 85 11 0.4852 -0.112 0 0 7.875 23.120 34.489
1 86 2 0.2544 -0.006 0 0 10.696 25.624 35.088
1 87 2 0.3609 0.4404 0 0 11.253 24.641 38.747
1 88 18 0.2485 -0.825 0 0 12.762 21.201 39.393
1 89 13 0.3136 -0.195 0 0 12.380 21.544 43.147
1 90 17 0.5976 0.1610 0 0 8.629 22.024 42.734
1 91 15 0.6035 -0.254 0 0 8.532 18.756 40.784
1 92 7 0.4142 -0.933 0 0 10.590 16.909 43.416
1 93 3 0.5621 -0.012 0 0 8.172 18.227 46.041
1 94 11 0.7751 0.6886 0 0 5.430 16.187 44.356
1 95 10 0.5088 -0.601 0 0 6.939 13.081 45.984
1 96 10 0.5029 -0.016 0 0 6.227 14.713 49.358
1 97 20 0.7928 0.4566 0 0 2.687 15.768 48.468
1 98 1 0.7100 -0.061 0 0 1.809 12.279 47.218
1 99 7 0.4497 -0.722 0 0 3.220 10.736 50.393
1 100 6 0.4970 0.0779 0 0 1.671 13.230 52.782
1 101 11 0.6627 0.9975 0 0 -1.854 13.134 51.353
1 102 13 0.4615 -0.118 0 0 -1.854 9.323 51.363
1 103 1 0.2130 -0.346 0 0 -0.448 9.356 54.876
1 104 22 0.2958 0.5332 0 0 -3.068 11.765 56.277
1 105 13 0.3372 0.8255 0 0 -5.943 9.953 54.532
1 106 3 0.0946 -0.955 0 0 -4.428 6.547 55.399
1 107 17 0.1538 0.6058 0 0 -5.271 5.466 51.885
1 108 7 0.1834 -0.942 0 0 -3.539 4.024 48.859
1 109 3 0.3727 -0.486 0 0 -6.273 5.216 46.471
1 110 22 0.6272 0.2533 0 0 -6.545 8.984 46.449
1 111 16 0.8106 -0.513 0 0 -7.866 10.788 43.382
1 112 14 0.9171 -0.158 0 0 -5.185 13.075 41.997
1 113 22 0.9526 0.0385 0 0 -4.056 14.776 38.803
1 114 12 0.9408 -0.727 0 0 -0.451 15.829 38.230
1 115 22 0.9467 0.7192 0 0 -0.284 19.324 36.731
1 116 9 0.8402 0.1485 0 0 2.809 20.779 35.115
1 117 2 0.8284 0.4027 0 0 2.040 24.478 35.006
1 118 13 0.5384 0.1030 0 0 3.754 27.528 33.408
1 119 5 0.4201 0.2424 0 0 4.112 25.710 30.083
1 120 3 0.1479 0.3500 0 0 4.204 29.096 28.283
1 121 12 0.1124 0.4271 0 0 7.458 30.069 30.028
1 122 16 0.0177 -0.346 0 0 10.951 29.514 28.648
1 123 17 0.0118 -0.608 0 0 13.807 27.435 30.054
1 124 1 0.0769 0.4799 0 0 11.864 24.326 31.029
1 125 18 0.0710 -0.097 0 0 13.843 22.143 33.475
1 126 22 0.2248 0.8624 0 0 11.301 19.319 34.020
1 127 3 0.1242 -0.832 0 0 10.737 17.313 30.882
1 128 18 0.2366 0.0261 0 0 7.398 15.886 29.947
1 129 13 0.1005 -0.791 0 0 8.876 12.343 30.177
1 130 6 0.1715 -0.168 0 0 9.838 12.812 33.858
1 131 0 0.4911 0.4054 0 0 6.301 13.899 34.660
1 132 6 0.3905 -0.361 0 0 4.605 11.193 32.580
1 133 3 0.1775 -0.793 0 0 6.750 8.558 34.295
1 134 12 0.4319 0.4909 0 0 5.880 9.886 37.770
1 135 0 0.5798 0.4669 0 0 2.163 10.115 37.022
1 136 1 0.3254 0.0220 0 0 2.236 6.590 35.533
1 137 17 0.2189 0.1208 0 0 3.914 5.338 38.738
1 138 20 0.4733 0.5606 0 0 0.976 6.789 40.692
1 139 9 0.4023 -0.574 0 0 -1.715 5.623 38.293
1 140 11 0.6745 0.7070 0 0 -2.917 9.174 37.720
1 141 16 0.7278 0.2158 0 0 -3.323 11.570 34.797
1 142 15 0.7869 -0.257 0 0 -0.708 14.185 33.872
1 143 11 0.8165 0.3074 0 0 -1.731 17.449 32.199
1 144 7 0.7041 -0.736 0 0 0.427 20.397 31.160
1 145 18 0.7692 0.9699 0 0 -1.126 23.794 31.785
1 146 17 0.5917 -0.995 0 0 -0.675 27.508 31.461
1 147 0 0.6568 0.6015 0 0 -2.706 29.730 33.727
1 148 13 0.3668 -0.803 0 0 -1.751 32.581 31.381
1 149 18 0.2307 -0.242 0 0 -3.055 31.138 28.092
1 150 1 0.4792 -0.021 0 0 -5.586 28.756 29.735
1 151 6 0.4674 -0.210 0 0 -3.997 25.761 28.041
1 152 9 0.6804 -0.978 0 0 -5.117 22.650 29.953
1 153 22 0.8224 -0.119 0 0 -6.804 24.523 32.823
1 154 3 0.7159 -0.889 0 0 -10.366 23.329 32.440
1 155 3 0.7337 -0.614 0 0 -9.065 19.922 31.469
1 156 0 0.9053 0.4105 0 0 -7.088 19.594 34.694
1 157 15 0.9289 0.4777 0 0 -9.989 20.442 37.013
1 158 20 0.7810 -0.365 0 0 -12.565 18.446 35.062
1 159 18 0.7988 0.0590 0 0 -10.281 15.416 34.807
1 160 12 0.8994 0.8484 0 0 -9.879 15.585 38.587
1 161 22 0.7633 -0.295 0 0 -13.681 15.446 38.957
1 162 1 0.5502 -0.222 0 0 -13.735 12.369 36.728
1 163 7 0.6686 0.4619 0 0 -10.995 10.805 38.877
1 164 11 0.6331 0.6027 0 0 -13.045 11.492 42.014
1 165 1 0.3846 -0.005 0 0 -16.089 9.877 40.403
1 166 13 0.2781 0.3018 0 0 -14.087 6.817 39.421
1 167 10 0.3431 0.3620 0 0 -12.811 6.412 42.958
1 168 13 0.1360 0.5341 0 0 -16.294 6.810 44.433
1 169 7 0.0473 0.0968 0 0 -17.319 3.929 42.186
