1 1 9 0.0 -0.501 0 0 14.137 14.325 13.358
1 2 14 0.0236 0.2073 0 0 11.269 16.842 13.195
1 3 18 0.0946 0.1866 0 0 8.499 15.252 11.161
1 4 7 0.3076 -0.040 0 0 5.784 17.259 9.442
1 5 20 0.5562 -0.198 0 0 2.152 16.137 9.777
1 6 13 0.7337 -0.564 0 0 -0.742 17.371 7.673
1 7 12 0.9112 0.0437 0 0 -3.784 17.937 9.874
1 8 22 0.9585 -0.676 0 0 -7.130 19.000 8.408
1 9 22 0.9881 0.1982 0 0 -9.906 20.645 10.407
1 10 22 0.9644 -0.044 0 0 -13.352 19.919 8.897
1 11 9 0.9171 0.4694 0 0 -16.951 20.582 9.905
1 12 0 0.7573 -0.376 0 0 -20.010 22.642 9.166
1 13 9 0.6153 -0.193 0 0 -19.858 26.398 9.073
1 14 3 0.5621 -0.975 0 0 -19.784 28.224 12.384
1 15 22 0.8047 0.5861 0 0 -18.726 25.264 14.516
1 16 9 0.8402 -0.651 0 0 -15.415 26.888 15.535
1 17 13 0.9349 0.0708 0 0 -12.807 25.457 13.135
1 18 17 0.8284 -0.668 0 0 -11.011 28.758 12.761
1 19 0 0.7396 -0.324 0 0 -11.284 29.666 16.462
1 20 12 0.8816 0.6458 0 0 -9.860 26.296 17.523
1 21 18 0.8757 0.2686 0 0 -6.962 26.655 15.121
1 22 11 0.6272 -0.430 0 0 -6.169 30.239 16.096
1 23 6 0.5798 -0.195 0 0 -6.155 29.341 19.829
1 24 12 0.6804 0.6310 0 0 -3.511 26.693 19.153
1 25 11 0.5147 0.4098 0 0 -1.443 28.866 16.795
1 26 6 0.2958 0.0742 0 0 -1.772 32.332 18.335
1 27 2 0.2307 -0.313 0 0 -2.975 31.817 21.912
1 28 10 0.1834 -0.217 0 0 -6.134 33.875 21.738
1 29 15 0.3195 0.1046 0 0 -9.834 33.474 21.052
1 30 22 0.2603 0.1534 0 0 -10.956 35.196 17.861
1 31 3 0.1301 -0.814 0 0 -14.579 36.417 17.803
1 32 7 0.1124 -0.717 0 0 -14.719 37.260 14.120
1 33 20 0.2781 0.6378 0 0 -12.742 35.458 11.428
1 34 3 0.1597 -0.670 0 0 -14.256 35.488 7.967
1 35 16 0.3905 -0.713 0 0 -16.058 32.144 7.513
1 36 18 0.2899 -0.896 0 0 -15.056 31.925 3.860
1 37 11 0.3668 -0.519 0 0 -11.271 32.018 4.424
1 38 7 0.5266 0.2520 0 0 -9.421 28.725 4.157
1 39 3 0.5207 -0.616 0 0 -5.780 28.933 5.223
1 40 17 0.5976 -0.492 0 0 -3.008 26.758 6.616
1 41 20 0.5384 0.1943 0 0 -0.700 27.281 9.612
1 42 1 0.4437 -0.262 0 0 2.540 25.640 10.795
1 43 13 0.4260 0.2268 0 0 3.333 24.991 14.458
1 44 6 0.2011 -0.499 0 0 6.227 23.186 16.056
1 45 22 0.2662 0.9886 0 0 5.396 21.041 19.099
1 46 22 0.1183 -0.979 0 0 6.857 18.198 21.097
1 47 11 0.2071 0.9953 0 0 4.604 15.193 21.613
1 48 3 0.0650 0.5866 0 0 5.635 12.057 23.504
1 49 9 0.0059 0.3432 0 0 9.311 12.993 23.162
1 50 7 0.0414 -0.023 0 0 9.406 13.795 19.477
1 51 18 0.0591 -0.486 0 0 9.258 17.201 17.810
1 52 5 0.2189 0.6791 0 0 6.830 17.568 15.015
1 53 12 0.3491 -0.515 0 0 5.777 20.287 12.669
1 54 12 0.6213 0.4339 0 0 1.990 20.565 12.365
1 55 3 0.6449 -0.558 0 0 0.712 21.780 9.026
1 56 11 0.8579 0.3888 0 0 -2.888 22.581 9.868
1 57 12 0.8639 -0.392 0 0 -5.499 23.294 7.179
1 58 3 0.8875 -0.373 0 0 -8.478 25.294 8.511
1 59 18 0.8520 0.5857 0 0 -11.070 24.342 5.895
1 60 0 0.6863 -0.567 0 0 -14.006 26.484 4.864
1 61 9 0.5739 0.9554 0 0 -16.188 24.193 2.758
1 62 6 0.3254 -0.457 0 0 -16.755 24.153 -0.978
1 63 7 0.1775 0.7223 0 0 -13.753 24.655 -3.197
1 64 7 0.0355 -0.649 0 0 -13.580 26.230 -6.638
1 65 20 0.0295 -0.809 0 0 -13.251 22.638 -7.892
1 66 17 0.0828 -0.541 0 0 -14.176 19.553 -5.911
1 67 0 0.0532 -0.971 0 0 -10.894 18.029 -7.142
1 68 14 0.1420 -0.309 0 0 -9.170 20.451 -4.714
1 69 1 0.4319 -0.105 0 0 -11.167 19.097 -1.753
1 70 3 0.3431 -0.769 0 0 -10.235 15.585 -2.793
1 71 6 0.2840 -0.640 0 0 -6.588 16.548 -2.944
1 72 20 0.5502 0.5686 0 0 -6.448 17.951 0.591
1 73 14 0.6508 0.3322 0 0 -8.246 14.854 1.819
1 74 1 0.4082 -0.790 0 0 -5.741 12.606 0.065
1 75 18 0.4615 -0.468 0 0 -2.727 14.465 1.435
1 76 9 0.7514 -0.152 0 0 -4.265 14.976 4.892
1 77 7 0.7218 -0.643 0 0 -2.929 12.519 7.395
1 78 9 0.8994 -0.667 0 0 -5.443 13.187 10.168
1 79 15 0.9763 -0.772 0 0 -8.754 14.999 10.496
1 80 12 0.9940 0.5310 0 0 -10.359 16.946 13.296
1 81 5 0.9822 -0.646 0 0 -14.055 16.460 12.685
1 82 22 0.9704 0.4393 0 0 -15.660 19.362 14.482
1 83 15 0.8698 -0.304 0 0 -19.307 19.950 15.367
1 84 0 0.6982 -0.266 0 0 -20.866 22.442 17.783
1 85 11 0.4911 -0.104 0 0 -22.742 21.097 20.793
1 86 2 0.2544 -0.007 0 0 -25.565 23.613 20.197
1 87 2 0.3609 0.4517 0 0 -26.093 22.621 16.556
1 88 18 0.2485 -0.850 0 0 -27.643 19.228 15.808
1 89 13 0.3136 -0.191 0 0 -27.197 19.617 12.065
1 90 17 0.5857 0.1720 0 0 -23.462 20.096 12.497
1 91 15 0.5917 -0.249 0 0 -23.388 16.824 14.409
1 92 7 0.4142 -0.933 0 0 -25.417 15.008 11.755
1 93 3 0.5680 -0.014 0 0 -22.964 16.366 9.175
1 94 11 0.7810 0.6820 0 0 -20.213 14.322 10.827
1 95 10 0.5088 -0.589 0 0 -21.722 11.201 9.184
1 96 10 0.5029 -0.022 0 0 -21.005 12.867 5.831
1 97 20 0.7928 0.4557 0 0 -17.482 13.959 6.716
1 98 1 0.7100 -0.037 0 0 -16.577 10.482 7.946
1 99 7 0.4497 -0.718 0 0 -17.968 8.907 4.779
1 100 6 0.4852 0.0572 0 0 -16.455 11.436 2.382
1 101 11 0.6568 0.9979 0 0 -12.937 11.335 3.827
1 102 13 0.4556 -0.109 0 0 -12.913 7.514 3.807
1 103 1 0.1952 -0.348 0 0 -14.293 7.586 0.282
1 104 22 0.3017 0.5263 0 0 -11.686 10.014 -1.089
1 105 13 0.3313 0.8292 0 0 -8.818 8.209 0.640
1 106 3 0.0887 -0.961 0 0 -10.341 4.813 -0.265
1 107 17 0.1479 0.5670 0 0 -9.496 3.662 3.231
1 108 7 0.1715 -0.940 0 0 -11.226 2.208 6.265
1 109 3 0.3727 -0.487 0 0 -8.486 3.454 8.612
1 110 22 0.6390 0.2502 0 0 -8.208 7.223 8.671
1 111 16 0.8106 -0.536 0 0 -6.850 9.015 11.744
1 112 14 0.9289 -0.162 0 0 -9.516 11.263 13.149
1 113 22 0.9526 0.0366 0 0 -10.703 12.866 16.369
1 114 12 0.9408 -0.723 0 0 -14.335 13.867 16.919
1 115 22 0.9467 0.7348 0 0 -14.495 17.338 18.482
1 116 9 0.8461 0.1765 0 0 -17.611 18.717 20.161
1 117 2 0.8224 0.3904 0 0 -16.909 22.422 20.365
1 118 13 0.5325 0.1100 0 0 -18.600 25.342 22.197
1 119 5 0.4201 0.2791 0 0 -18.967 23.360 25.422
1 120 3 0.1538 0.3665 0 0 -18.948 26.625 27.389
1 121 12 0.1005 0.4240 0 0 -22.432 27.386 26.022
1 122 16 0.0118 -0.485 0 0 -25.541 26.396 28.038
1 123 17 0.0177 0.2528 0 0 -27.779 25.989 24.956
1 124 1 0.0769 0.4813 0 0 -26.668 22.372 24.329
1 125 18 0.0710 -0.104 0 0 -28.633 20.154 21.911
1 126 22 0.2130 0.8654 0 0 -26.153 17.317 21.268
1 127 3 0.1242 -0.901 0 0 -25.634 14.971 24.272
1 128 18 0.2366 -0.061 0 0 -22.177 13.814 25.384
1 129 13 0.1065 -0.807 0 0 -23.396 10.227 24.987
1 130 6 0.1656 -0.136 0 0 -24.487 10.588 21.399
1 131 0 0.4970 0.3917 0 0 -21.117 12.011 20.396
1 132 6 0.4023 -0.527 0 0 -19.173 9.466 22.469
1 133 3 0.1893 -0.806 0 0 -21.209 6.686 20.872
1 134 12 0.4378 0.4593 0 0 -20.536 8.005 17.352
1 135 0 0.6035 0.4833 0 0 -16.794 8.249 18.001
1 136 1 0.3550 -0.434 0 0 -16.765 4.749 19.456
1 137 17 0.2248 0.0565 0 0 -18.585 3.466 16.356
1 138 20 0.4674 0.5703 0 0 -15.686 4.856 14.278
1 139 9 0.3964 -0.562 0 0 -12.967 3.654 16.693
1 140 11 0.6745 0.7115 0 0 -11.765 7.205 17.297
1 141 16 0.7455 0.2103 0 0 -11.421 9.562 20.276
1 142 15 0.7869 -0.261 0 0 -14.058 12.117 21.253
1 143 11 0.8165 0.2959 0 0 -12.981 15.353 22.920
1 144 7 0.7041 -0.813 0 0 -15.191 18.190 24.150
1 145 18 0.7751 0.9728 0 0 -13.690 21.620 23.536
1 146 17 0.6094 -0.994 0 0 -14.215 25.300 23.924
1 147 0 0.6627 0.6166 0 0 -12.179 27.574 21.718
1 148 13 0.3786 -0.742 0 0 -13.361 30.379 24.024
1 149 18 0.2426 -0.247 0 0 -11.948 28.975 27.282
1 150 1 0.4792 0.0455 0 0 -9.347 26.759 25.567
1 151 6 0.4733 -0.170 0 0 -10.815 23.651 27.220
1 152 9 0.6923 -0.980 0 0 -9.711 20.585 25.296
1 153 22 0.8343 -0.119 0 0 -8.094 22.453 22.393
1 154 3 0.7159 -0.839 0 0 -4.530 21.280 22.890
1 155 3 0.7278 -0.447 0 0 -5.721 17.785 23.798
1 156 0 0.9053 0.4125 0 0 -7.719 17.565 20.527
1 157 15 0.9230 0.4722 0 0 -4.763 18.470 18.300
1 158 20 0.7692 -0.590 0 0 -2.212 16.410 20.272
1 159 18 0.7988 0.0624 0 0 -4.521 13.416 20.365
1 160 12 0.8934 0.8461 0 0 -4.888 13.673 16.577
1 161 22 0.7633 -0.300 0 0 -1.104 13.557 16.212
1 162 1 0.5443 -0.190 0 0 -1.067 10.438 18.416
1 163 7 0.6686 0.4641 0 0 -3.755 8.864 16.212
1 164 11 0.6331 0.6008 0 0 -1.696 9.665 13.092
1 165 1 0.3846 -0.006 0 0 1.328 8.011 14.659
1 166 13 0.2721 0.3168 0 0 -0.664 4.928 15.633
1 167 10 0.3372 0.3789 0 0 -1.830 4.640 12.040
1 168 13 0.1360 0.3656 0 0 1.679 5.092 10.567
1 169 7 0.0473 0.2811 0 0 2.983 2.515 13.064
