0 1 14 0 0 0 0 0 0 0
0 2 10 0 0 0 0 0 0 0
0 3 10 0 0 0 0 0 0 0
0 4 10 0 0 0 0 0 0 0
0 5 10 0 0 0 0 0 0 0
0 6 10 0 0 0 0 0 0 0
0 7 10 0 0 0 0 0 0 0
0 8 9 0 0 0 0 0 0 0
0 9 9 0 0 0 0 0 0 0
0 10 9 0 0 0 0 0 0 0
0 11 7 0 0 0 0 0 0 0
0 12 2 0 0 0 0 0 0 0
0 13 12 0 0 0 0 0 0 0
0 14 20 0 0 0 0 0 0 0
0 15 15 0 0 0 0 0 0 0
0 16 6 0 0 0 0 0 0 0
0 17 9 0 0 0 0 0 0 0
0 18 17 0 0 0 0 0 0 0
1 19 10 0.0 0.1675 0 0 59.429 21.804 62.498
1 20 14 0.0059 0.3923 0 0 62.292 24.248 61.575
1 21 18 0.1197 0.1092 0 0 63.016 27.197 63.905
1 22 7 0.3413 -0.089 0 0 60.942 30.294 63.097
1 23 20 0.5988 -0.215 0 0 62.318 33.678 64.244
1 24 13 0.7125 -0.817 0 0 59.866 36.577 64.763
1 25 12 0.9101 0.1802 0 0 61.820 39.783 64.030
1 26 22 0.9520 -0.772 0 0 60.423 43.340 64.445
1 27 22 0.9880 0.4391 0 0 61.825 46.336 62.579
1 28 22 0.9640 -0.341 0 0 61.489 49.641 64.562
1 29 9 0.9041 0.0000 0 0 62.531 53.165 63.730
1 30 0 0.7425 -0.471 0 0 61.565 56.643 62.635
1 31 9 0.6167 0.0000 0 0 59.413 57.175 59.558
1 32 9 0.4491 0.0000 0 0 60.087 59.274 56.447
1 33 22 0.5928 0.2156 0 0 63.681 57.963 56.076
1 34 9 0.7005 0.0000 0 0 63.441 54.678 54.023
1 35 13 0.8982 0.3043 0 0 63.401 52.050 56.834
1 36 17 0.8502 -0.971 0 0 61.154 49.809 54.560
1 37 0 0.8203 -0.317 0 0 64.105 49.251 52.148
1 38 12 0.9401 0.8737 0 0 65.980 47.077 54.649
1 39 18 0.9161 0.3718 0 0 63.305 44.288 54.783
1 40 11 0.7664 -0.446 0 0 62.361 44.647 51.133
1 41 6 0.6826 -0.069 0 0 65.951 44.056 50.018
1 42 12 0.8023 0.5273 0 0 66.235 41.065 52.371
1 43 11 0.6287 0.2591 0 0 63.031 39.343 51.134
1 44 6 0.4251 0.0713 0 0 63.276 40.058 47.429
1 45 2 0.2155 -0.689 0 0 66.016 38.264 45.380
1 46 10 0.1736 -0.156 0 0 69.307 40.053 44.581
1 47 15 0.0239 -0.150 0 0 68.263 40.504 40.847
1 48 22 0.0359 -0.018 0 0 64.484 40.817 41.383
1 49 3 0.0898 0.1557 0 0 63.558 44.513 41.939
1 50 7 0.0538 -0.875 0 0 59.749 43.686 42.009
1 51 20 0.1796 0.9365 0 0 57.675 43.673 45.283
1 52 3 0.1017 -0.859 0 0 53.994 42.981 46.206
1 53 16 0.2874 -0.117 0 0 53.515 43.614 49.965
1 54 18 0.0658 -0.905 0 0 50.051 41.908 49.648
1 55 11 0.0598 -0.137 0 0 51.362 38.312 49.250
1 56 7 0.1317 -0.344 0 0 52.506 36.006 52.238
1 57 3 0.2095 -0.870 0 0 55.984 35.284 50.679
1 58 17 0.4311 -0.162 0 0 56.674 39.090 51.075
1 59 20 0.6047 -0.598 0 0 57.451 38.836 54.895
1 60 1 0.5029 -0.538 0 0 58.628 35.168 55.453
1 61 13 0.4790 0.2834 0 0 61.983 33.864 54.222
1 62 6 0.2754 -0.969 0 0 63.813 30.571 54.545
1 63 22 0.3592 0.9976 0 0 67.520 31.104 55.237
1 64 22 0.1856 -0.968 0 0 70.637 29.193 56.281
1 65 11 0.3353 0.9602 0 0 72.581 31.025 59.054
1 66 3 0.1077 0.4968 0 0 75.808 29.419 60.458
1 67 9 0.0119 0.0000 0 0 74.802 26.204 58.633
1 68 7 0.0419 -0.037 0 0 71.493 25.931 60.602
1 69 18 0.0718 -0.600 0 0 68.348 26.468 58.409
1 70 5 0.2514 0.7709 0 0 65.469 28.582 59.810
1 71 12 0.3952 -0.332 0 0 62.491 30.737 58.872
1 72 12 0.6526 0.4755 0 0 62.523 34.542 59.424
1 73 3 0.6706 -0.550 0 0 59.106 36.145 59.960
1 74 11 0.8682 0.5641 0 0 59.623 39.934 59.648
1 75 12 0.8443 -0.556 0 0 57.213 42.642 60.891
1 76 3 0.8922 0.4259 0 0 57.876 46.135 59.445
1 77 18 0.7544 -0.147 0 0 54.951 48.557 60.020
1 78 0 0.7604 0.3149 0 0 56.568 51.273 57.846
1 79 9 0.4730 0.0000 0 0 53.786 53.858 57.240
1 80 6 0.4371 0.0652 0 0 51.956 53.370 60.574
1 81 7 0.4670 0.6981 0 0 54.208 55.644 62.732
1 82 7 0.1556 -0.519 0 0 51.266 57.924 63.611
1 83 20 0.1497 -0.325 0 0 49.510 54.930 65.271
1 84 17 0.2215 -0.668 0 0 51.831 55.405 68.297
1 85 0 0.0778 -0.977 0 0 49.517 53.591 70.765
1 86 14 0.2395 -0.198 0 0 49.927 50.412 68.626
1 87 1 0.4910 0.1635 0 0 53.742 50.155 69.156
1 88 3 0.3712 -0.632 0 0 53.580 48.131 72.407
1 89 6 0.2814 -0.506 0 0 51.247 45.566 70.788
1 90 20 0.5508 -0.099 0 0 53.343 45.254 67.518
1 91 14 0.6646 0.2413 0 0 56.559 45.205 69.606
1 92 1 0.4610 -0.925 0 0 55.478 42.435 72.022
1 93 18 0.5089 0.1660 0 0 55.253 39.927 69.122
1 94 9 0.7305 0.0000 0 0 59.037 39.995 68.505
1 95 7 0.6586 -0.482 0 0 61.882 37.721 69.670
1 96 9 0.8742 0.0000 0 0 64.452 40.191 68.283
1 97 15 0.9700 -0.766 0 0 64.537 43.804 67.040
1 98 12 0.9940 0.7056 0 0 66.212 45.836 64.330
1 99 5 0.9820 -0.759 0 0 66.415 49.450 65.540
1 100 22 0.9760 0.5354 0 0 66.863 51.355 62.256
1 101 15 0.8622 -0.339 0 0 67.959 55.002 61.702
1 102 0 0.7065 -0.470 0 0 69.147 56.927 58.655
1 103 11 0.5269 -0.065 0 0 72.761 58.092 58.442
1 104 2 0.3053 0.2536 0 0 71.401 61.419 56.795
1 105 2 0.3652 0.1844 0 0 68.899 62.139 59.628
1 106 18 0.2634 -0.875 0 0 70.049 62.982 63.143
1 107 13 0.2934 -0.386 0 0 66.509 63.005 64.572
1 108 17 0.5868 0.4114 0 0 66.066 59.329 63.570
1 109 15 0.5748 -0.245 0 0 69.341 58.566 65.399
1 110 7 0.3832 -0.868 0 0 68.239 60.605 68.446
1 111 3 0.5209 -0.160 0 0 64.955 58.610 68.517
1 112 11 0.7185 0.6822 0 0 66.716 55.160 68.978
1 113 10 0.4970 -0.911 0 0 67.120 55.768 72.740
1 114 6 0.4431 -0.897 0 0 63.296 55.811 73.213
1 115 20 0.6886 0.3924 0 0 62.570 52.952 70.776
1 116 1 0.6766 -0.177 0 0 64.976 50.767 72.812
1 117 7 0.4131 -0.672 0 0 63.441 51.960 76.178
1 118 6 0.4550 0.1242 0 0 60.009 51.003 74.807
1 119 11 0.6227 0.9753 0 0 61.187 47.511 73.648
1 120 13 0.4191 -0.061 0 0 62.633 46.880 77.125
1 121 1 0.1976 -0.470 0 0 59.400 48.071 78.819
1 122 22 0.2994 0.6464 0 0 57.266 45.843 76.521
1 123 13 0.3293 0.7446 0 0 59.474 42.761 76.930
1 124 3 0.0838 -0.974 0 0 59.988 43.484 80.680
1 125 17 0.1377 0.4194 0 0 63.723 42.815 80.221
1 126 3 0.1676 -0.907 0 0 67.079 44.669 80.093
1 127 3 0.3233 -0.210 0 0 68.474 41.921 77.801
1 128 22 0.5628 0.2819 0 0 66.411 41.844 74.549
1 129 16 0.7365 -0.537 0 0 68.047 40.468 71.297
1 130 14 0.8802 -0.165 0 0 68.527 43.760 69.475
1 131 22 0.9341 0.3279 0 0 70.667 45.242 66.786
1 132 12 0.9221 -0.736 0 0 71.314 48.887 65.757
1 133 22 0.9580 0.7947 0 0 71.075 49.493 61.943
1 134 9 0.8383 0.0000 0 0 72.314 52.650 60.197
1 135 2 0.8323 0.2646 0 0 70.751 52.819 56.733
1 136 13 0.5808 -0.867 0 0 72.106 54.955 53.783
1 137 5 0.5329 0.2890 0 0 68.872 55.663 51.784
1 138 3 0.2335 -0.042 0 0 70.204 58.278 49.336
1 139 12 0.0479 -0.320 0 0 73.294 60.207 48.196
1 140 0 0.0299 0.4640 0 0 72.285 62.941 50.735
1 141 0 0.0179 -0.727 0 0 74.883 64.175 53.215
1 142 1 0.1137 0.4881 0 0 75.749 61.846 56.108
1 143 18 0.0958 0.0924 0 0 74.981 63.628 59.397
1 144 22 0.2574 0.8317 0 0 75.716 60.592 61.652
1 145 7 0.1437 -0.892 0 0 79.297 59.300 61.714
1 146 17 0.3173 -0.452 0 0 79.808 55.554 62.074
1 147 1 0.1257 -0.679 0 0 81.786 56.264 65.309
1 148 6 0.1916 -0.207 0 0 78.796 58.084 67.002
1 149 0 0.4850 0.6283 0 0 76.661 55.068 66.147
1 150 6 0.4011 -0.020 0 0 79.312 52.484 67.137
1 151 3 0.2035 -0.818 0 0 79.680 54.322 70.526
1 152 12 0.3892 0.5153 0 0 75.920 54.341 71.107
1 153 0 0.5449 0.5329 0 0 75.654 50.616 70.251
1 154 1 0.2694 -0.645 0 0 78.485 49.886 72.766
1 155 17 0.1616 0.2504 0 0 76.746 51.916 75.536
1 156 20 0.4071 0.4487 0 0 73.592 49.748 74.990
1 157 9 0.3772 0.0000 0 0 75.700 46.616 74.495
1 158 11 0.6467 0.6743 0 0 74.363 45.614 71.057
1 159 16 0.6946 0.2679 0 0 75.876 45.207 67.565
1 160 20 0.7844 -0.085 0 0 75.945 47.988 64.974
1 161 11 0.8263 0.4958 0 0 75.491 47.294 61.235
1 162 7 0.7784 -0.733 0 0 75.436 49.847 58.401
1 163 18 0.8143 0.9764 0 0 73.471 49.068 55.264
1 164 17 0.6107 -0.977 0 0 72.971 50.645 51.849
1 165 0 0.6347 0.0899 0 0 69.457 50.775 50.296
1 166 13 0.3532 -0.816 0 0 70.848 51.456 46.821
1 167 18 0.3113 -0.264 0 0 73.306 48.464 46.722
1 168 1 0.5389 -0.188 0 0 72.058 45.837 49.235
1 169 6 0.5149 -0.802 0 0 75.405 46.062 51.123
1 170 9 0.7245 0.0000 0 0 74.889 45.160 54.825
1 171 22 0.8562 -0.012 0 0 71.317 43.818 54.769
1 172 7 0.7904 -0.942 0 0 72.010 40.142 55.242
1 173 3 0.7724 -0.415 0 0 74.564 40.950 58.000
1 174 0 0.9281 0.6487 0 0 71.972 43.123 59.791
1 175 15 0.9461 0.5841 0 0 69.397 40.300 59.900
1 176 20 0.7964 -0.465 0 0 71.835 37.384 60.470
1 177 18 0.8083 0.0746 0 0 73.576 39.309 63.303
1 178 12 0.8862 0.7254 0 0 70.120 39.591 65.011
1 179 22 0.7485 -0.245 0 0 69.364 35.863 64.496
1 180 1 0.5568 -0.059 0 0 72.825 35.196 66.083
1 181 7 0.6407 0.2582 0 0 71.881 37.556 68.977
1 182 11 0.5688 0.5955 0 0 68.606 35.608 69.579
1 183 1 0.3473 0.1197 0 0 70.410 32.207 69.484
1 184 6 0.2275 0.2178 0 0 73.091 33.416 71.992
1 185 10 0.2455 0.1954 0 0 70.459 34.800 74.414
