0 1 14 0 0 0 0 0 0 0
0 2 10 0 0 0 0 0 0 0
0 3 10 0 0 0 0 0 0 0
0 4 10 0 0 0 0 0 0 0
0 5 10 0 0 0 0 0 0 0
0 6 10 0 0 0 0 0 0 0
0 7 10 0 0 0 0 0 0 0
0 8 9 0 0 0 0 0 0 0
0 9 9 0 0 0 0 0 0 0
0 10 9 0 0 0 0 0 0 0
0 11 7 0 0 0 0 0 0 0
0 12 2 0 0 0 0 0 0 0
0 13 12 0 0 0 0 0 0 0
0 14 20 0 0 0 0 0 0 0
0 15 15 0 0 0 0 0 0 0
0 16 6 0 0 0 0 0 0 0
0 17 9 0 0 0 0 0 0 0
0 18 17 0 0 0 0 0 0 0
1 19 10 0.0 0.1349 0 0 60.027 22.066 62.044
1 20 14 0.0179 0.3844 0 0 62.801 24.682 61.319
1 21 18 0.1257 0.1491 0 0 63.276 27.597 63.691
1 22 7 0.3473 -0.059 0 0 61.266 30.773 62.995
1 23 20 0.5988 -0.201 0 0 62.629 34.184 64.117
1 24 13 0.7065 -0.823 0 0 60.070 36.981 64.540
1 25 12 0.9101 0.2178 0 0 62.003 40.221 63.783
1 26 22 0.9520 -0.784 0 0 60.715 43.802 64.055
1 27 22 0.9880 0.4500 0 0 62.078 46.827 62.211
1 28 22 0.9580 -0.264 0 0 61.693 50.120 64.172
1 29 9 0.9041 0.0000 0 0 62.757 53.629 63.289
1 30 0 0.7365 -0.441 0 0 61.872 57.081 62.106
1 31 9 0.6107 0.0000 0 0 59.598 57.584 59.103
1 32 9 0.4491 0.0000 0 0 60.313 59.556 55.934
1 33 22 0.5868 0.1817 0 0 63.945 58.346 55.617
1 34 9 0.6886 0.0000 0 0 63.630 55.093 53.559
1 35 13 0.8982 0.2611 0 0 63.644 52.480 56.362
1 36 17 0.8443 -0.989 0 0 61.513 50.155 54.136
1 37 0 0.8203 -0.378 0 0 64.526 49.503 51.839
1 38 12 0.9461 0.8760 0 0 66.379 47.368 54.427
1 39 18 0.9161 0.3725 0 0 63.632 44.616 54.464
1 40 11 0.7604 -0.433 0 0 62.566 45.012 50.804
1 41 6 0.6946 -0.092 0 0 66.195 44.489 49.719
1 42 12 0.8023 0.5193 0 0 66.613 41.426 52.021
1 43 11 0.6167 0.3042 0 0 63.485 39.659 50.697
1 44 6 0.4311 -0.038 0 0 63.850 40.672 47.069
1 45 2 0.2095 -0.605 0 0 66.184 38.431 45.109
1 46 10 0.1497 0.0134 0 0 68.792 40.800 43.621
1 47 15 0.0059 -0.008 0 0 68.148 41.114 39.795
1 48 22 0.0299 -0.112 0 0 64.318 41.278 40.471
1 49 3 0.0598 0.1208 0 0 63.153 44.832 41.414
1 50 7 0.0359 -0.882 0 0 59.371 43.797 41.318
1 51 20 0.1676 0.9417 0 0 57.891 43.948 44.970
1 52 3 0.1077 -0.803 0 0 54.309 43.159 46.138
1 53 16 0.3053 -0.124 0 0 53.850 43.877 49.891
1 54 18 0.0778 -0.911 0 0 50.365 42.140 49.672
1 55 11 0.0658 -0.205 0 0 51.754 38.535 49.560
1 56 7 0.1616 -0.357 0 0 53.110 36.378 52.534
1 57 3 0.2275 -0.893 0 0 56.456 35.720 50.736
1 58 17 0.4371 -0.136 0 0 57.126 39.531 50.903
1 59 20 0.6407 -0.521 0 0 57.838 39.353 54.719
1 60 1 0.5029 -0.551 0 0 58.915 35.623 55.163
1 61 13 0.4790 0.2876 0 0 62.334 34.292 53.982
1 62 6 0.2754 -0.969 0 0 64.151 30.985 54.375
1 63 22 0.3712 0.9960 0 0 67.866 31.540 55.063
1 64 22 0.1856 -0.970 0 0 70.912 29.550 56.251
1 65 11 0.3233 0.9683 0 0 72.899 31.372 58.943
1 66 3 0.1017 0.5335 0 0 76.086 29.654 60.253
1 67 9 0.0119 0.0000 0 0 74.991 26.435 58.451
1 68 7 0.0419 0.2619 0 0 71.644 26.280 60.371
1 69 18 0.0718 -0.608 0 0 68.498 26.769 58.194
1 70 5 0.2395 0.7666 0 0 65.781 29.007 59.680
1 71 12 0.3952 -0.252 0 0 62.804 31.173 58.703
1 72 12 0.6586 0.4926 0 0 62.852 34.967 59.194
1 73 3 0.6766 -0.501 0 0 59.433 36.603 59.723
1 74 11 0.8742 0.5522 0 0 60.053 40.389 59.513
1 75 12 0.8562 -0.564 0 0 57.558 43.023 60.672
1 76 3 0.8922 0.4088 0 0 58.096 46.452 59.169
1 77 18 0.7544 -0.090 0 0 55.193 48.894 59.770
1 78 0 0.7664 0.3711 0 0 56.820 51.571 57.533
1 79 9 0.4730 0.0000 0 0 54.177 54.277 56.938
1 80 6 0.4251 0.0746 0 0 52.263 53.831 60.273
1 81 7 0.4610 0.7072 0 0 54.504 56.133 62.419
1 82 7 0.1556 -0.690 0 0 51.619 58.413 63.287
1 83 20 0.1377 -0.318 0 0 49.845 55.419 64.951
1 84 17 0.2155 -0.701 0 0 52.170 56.057 67.907
1 85 0 0.0838 -0.989 0 0 49.913 54.171 70.328
1 86 14 0.2335 -0.236 0 0 50.362 50.965 68.203
1 87 1 0.4910 0.1085 0 0 54.122 50.662 68.854
1 88 3 0.3772 -0.633 0 0 53.842 48.506 71.977
1 89 6 0.2874 -0.511 0 0 51.468 46.100 70.229
1 90 20 0.5568 -0.108 0 0 53.728 45.736 67.145
1 91 14 0.6646 0.2240 0 0 56.952 45.597 69.217
1 92 1 0.4670 -0.913 0 0 55.593 42.804 71.432
1 93 18 0.5209 0.2576 0 0 55.423 40.437 68.410
1 94 9 0.7485 0.0000 0 0 59.229 40.466 68.080
1 95 7 0.6526 -0.447 0 0 62.074 38.388 69.568
1 96 9 0.8682 0.0000 0 0 64.678 40.578 67.833
1 97 15 0.9700 -0.755 0 0 64.809 44.232 66.741
1 98 12 0.9940 0.7060 0 0 66.476 46.269 64.033
1 99 5 0.9820 -0.749 0 0 66.629 49.909 65.218
1 100 22 0.9760 0.6465 0 0 67.126 51.808 62.026
1 101 15 0.8622 -0.317 0 0 68.216 55.374 61.337
1 102 0 0.7185 -0.495 0 0 69.224 57.211 58.135
1 103 11 0.5269 -0.094 0 0 72.903 58.378 58.057
1 104 2 0.3113 0.3332 0 0 71.684 61.641 56.299
1 105 2 0.3532 0.1502 0 0 69.154 62.502 59.064
1 106 18 0.2634 -0.836 0 0 70.403 63.317 62.572
1 107 13 0.2814 -0.321 0 0 66.869 63.407 64.079
1 108 17 0.5928 0.3824 0 0 66.305 59.684 63.124
1 109 15 0.5808 -0.250 0 0 69.617 58.885 64.839
1 110 7 0.3832 -0.878 0 0 68.595 60.874 67.951
1 111 3 0.5149 -0.133 0 0 65.223 59.010 68.089
1 112 11 0.7125 0.7207 0 0 66.989 55.614 68.604
1 113 10 0.4850 -0.875 0 0 67.340 56.156 72.371
1 114 6 0.4431 -0.873 0 0 63.553 56.300 72.889
1 115 20 0.6826 0.4070 0 0 62.813 53.394 70.487
1 116 1 0.6706 -0.245 0 0 65.180 51.149 72.444
1 117 7 0.4131 -0.743 0 0 63.661 52.319 75.768
1 118 6 0.4550 0.1954 0 0 60.197 51.294 74.540
1 119 11 0.6287 0.9841 0 0 61.463 47.918 73.308
1 120 13 0.4191 -0.093 0 0 62.994 47.262 76.754
1 121 1 0.1916 -0.472 0 0 59.725 48.296 78.449
1 122 22 0.2994 0.6345 0 0 57.500 46.197 76.120
1 123 13 0.3353 0.7392 0 0 59.705 43.107 76.464
1 124 3 0.0898 -0.972 0 0 60.269 43.793 80.225
1 125 17 0.1317 0.3407 0 0 64.013 43.196 79.804
1 126 3 0.1736 -0.866 0 0 67.260 45.196 79.723
1 127 3 0.3293 -0.221 0 0 68.825 42.610 77.411
1 128 22 0.5628 0.2917 0 0 66.582 42.292 74.303
1 129 16 0.7305 -0.545 0 0 68.250 40.925 71.077
1 130 14 0.8862 -0.131 0 0 68.814 44.146 69.098
1 131 22 0.9401 0.3627 0 0 70.917 45.649 66.370
1 132 12 0.9221 -0.739 0 0 71.632 49.298 65.392
1 133 22 0.9640 0.7838 0 0 71.324 49.827 61.606
1 134 9 0.8383 0.0000 0 0 72.595 52.974 59.796
1 135 2 0.8323 0.3224 0 0 70.948 53.181 56.334
1 136 13 0.5748 -0.855 0 0 72.431 55.166 53.324
1 137 5 0.5449 0.1581 0 0 69.013 55.787 51.628
1 138 3 0.2455 -0.047 0 0 70.122 58.311 48.998
1 139 12 0.0538 -0.339 0 0 73.005 60.454 47.718
1 140 0 0.0479 0.4976 0 0 72.153 63.185 50.357
1 141 0 0.0239 -0.836 0 0 75.075 64.188 52.598
1 142 1 0.1137 0.4761 0 0 75.988 62.150 55.682
1 143 18 0.0958 0.1032 0 0 75.310 63.981 58.993
1 144 22 0.2574 0.8456 0 0 75.906 60.915 61.245
1 145 7 0.1437 -0.857 0 0 79.510 59.708 61.308
1 146 17 0.2934 -0.371 0 0 80.255 56.003 61.637
1 147 1 0.1197 -0.660 0 0 82.034 56.699 65.015
1 148 6 0.1976 -0.224 0 0 78.939 58.454 66.511
1 149 0 0.4970 0.6634 0 0 76.771 55.374 65.742
1 150 6 0.4011 -0.047 0 0 79.535 52.873 66.732
1 151 3 0.2035 -0.840 0 0 79.833 54.777 70.075
1 152 12 0.3892 0.5320 0 0 76.019 54.714 70.698
1 153 0 0.5508 0.4914 0 0 75.876 50.978 69.868
1 154 1 0.2694 -0.690 0 0 78.722 50.208 72.283
1 155 17 0.1796 0.2117 0 0 76.980 52.197 75.093
1 156 20 0.4071 0.4766 0 0 73.896 49.882 74.663
1 157 9 0.3652 0.0000 0 0 76.090 46.777 74.271
1 158 11 0.6347 0.6780 0 0 74.778 45.954 70.761
1 159 16 0.7005 0.2261 0 0 76.154 45.542 67.184
1 160 20 0.7844 -0.088 0 0 76.254 48.370 64.598
1 161 11 0.8263 0.4752 0 0 75.747 47.621 60.865
1 162 7 0.7784 -0.744 0 0 75.795 50.232 58.046
1 163 18 0.8143 0.9738 0 0 73.757 49.457 54.917
1 164 17 0.6047 -0.974 0 0 73.312 50.885 51.439
1 165 0 0.6467 0.1013 0 0 69.725 51.016 50.056
1 166 13 0.3592 -0.884 0 0 71.050 51.398 46.496
1 167 18 0.3173 -0.202 0 0 73.643 48.498 46.419
1 168 1 0.5389 -0.144 0 0 72.307 45.977 48.981
1 169 6 0.5089 -0.838 0 0 75.660 46.318 50.859
1 170 9 0.7245 0.0000 0 0 75.284 45.338 54.548
1 171 22 0.8502 -0.019 0 0 71.623 44.193 54.379
1 172 7 0.7964 -0.940 0 0 72.217 40.495 54.984
1 173 3 0.7724 -0.413 0 0 74.887 41.204 57.643
1 174 0 0.9281 0.6879 0 0 72.332 43.365 59.579
1 175 15 0.9341 0.6131 0 0 69.720 40.622 59.619
1 176 20 0.7904 -0.460 0 0 72.170 37.704 60.172
1 177 18 0.8083 0.0492 0 0 73.884 39.578 63.029
1 178 12 0.8802 0.7364 0 0 70.411 39.926 64.681
1 179 22 0.7425 -0.271 0 0 69.689 36.190 64.331
1 180 1 0.5329 -0.017 0 0 73.110 35.489 65.970
1 181 7 0.6227 0.2495 0 0 72.179 37.937 68.806
1 182 11 0.5688 0.6075 0 0 68.905 35.986 69.367
1 183 1 0.3413 0.1081 0 0 70.732 32.576 69.188
1 184 6 0.2215 0.2529 0 0 73.434 33.755 71.652
1 185 10 0.2514 0.0914 0 0 70.886 35.380 73.986
