0 1 14 0 0 0 0 0 0 0
0 2 10 0 0 0 0 0 0 0
0 3 10 0 0 0 0 0 0 0
0 4 10 0 0 0 0 0 0 0
0 5 10 0 0 0 0 0 0 0
0 6 10 0 0 0 0 0 0 0
0 7 10 0 0 0 0 0 0 0
0 8 9 0 0 0 0 0 0 0
0 9 9 0 0 0 0 0 0 0
0 10 9 0 0 0 0 0 0 0
0 11 7 0 0 0 0 0 0 0
0 12 2 0 0 0 0 0 0 0
0 13 12 0 0 0 0 0 0 0
0 14 20 0 0 0 0 0 0 0
0 15 15 0 0 0 0 0 0 0
0 16 6 0 0 0 0 0 0 0
0 17 9 0 0 0 0 0 0 0
0 18 17 0 0 0 0 0 0 0
1 19 10 0.0 -0.140 0 0 59.236 22.063 62.685
1 20 14 0.0119 0.3848 0 0 62.109 24.419 61.575
1 21 18 0.1257 0.0830 0 0 62.873 27.420 63.752
1 22 7 0.3473 -0.097 0 0 60.918 30.566 62.882
1 23 20 0.5988 -0.218 0 0 62.316 33.960 64.047
1 24 13 0.6946 -0.810 0 0 59.711 36.731 64.617
1 25 12 0.9041 0.2265 0 0 61.650 39.918 63.727
1 26 22 0.9520 -0.759 0 0 60.324 43.514 64.090
1 27 22 0.9880 0.4659 0 0 61.640 46.591 62.246
1 28 22 0.9580 -0.350 0 0 61.351 49.846 64.261
1 29 9 0.9101 0.0000 0 0 62.533 53.278 63.260
1 30 0 0.7485 -0.489 0 0 61.608 56.758 62.149
1 31 9 0.6167 0.0000 0 0 59.362 57.332 59.141
1 32 9 0.4431 0.0000 0 0 59.963 59.407 56.015
1 33 22 0.5808 0.2153 0 0 63.610 58.209 55.666
1 34 9 0.6826 0.0000 0 0 63.415 54.953 53.548
1 35 13 0.8982 0.3254 0 0 63.358 52.366 56.414
1 36 17 0.8502 -0.988 0 0 61.307 50.013 54.182
1 37 0 0.8203 -0.365 0 0 64.294 49.406 51.881
1 38 12 0.9461 0.8779 0 0 66.027 47.145 54.454
1 39 18 0.9161 0.3682 0 0 63.364 44.351 54.434
1 40 11 0.7664 -0.445 0 0 62.305 44.904 50.844
1 41 6 0.6886 0.0528 0 0 65.883 44.357 49.681
1 42 12 0.8023 0.5314 0 0 66.242 41.286 51.963
1 43 11 0.6107 0.3210 0 0 63.117 39.505 50.631
1 44 6 0.4311 0.0186 0 0 63.580 40.679 47.031
1 45 2 0.2095 -0.498 0 0 65.419 37.801 45.357
1 46 10 0.1616 0.0468 0 0 68.401 39.792 44.046
1 47 15 0.0179 -0.066 0 0 68.005 40.591 40.280
1 48 22 0.0359 -0.138 0 0 64.167 40.919 40.766
1 49 3 0.0598 0.3020 0 0 62.584 44.413 41.302
1 50 7 0.0299 -0.934 0 0 58.814 43.501 41.109
1 51 20 0.1736 0.9251 0 0 57.811 43.763 44.870
1 52 3 0.1077 -0.752 0 0 54.209 43.139 46.024
1 53 16 0.2994 -0.115 0 0 53.616 43.746 49.782
1 54 18 0.0838 -0.772 0 0 50.098 42.199 49.685
1 55 11 0.0658 -0.279 0 0 51.347 38.528 49.597
1 56 7 0.1556 -0.366 0 0 52.711 36.182 52.395
1 57 3 0.2275 -0.821 0 0 56.165 35.577 50.755
1 58 17 0.4371 -0.109 0 0 56.767 39.385 50.833
1 59 20 0.6407 -0.515 0 0 57.564 39.212 54.647
1 60 1 0.5029 -0.551 0 0 58.782 35.524 55.042
1 61 13 0.4790 0.2770 0 0 62.135 34.078 53.945
1 62 6 0.2814 -0.965 0 0 63.826 30.751 54.416
1 63 22 0.3652 0.9945 0 0 67.509 31.317 55.082
1 64 22 0.1796 -0.956 0 0 70.541 29.290 56.179
1 65 11 0.3293 0.9675 0 0 72.462 31.052 58.965
1 66 3 0.1017 0.4989 0 0 75.619 29.257 60.186
1 67 9 0.0059 0.0000 0 0 74.375 26.071 58.412
1 68 7 0.0479 0.2921 0 0 71.186 26.007 60.556
1 69 18 0.0718 -0.593 0 0 68.124 26.567 58.302
1 70 5 0.2455 0.7628 0 0 65.376 28.840 59.671
1 71 12 0.4011 -0.313 0 0 62.435 30.971 58.610
1 72 12 0.6586 0.4651 0 0 62.506 34.730 59.193
1 73 3 0.6766 -0.424 0 0 59.140 36.456 59.671
1 74 11 0.8742 0.5243 0 0 59.738 40.241 59.419
1 75 12 0.8443 -0.541 0 0 57.188 42.842 60.654
1 76 3 0.8922 0.3939 0 0 57.764 46.255 59.067
1 77 18 0.7604 -0.094 0 0 54.938 48.743 59.721
1 78 0 0.7544 0.3326 0 0 56.538 51.380 57.452
1 79 9 0.4730 0.0000 0 0 53.887 54.109 56.914
1 80 6 0.4251 0.0952 0 0 51.981 53.658 60.205
1 81 7 0.4670 0.7002 0 0 54.189 55.951 62.331
1 82 7 0.1377 -0.665 0 0 51.316 58.296 63.195
1 83 20 0.1317 -0.325 0 0 49.564 55.362 64.915
1 84 17 0.2155 -0.674 0 0 51.983 55.995 67.823
1 85 0 0.0898 -0.988 0 0 49.798 54.093 70.332
1 86 14 0.2335 -0.217 0 0 50.086 50.868 68.192
1 87 1 0.4970 0.0933 0 0 53.898 50.549 68.646
1 88 3 0.3712 -0.584 0 0 53.467 48.378 71.778
1 89 6 0.2874 -0.398 0 0 50.986 46.045 69.957
1 90 20 0.5688 -0.113 0 0 53.525 45.620 67.131
1 91 14 0.6706 0.2003 0 0 56.726 45.452 69.218
1 92 1 0.4610 -0.917 0 0 55.113 42.802 71.528
1 93 18 0.5089 0.2542 0 0 54.987 40.330 68.541
1 94 9 0.7305 0.0000 0 0 58.809 40.114 68.144
1 95 7 0.6526 -0.422 0 0 61.775 38.234 69.646
1 96 9 0.8682 0.0000 0 0 64.329 40.438 67.875
1 97 15 0.9700 -0.804 0 0 64.393 44.024 66.689
1 98 12 0.9940 0.6987 0 0 66.233 46.006 64.036
1 99 5 0.9820 -0.777 0 0 66.358 49.612 65.247
1 100 22 0.9760 0.6154 0 0 66.737 51.499 61.978
1 101 15 0.8622 -0.324 0 0 67.859 55.125 61.406
1 102 0 0.7185 -0.485 0 0 68.983 57.015 58.260
1 103 11 0.5269 -0.078 0 0 72.640 58.117 58.095
1 104 2 0.3053 0.3121 0 0 71.439 61.464 56.411
1 105 2 0.3592 0.1619 0 0 68.870 62.264 59.175
1 106 18 0.2634 -0.837 0 0 70.130 63.080 62.693
1 107 13 0.2694 -0.406 0 0 66.566 63.179 64.164
1 108 17 0.5868 0.4209 0 0 66.037 59.490 63.112
1 109 15 0.5748 -0.228 0 0 69.333 58.706 64.923
1 110 7 0.3832 -0.875 0 0 68.340 60.675 68.057
1 111 3 0.5149 -0.170 0 0 64.951 58.812 68.084
1 112 11 0.7065 0.6997 0 0 66.696 55.369 68.625
1 113 10 0.4850 -0.861 0 0 67.079 55.953 72.361
1 114 6 0.4491 -0.938 0 0 63.281 55.959 72.810
1 115 20 0.7005 0.3657 0 0 62.580 53.020 70.442
1 116 1 0.6646 -0.243 0 0 64.937 50.903 72.524
1 117 7 0.4191 -0.709 0 0 63.331 52.166 75.758
1 118 6 0.4550 0.1683 0 0 59.901 51.091 74.528
1 119 11 0.6287 0.9781 0 0 61.137 47.651 73.303
1 120 13 0.4131 -0.116 0 0 62.723 47.055 76.796
1 121 1 0.2035 -0.475 0 0 59.459 48.193 78.441
1 122 22 0.2934 0.6551 0 0 57.274 45.998 76.118
1 123 13 0.3233 0.7440 0 0 59.439 42.888 76.650
1 124 3 0.0778 -0.977 0 0 60.024 43.606 80.430
1 125 17 0.1437 0.3934 0 0 63.741 42.953 79.808
1 126 3 0.1856 -0.841 0 0 66.976 44.993 79.621
1 127 3 0.3353 -0.285 0 0 68.556 42.247 77.448
1 128 22 0.5568 0.3253 0 0 66.409 42.070 74.306
1 129 16 0.7245 -0.500 0 0 68.015 40.567 71.099
1 130 14 0.8802 -0.098 0 0 68.523 43.834 69.223
1 131 22 0.9401 0.3692 0 0 70.604 45.339 66.478
1 132 12 0.9221 -0.717 0 0 71.267 48.951 65.380
1 133 22 0.9640 0.7789 0 0 70.934 49.582 61.617
1 134 9 0.8383 0.0000 0 0 72.280 52.708 59.866
1 135 2 0.8323 0.2827 0 0 70.544 52.879 56.455
1 136 13 0.5928 -0.862 0 0 72.031 54.912 53.505
1 137 5 0.5508 0.0772 0 0 68.601 55.635 51.817
1 138 3 0.2514 -0.088 0 0 69.915 58.150 49.266
1 139 12 0.0538 -0.202 0 0 72.974 60.063 48.001
1 140 0 0.0419 0.3695 0 0 72.089 63.076 50.301
1 141 0 0.0239 -0.803 0 0 74.886 64.009 52.727
1 142 1 0.1137 0.4792 0 0 75.797 61.842 55.722
1 143 18 0.0958 0.0913 0 0 75.007 63.679 58.977
1 144 22 0.2574 0.8372 0 0 75.591 60.672 61.278
1 145 7 0.1497 -0.845 0 0 79.202 59.459 61.377
1 146 17 0.3113 -0.429 0 0 79.766 55.759 61.828
1 147 1 0.1197 -0.691 0 0 81.778 56.458 65.015
1 148 6 0.1916 -0.216 0 0 78.690 58.119 66.673
1 149 0 0.4910 0.6353 0 0 76.568 55.043 65.838
1 150 6 0.4071 -0.007 0 0 79.275 52.518 66.812
1 151 3 0.1976 -0.854 0 0 79.549 54.478 70.145
1 152 12 0.3892 0.5533 0 0 75.739 54.511 70.692
1 153 0 0.5449 0.5147 0 0 75.512 50.768 69.852
1 154 1 0.2754 -0.664 0 0 78.380 50.061 72.301
1 155 17 0.1676 0.2306 0 0 76.734 52.030 75.160
1 156 20 0.3952 0.4768 0 0 73.630 49.768 74.749
1 157 9 0.3772 0.0000 0 0 75.712 46.601 74.137
1 158 11 0.6467 0.6559 0 0 74.352 45.733 70.690
1 159 16 0.7125 0.2619 0 0 75.795 45.339 67.166
1 160 20 0.7844 -0.080 0 0 75.911 48.146 64.635
1 161 11 0.8263 0.4862 0 0 75.357 47.347 60.922
1 162 7 0.7904 -0.729 0 0 75.370 49.916 58.048
1 163 18 0.8143 0.9613 0 0 73.355 49.214 54.912
1 164 17 0.6047 -0.975 0 0 72.909 50.679 51.436
1 165 0 0.6347 0.0663 0 0 69.372 50.919 49.967
1 166 13 0.3532 -0.825 0 0 70.749 51.004 46.385
1 167 18 0.3173 -0.195 0 0 73.476 48.314 46.451
1 168 1 0.5329 0.1178 0 0 71.962 45.840 48.986
1 169 6 0.5209 -0.828 0 0 75.282 45.986 50.892
1 170 9 0.7365 0.0000 0 0 74.860 45.029 54.570
1 171 22 0.8562 0.0165 0 0 71.212 43.835 54.403
1 172 7 0.7784 -0.942 0 0 71.986 40.093 55.006
1 173 3 0.7724 -0.383 0 0 74.542 41.030 57.665
1 174 0 0.9281 0.6777 0 0 71.937 43.150 59.548
1 175 15 0.9341 0.5951 0 0 69.348 40.381 59.577
1 176 20 0.7964 -0.480 0 0 71.792 37.436 60.117
1 177 18 0.8083 0.0733 0 0 73.465 39.344 62.976
1 178 12 0.8862 0.7181 0 0 70.034 39.620 64.742
1 179 22 0.7425 -0.272 0 0 69.265 35.898 64.340
1 180 1 0.5389 -0.041 0 0 72.721 35.275 65.960
1 181 7 0.6227 0.2472 0 0 71.799 37.732 68.818
1 182 11 0.5628 0.6036 0 0 68.538 35.750 69.463
1 183 1 0.3413 0.1113 0 0 70.305 32.352 69.221
1 184 6 0.2215 0.2271 0 0 73.111 33.475 71.600
1 185 10 0.2395 0.1172 0 0 70.605 35.059 74.076
