0 1 14 0 0 0 0 0 0 0
0 2 10 0 0 0 0 0 0 0
0 3 10 0 0 0 0 0 0 0
0 4 10 0 0 0 0 0 0 0
0 5 10 0 0 0 0 0 0 0
0 6 10 0 0 0 0 0 0 0
0 7 10 0 0 0 0 0 0 0
0 8 9 0 0 0 0 0 0 0
0 9 9 0 0 0 0 0 0 0
0 10 9 0 0 0 0 0 0 0
0 11 7 0 0 0 0 0 0 0
0 12 2 0 0 0 0 0 0 0
0 13 12 0 0 0 0 0 0 0
0 14 20 0 0 0 0 0 0 0
0 15 15 0 0 0 0 0 0 0
0 16 6 0 0 0 0 0 0 0
0 17 9 0 0 0 0 0 0 0
0 18 17 0 0 0 0 0 0 0
1 19 10 0.0 0.3558 0 0 60.370 21.904 61.779
1 20 14 0.0119 0.3781 0 0 63.213 24.480 61.157
1 21 18 0.1257 0.1693 0 0 63.563 27.439 63.551
1 22 7 0.3473 -0.062 0 0 61.463 30.537 62.712
1 23 20 0.5988 -0.222 0 0 62.940 33.892 63.933
1 24 13 0.7065 -0.822 0 0 60.397 36.710 64.261
1 25 12 0.9101 0.2026 0 0 62.247 39.975 63.540
1 26 22 0.9520 -0.768 0 0 60.879 43.551 63.953
1 27 22 0.9880 0.4559 0 0 62.163 46.631 62.096
1 28 22 0.9580 -0.233 0 0 61.804 49.931 64.056
1 29 9 0.9041 0.0000 0 0 62.771 53.418 63.069
1 30 0 0.7365 -0.509 0 0 61.754 56.852 61.868
1 31 9 0.6227 0.0000 0 0 59.606 57.235 58.802
1 32 9 0.4610 0.0000 0 0 60.361 59.355 55.768
1 33 22 0.5868 0.1688 0 0 63.967 58.194 55.455
1 34 9 0.6946 0.0000 0 0 63.845 54.935 53.394
1 35 13 0.8982 0.3263 0 0 63.716 52.394 56.278
1 36 17 0.8562 -0.976 0 0 61.710 49.951 54.084
1 37 0 0.8203 -0.441 0 0 64.631 49.388 51.670
1 38 12 0.9401 0.8553 0 0 66.390 47.194 54.260
1 39 18 0.9161 0.3645 0 0 63.721 44.408 54.271
1 40 11 0.7604 -0.425 0 0 62.724 44.826 50.595
1 41 6 0.6826 0.0766 0 0 66.368 44.359 49.505
1 42 12 0.7964 0.5420 0 0 66.820 41.274 51.732
1 43 11 0.6047 0.2873 0 0 63.696 39.467 50.381
1 44 6 0.4131 0.0860 0 0 64.006 40.320 46.706
1 45 2 0.2095 -0.666 0 0 66.964 38.622 44.961
1 46 10 0.2035 -0.024 0 0 70.001 40.935 44.320
1 47 15 0.0239 -0.063 0 0 68.953 40.794 40.524
1 48 22 0.0419 -0.042 0 0 65.080 40.902 40.840
1 49 3 0.0718 0.1979 0 0 63.275 44.295 41.355
1 50 7 0.0299 -0.908 0 0 59.444 43.499 40.937
1 51 20 0.1556 0.9483 0 0 58.097 43.638 44.587
1 52 3 0.1017 -0.781 0 0 54.494 42.913 45.816
1 53 16 0.3053 -0.106 0 0 54.051 43.561 49.586
1 54 18 0.0838 -0.880 0 0 50.523 41.959 49.423
1 55 11 0.0598 -0.231 0 0 51.899 38.296 49.378
1 56 7 0.1377 -0.369 0 0 53.309 35.993 52.232
1 57 3 0.2155 -0.914 0 0 56.720 35.472 50.485
1 58 17 0.4431 -0.188 0 0 57.434 39.251 50.711
1 59 20 0.6347 -0.541 0 0 58.128 39.090 54.518
1 60 1 0.5089 -0.545 0 0 59.177 35.383 54.902
1 61 13 0.4850 0.3248 0 0 62.585 34.087 53.814
1 62 6 0.2814 -0.984 0 0 64.379 30.761 54.278
1 63 22 0.3592 0.9969 0 0 68.115 31.379 54.796
1 64 22 0.1796 -0.982 0 0 71.232 29.482 55.999
1 65 11 0.3233 0.9651 0 0 73.263 31.259 58.726
1 66 3 0.1077 0.5387 0 0 76.468 29.684 60.143
1 67 9 0.0059 0.0000 0 0 75.474 26.360 58.486
1 68 7 0.0538 0.0996 0 0 72.058 26.289 60.238
1 69 18 0.0778 -0.662 0 0 68.964 26.675 57.978
1 70 5 0.2455 0.7751 0 0 66.134 28.840 59.449
1 71 12 0.3952 -0.235 0 0 63.150 30.980 58.421
1 72 12 0.6586 0.5076 0 0 63.058 34.773 58.953
1 73 3 0.6646 -0.556 0 0 59.614 36.321 59.530
1 74 11 0.8682 0.5398 0 0 60.181 40.090 59.263
1 75 12 0.8443 -0.576 0 0 57.689 42.680 60.479
1 76 3 0.8922 0.4264 0 0 58.223 46.126 58.949
1 77 18 0.7485 -0.132 0 0 55.261 48.520 59.442
1 78 0 0.7664 0.3929 0 0 56.967 51.250 57.379
1 79 9 0.4790 0.0000 0 0 54.377 54.059 56.786
1 80 6 0.4371 0.0380 0 0 52.436 53.469 60.074
1 81 7 0.4730 0.6732 0 0 54.705 55.644 62.273
1 82 7 0.1616 -0.597 0 0 51.782 57.991 63.152
1 83 20 0.1437 -0.320 0 0 49.996 55.072 64.815
1 84 17 0.2215 -0.647 0 0 52.336 55.654 67.819
1 85 0 0.0898 -0.992 0 0 50.071 53.756 70.281
1 86 14 0.2335 -0.228 0 0 50.311 50.447 68.230
1 87 1 0.4970 0.1907 0 0 54.088 49.686 68.561
1 88 3 0.3712 -0.579 0 0 53.932 47.670 71.861
1 89 6 0.2754 -0.241 0 0 51.642 45.057 70.306
1 90 20 0.5568 0.0022 0 0 54.257 44.553 67.423
1 91 14 0.6526 0.2499 0 0 57.336 44.714 69.791
1 92 1 0.4311 -0.911 0 0 56.153 42.105 72.404
1 93 18 0.4670 -0.263 0 0 56.021 39.148 69.915
1 94 9 0.7185 0.0000 0 0 59.316 40.087 68.157
1 95 7 0.6706 -0.496 0 0 62.394 38.040 69.149
1 96 9 0.8742 0.0000 0 0 64.934 40.466 67.664
1 97 15 0.9700 -0.777 0 0 64.982 44.098 66.507
1 98 12 0.9940 0.7221 0 0 66.659 46.152 63.794
1 99 5 0.9820 -0.724 0 0 66.744 49.765 64.949
1 100 22 0.9760 0.5943 0 0 67.149 51.639 61.697
1 101 15 0.8622 -0.313 0 0 68.187 55.257 61.098
1 102 0 0.7005 -0.482 0 0 69.227 57.157 57.931
1 103 11 0.5269 -0.114 0 0 72.943 58.358 57.888
1 104 2 0.3113 0.2196 0 0 71.707 61.592 56.152
1 105 2 0.3532 0.1431 0 0 69.084 62.381 58.878
1 106 18 0.2634 -0.825 0 0 70.185 63.228 62.442
1 107 13 0.2934 -0.420 0 0 66.661 63.251 63.916
1 108 17 0.5928 0.3914 0 0 66.258 59.586 62.800
1 109 15 0.5808 -0.288 0 0 69.588 58.835 64.574
1 110 7 0.3892 -0.890 0 0 68.354 60.726 67.736
1 111 3 0.5209 -0.124 0 0 64.929 58.913 67.657
1 112 11 0.7245 0.6851 0 0 66.734 55.531 68.260
1 113 10 0.4910 -0.881 0 0 67.058 56.084 72.027
1 114 6 0.4491 -0.832 0 0 63.232 56.151 72.561
1 115 20 0.6886 0.4101 0 0 62.737 53.190 70.261
1 116 1 0.6766 -0.153 0 0 65.200 51.070 72.266
1 117 7 0.4191 -0.736 0 0 63.605 52.280 75.523
1 118 6 0.4550 0.2354 0 0 60.137 51.195 74.352
1 119 11 0.6107 0.9878 0 0 61.551 47.803 73.291
1 120 13 0.3832 -0.070 0 0 63.093 47.334 76.809
1 121 1 0.1676 -0.478 0 0 59.878 48.427 78.482
1 122 22 0.2574 0.6123 0 0 57.701 46.049 76.427
1 123 13 0.2994 0.7836 0 0 60.125 43.123 76.823
1 124 3 0.0658 -0.978 0 0 60.809 43.997 80.494
1 125 17 0.1317 0.4032 0 0 64.549 43.456 79.899
1 126 3 0.1916 -0.865 0 0 67.771 45.398 79.385
1 127 3 0.3353 -0.234 0 0 69.272 42.586 77.267
1 128 22 0.5628 0.2521 0 0 67.067 42.315 74.129
1 129 16 0.7425 -0.519 0 0 68.535 40.888 70.813
1 130 14 0.8862 -0.089 0 0 68.981 44.129 68.874
1 131 22 0.9461 0.2621 0 0 71.049 45.520 66.077
1 132 12 0.9221 -0.737 0 0 71.619 49.216 65.198
1 133 22 0.9640 0.7870 0 0 71.468 49.855 61.416
1 134 9 0.8383 0.0000 0 0 72.750 52.979 59.624
1 135 2 0.8323 0.3314 0 0 71.090 53.129 56.234
1 136 13 0.5748 -0.874 0 0 72.571 55.058 53.252
1 137 5 0.5449 0.1858 0 0 69.198 55.722 51.506
1 138 3 0.2395 -0.055 0 0 70.415 58.251 48.830
1 139 12 0.0479 -0.498 0 0 73.241 60.409 47.323
1 140 0 0.0359 0.3406 0 0 72.410 63.330 49.800
1 141 0 0.0179 -0.810 0 0 75.195 64.320 52.265
1 142 1 0.1137 0.4907 0 0 76.033 62.186 55.330
1 143 18 0.0958 0.0655 0 0 75.283 63.922 58.655
1 144 22 0.2694 0.8143 0 0 75.736 60.861 60.942
1 145 7 0.1497 -0.876 0 0 79.393 59.669 61.031
1 146 17 0.3173 -0.448 0 0 80.107 55.994 61.577
1 147 1 0.1197 -0.685 0 0 82.056 56.761 64.837
1 148 6 0.1856 -0.238 0 0 78.940 58.405 66.430
1 149 0 0.5029 0.6329 0 0 76.811 55.328 65.583
1 150 6 0.4071 0.0155 0 0 79.555 52.914 66.711
1 151 3 0.1976 -0.844 0 0 79.731 54.846 70.042
1 152 12 0.4011 0.5300 0 0 75.967 54.761 70.459
1 153 0 0.5508 0.5053 0 0 75.920 51.053 69.690
1 154 1 0.2874 -0.677 0 0 78.761 50.335 72.145
1 155 17 0.1736 0.1977 0 0 76.920 52.315 74.925
1 156 20 0.4251 0.5029 0 0 73.847 49.934 74.438
1 157 9 0.3772 0.0000 0 0 76.064 46.866 74.101
1 158 11 0.6407 0.6865 0 0 74.803 46.022 70.587
1 159 16 0.7125 0.2411 0 0 76.239 45.588 67.085
1 160 20 0.7904 -0.074 0 0 76.330 48.368 64.480
1 161 11 0.8263 0.4496 0 0 75.897 47.664 60.689
1 162 7 0.7784 -0.735 0 0 75.789 50.190 57.835
1 163 18 0.8143 0.9747 0 0 73.849 49.300 54.715
1 164 17 0.6167 -0.977 0 0 73.271 50.877 51.306
1 165 0 0.6467 0.0485 0 0 69.634 51.004 49.944
1 166 13 0.3652 -0.892 0 0 70.971 51.271 46.393
1 167 18 0.3293 -0.232 0 0 73.598 48.408 46.248
1 168 1 0.5329 0.1612 0 0 72.384 45.868 48.835
1 169 6 0.5149 -0.825 0 0 75.759 46.211 50.700
1 170 9 0.7305 0.0000 0 0 75.453 45.294 54.398
1 171 22 0.8502 -0.042 0 0 71.817 44.129 54.192
1 172 7 0.7844 -0.901 0 0 72.505 40.401 54.684
1 173 3 0.7724 -0.419 0 0 75.040 41.227 57.480
1 174 0 0.9281 0.6743 0 0 72.432 43.337 59.343
1 175 15 0.9341 0.5938 0 0 69.845 40.540 59.426
1 176 20 0.8023 -0.512 0 0 72.353 37.680 59.986
1 177 18 0.8083 0.0434 0 0 74.050 39.575 62.832
1 178 12 0.8802 0.7578 0 0 70.629 39.843 64.490
1 179 22 0.7544 -0.247 0 0 69.893 36.100 64.150
1 180 1 0.5389 -0.028 0 0 73.328 35.434 65.799
1 181 7 0.6287 0.2334 0 0 72.334 37.875 68.556
1 182 11 0.5688 0.6055 0 0 69.116 35.859 69.180
1 183 1 0.3413 0.1116 0 0 70.978 32.456 69.033
1 184 6 0.2275 0.2059 0 0 73.498 33.717 71.649
1 185 10 0.2514 0.1420 0 0 70.778 35.201 73.876
