0 1 14 0 0 0 0 0 0 0
0 2 10 0 0 0 0 0 0 0
0 3 10 0 0 0 0 0 0 0
0 4 10 0 0 0 0 0 0 0
0 5 10 0 0 0 0 0 0 0
0 6 10 0 0 0 0 0 0 0
0 7 10 0 0 0 0 0 0 0
0 8 9 0 0 0 0 0 0 0
0 9 9 0 0 0 0 0 0 0
0 10 9 0 0 0 0 0 0 0
0 11 7 0 0 0 0 0 0 0
0 12 2 0 0 0 0 0 0 0
0 13 12 0 0 0 0 0 0 0
0 14 20 0 0 0 0 0 0 0
0 15 15 0 0 0 0 0 0 0
0 16 6 0 0 0 0 0 0 0
0 17 9 0 0 0 0 0 0 0
0 18 17 0 0 0 0 0 0 0
1 19 10 0.0 0.3321 0 0 61.308 22.173 62.599
1 20 14 0.0179 0.3540 0 0 63.976 24.789 61.764
1 21 18 0.1257 0.2017 0 0 64.218 27.685 64.186
1 22 7 0.3413 -0.089 0 0 62.090 30.729 63.403
1 23 20 0.6107 -0.205 0 0 63.403 34.186 64.477
1 24 13 0.7125 -0.815 0 0 60.828 37.000 64.879
1 25 12 0.9101 0.1831 0 0 62.814 40.150 64.010
1 26 22 0.9520 -0.732 0 0 61.527 43.735 64.352
1 27 22 0.9880 0.3913 0 0 62.780 46.793 62.480
1 28 22 0.9580 -0.262 0 0 62.296 50.064 64.512
1 29 9 0.9041 0.0000 0 0 63.265 53.605 63.656
1 30 0 0.7365 -0.468 0 0 62.274 57.071 62.476
1 31 9 0.6167 0.0000 0 0 59.957 57.454 59.490
1 32 9 0.4610 0.0000 0 0 60.697 59.446 56.335
1 33 22 0.5808 0.1979 0 0 64.361 58.339 56.052
1 34 9 0.6886 0.0000 0 0 64.239 55.117 53.966
1 35 13 0.8982 0.3199 0 0 64.198 52.523 56.826
1 36 17 0.8562 -0.989 0 0 62.109 50.132 54.601
1 37 0 0.8203 -0.366 0 0 65.067 49.577 52.201
1 38 12 0.9401 0.8713 0 0 66.821 47.341 54.770
1 39 18 0.9161 0.3322 0 0 64.264 44.474 54.719
1 40 11 0.7425 -0.424 0 0 63.302 45.079 51.088
1 41 6 0.6826 0.0946 0 0 66.964 44.620 50.076
1 42 12 0.7964 0.5194 0 0 67.358 41.516 52.335
1 43 11 0.6047 0.2807 0 0 64.314 39.745 50.839
1 44 6 0.4251 -0.040 0 0 65.041 40.795 47.244
1 45 2 0.2155 -0.647 0 0 67.523 38.257 45.794
1 46 10 0.1736 0.0608 0 0 69.578 41.248 44.362
1 47 15 0.0119 0.0814 0 0 69.315 41.156 40.486
1 48 22 0.0299 -0.137 0 0 65.383 41.304 40.831
1 49 3 0.0598 0.1833 0 0 63.777 44.804 41.426
1 50 7 0.0419 -0.936 0 0 60.029 43.686 41.692
1 51 20 0.1616 0.9441 0 0 58.625 43.722 45.341
1 52 3 0.1077 -0.712 0 0 55.045 42.855 46.468
1 53 16 0.2994 -0.173 0 0 54.620 43.631 50.241
1 54 18 0.0898 -0.851 0 0 51.143 41.876 50.226
1 55 11 0.0838 -0.359 0 0 52.645 38.256 50.292
1 56 7 0.1676 -0.500 0 0 54.386 35.984 52.980
1 57 3 0.2275 -0.885 0 0 57.574 35.717 50.889
1 58 17 0.4431 -0.135 0 0 58.062 39.504 51.126
1 59 20 0.6347 -0.518 0 0 58.800 39.201 54.958
1 60 1 0.5089 -0.541 0 0 59.788 35.485 55.468
1 61 13 0.4910 0.2804 0 0 63.220 34.302 54.434
1 62 6 0.2874 -0.980 0 0 65.040 31.005 54.948
1 63 22 0.3712 0.9930 0 0 68.751 31.675 55.524
1 64 22 0.1976 -0.980 0 0 71.875 29.772 56.599
1 65 11 0.3293 0.9623 0 0 73.942 31.547 59.327
1 66 3 0.1017 0.5697 0 0 77.156 29.877 60.670
1 67 9 0.0059 0.0000 0 0 76.063 26.542 59.155
1 68 7 0.0538 0.1720 0 0 72.637 26.630 60.887
1 69 18 0.0778 -0.630 0 0 69.485 26.982 58.726
1 70 5 0.2574 0.7899 0 0 66.670 29.190 60.080
1 71 12 0.3952 -0.244 0 0 63.723 31.257 58.965
1 72 12 0.6646 0.4964 0 0 63.646 35.017 59.527
1 73 3 0.6586 -0.552 0 0 60.211 36.425 60.106
1 74 11 0.8682 0.5467 0 0 60.705 40.187 59.791
1 75 12 0.8443 -0.549 0 0 58.215 42.794 60.981
1 76 3 0.8922 0.4101 0 0 58.766 46.266 59.597
1 77 18 0.7485 -0.164 0 0 55.802 48.623 60.138
1 78 0 0.7664 0.3722 0 0 57.407 51.416 57.959
1 79 9 0.4730 0.0000 0 0 54.686 54.061 57.249
1 80 6 0.4371 0.0234 0 0 52.855 53.505 60.597
1 81 7 0.4850 0.6769 0 0 55.100 55.619 62.872
1 82 7 0.1556 -0.611 0 0 52.223 58.035 63.713
1 83 20 0.1377 -0.328 0 0 50.434 55.093 65.367
1 84 17 0.2215 -0.650 0 0 52.708 55.722 68.371
1 85 0 0.0718 -0.989 0 0 50.434 53.868 70.886
1 86 14 0.2095 -0.206 0 0 50.544 50.545 68.864
1 87 1 0.4790 0.2534 0 0 54.259 49.651 69.312
1 88 3 0.3473 -0.606 0 0 54.312 47.692 72.638
1 89 6 0.3113 -0.479 0 0 52.745 44.577 70.991
1 90 20 0.5868 0.5862 0 0 55.576 43.896 68.476
1 91 14 0.6467 0.1960 0 0 58.209 44.972 70.990
1 92 1 0.4191 -0.880 0 0 56.904 42.265 73.372
1 93 18 0.4670 -0.383 0 0 56.742 39.492 70.731
1 94 9 0.7185 0.0000 0 0 59.916 40.387 68.766
1 95 7 0.6766 -0.544 0 0 62.995 38.327 69.644
1 96 9 0.8742 0.0000 0 0 65.522 40.768 68.186
1 97 15 0.9700 -0.788 0 0 65.466 44.399 67.107
1 98 12 0.9940 0.7154 0 0 67.142 46.306 64.255
1 99 5 0.9820 -0.704 0 0 67.249 49.959 65.461
1 100 22 0.9760 0.5957 0 0 67.636 51.958 62.238
1 101 15 0.8622 -0.301 0 0 68.661 55.553 61.638
1 102 0 0.7005 -0.470 0 0 69.700 57.390 58.482
1 103 11 0.5269 -0.092 0 0 73.375 58.581 58.421
1 104 2 0.3053 0.2084 0 0 72.165 61.838 56.734
1 105 2 0.3652 0.1198 0 0 69.508 62.534 59.445
1 106 18 0.2694 -0.853 0 0 70.650 63.408 62.984
1 107 13 0.2814 -0.380 0 0 67.177 63.465 64.551
1 108 17 0.5748 0.4254 0 0 66.682 59.776 63.424
1 109 15 0.5928 -0.282 0 0 69.965 58.953 65.269
1 110 7 0.3892 -0.868 0 0 68.892 60.929 68.370
1 111 3 0.5209 -0.174 0 0 65.479 59.057 68.289
1 112 11 0.7245 0.7243 0 0 67.240 55.672 68.863
1 113 10 0.5029 -0.881 0 0 67.615 56.252 72.596
1 114 6 0.4550 -0.975 0 0 63.812 56.310 73.139
1 115 20 0.6946 0.4017 0 0 63.205 53.357 70.832
1 116 1 0.6706 -0.240 0 0 65.685 51.333 72.896
1 117 7 0.4131 -0.692 0 0 64.163 52.569 76.200
1 118 6 0.4491 0.1823 0 0 60.672 51.431 75.049
1 119 11 0.5988 0.9852 0 0 61.915 48.016 73.980
1 120 13 0.3832 -0.062 0 0 63.666 47.571 77.414
1 121 1 0.1497 -0.483 0 0 60.517 48.597 79.278
1 122 22 0.2455 0.5522 0 0 58.254 46.299 77.209
1 123 13 0.2754 0.7798 0 0 60.677 43.349 77.507
1 124 3 0.0658 -0.984 0 0 61.299 44.245 81.201
1 125 17 0.1317 0.4088 0 0 65.026 43.702 80.582
1 126 3 0.1796 -0.862 0 0 68.305 45.578 80.084
1 127 3 0.3353 -0.272 0 0 69.663 42.725 77.878
1 128 22 0.5568 0.2671 0 0 67.557 42.485 74.688
1 129 16 0.7544 -0.544 0 0 69.086 41.166 71.358
1 130 14 0.8862 -0.124 0 0 69.504 44.335 69.351
1 131 22 0.9461 0.3731 0 0 71.646 45.898 66.625
1 132 12 0.9221 -0.754 0 0 72.144 49.575 65.745
1 133 22 0.9640 0.7722 0 0 71.905 50.118 61.966
1 134 9 0.8383 0.0000 0 0 73.179 53.256 60.214
1 135 2 0.8263 0.3244 0 0 71.517 53.404 56.785
1 136 13 0.5688 -0.876 0 0 72.986 55.373 53.855
1 137 5 0.5389 0.1582 0 0 69.631 55.919 52.100
1 138 3 0.2395 -0.182 0 0 70.704 58.407 49.352
1 139 12 0.0479 -0.490 0 0 73.519 60.551 47.816
1 140 0 0.0359 0.2825 0 0 72.898 63.529 50.299
1 141 0 0.0239 -0.811 0 0 75.572 64.520 52.888
1 142 1 0.1137 0.4866 0 0 76.397 62.425 55.956
1 143 18 0.0958 0.0718 0 0 75.647 64.139 59.272
1 144 22 0.2634 0.8069 0 0 76.248 61.175 61.633
1 145 7 0.1437 -0.889 0 0 79.834 59.956 61.670
1 146 17 0.3173 -0.449 0 0 80.541 56.254 62.081
1 147 1 0.1197 -0.719 0 0 82.507 57.015 65.356
1 148 6 0.1856 -0.213 0 0 79.471 58.714 67.011
1 149 0 0.4970 0.6127 0 0 77.306 55.704 66.069
1 150 6 0.4071 -0.098 0 0 80.007 53.269 67.262
1 151 3 0.2035 -0.854 0 0 80.268 55.132 70.581
1 152 12 0.4011 0.4898 0 0 76.464 55.004 71.024
1 153 0 0.5508 0.5216 0 0 76.370 51.291 70.189
1 154 1 0.2934 -0.668 0 0 79.218 50.555 72.687
1 155 17 0.1916 0.1814 0 0 77.413 52.554 75.466
1 156 20 0.4311 0.4807 0 0 74.368 50.262 74.889
1 157 9 0.3772 0.0000 0 0 76.481 47.082 74.600
1 158 11 0.6526 0.6664 0 0 75.239 46.280 71.107
1 159 16 0.7065 0.2281 0 0 76.811 45.946 67.637
1 160 20 0.7904 -0.102 0 0 76.745 48.703 65.041
1 161 11 0.8323 0.4977 0 0 76.328 47.935 61.298
1 162 7 0.7724 -0.729 0 0 76.352 50.453 58.409
1 163 18 0.8143 0.9769 0 0 74.354 49.583 55.333
1 164 17 0.6227 -0.965 0 0 73.812 51.137 51.924
1 165 0 0.6407 0.0847 0 0 70.219 51.283 50.487
1 166 13 0.3592 -0.894 0 0 71.573 51.471 46.892
1 167 18 0.3233 -0.209 0 0 74.236 48.666 46.834
1 168 1 0.5329 0.1323 0 0 72.956 46.138 49.466
1 169 6 0.5149 -0.828 0 0 76.338 46.460 51.323
1 170 9 0.7305 0.0000 0 0 75.986 45.558 55.006
1 171 22 0.8502 -0.042 0 0 72.375 44.387 54.740
1 172 7 0.7844 -0.927 0 0 73.119 40.717 55.231
1 173 3 0.7784 -0.408 0 0 75.610 41.491 58.027
1 174 0 0.9281 0.6747 0 0 73.000 43.605 59.883
1 175 15 0.9341 0.5776 0 0 70.403 40.753 59.982
1 176 20 0.8023 -0.510 0 0 72.934 37.901 60.522
1 177 18 0.8083 0.0510 0 0 74.632 39.772 63.395
1 178 12 0.8802 0.7621 0 0 71.175 40.155 65.012
1 179 22 0.7604 -0.228 0 0 70.512 36.402 64.720
1 180 1 0.5449 -0.059 0 0 73.930 35.765 66.386
1 181 7 0.6287 0.2378 0 0 72.869 38.140 69.258
1 182 11 0.5628 0.5697 0 0 69.633 36.125 69.727
1 183 1 0.3532 0.1101 0 0 71.556 32.781 69.542
1 184 6 0.2335 0.2084 0 0 74.146 34.033 72.094
1 185 10 0.2514 0.1412 0 0 71.565 35.550 74.480
