0 1 14 0 0 0 0 0 0 0
0 2 10 0 0 0 0 0 0 0
0 3 10 0 0 0 0 0 0 0
0 4 10 0 0 0 0 0 0 0
0 5 10 0 0 0 0 0 0 0
0 6 10 0 0 0 0 0 0 0
0 7 10 0 0 0 0 0 0 0
0 8 9 0 0 0 0 0 0 0
0 9 9 0 0 0 0 0 0 0
0 10 9 0 0 0 0 0 0 0
0 11 7 0 0 0 0 0 0 0
0 12 2 0 0 0 0 0 0 0
0 13 12 0 0 0 0 0 0 0
0 14 20 0 0 0 0 0 0 0
0 15 15 0 0 0 0 0 0 0
0 16 6 0 0 0 0 0 0 0
0 17 9 0 0 0 0 0 0 0
0 18 17 0 0 0 0 0 0 0
1 19 10 0.0 0.1444 0 0 59.842 22.079 62.166
1 20 14 0.0119 0.3341 0 0 62.633 24.631 61.242
1 21 18 0.1197 0.1567 0 0 63.156 27.591 63.607
1 22 7 0.3532 -0.062 0 0 61.057 30.699 62.838
1 23 20 0.5988 -0.199 0 0 62.426 34.095 63.953
1 24 13 0.7005 -0.819 0 0 59.851 36.899 64.428
1 25 12 0.9101 0.1765 0 0 61.893 40.056 63.574
1 26 22 0.9520 -0.796 0 0 60.607 43.642 63.889
1 27 22 0.9880 0.4384 0 0 61.913 46.695 62.030
1 28 22 0.9580 -0.394 0 0 61.494 49.954 64.011
1 29 9 0.9041 0.0000 0 0 62.628 53.386 62.985
1 30 0 0.7544 -0.457 0 0 61.772 56.888 61.839
1 31 9 0.6107 0.0000 0 0 59.510 57.402 58.841
1 32 9 0.4491 0.0000 0 0 60.161 59.513 55.743
1 33 22 0.5868 0.2632 0 0 63.752 58.232 55.352
1 34 9 0.6766 0.0000 0 0 63.323 55.062 53.228
1 35 13 0.8982 0.2479 0 0 63.588 52.413 56.001
1 36 17 0.8502 -0.992 0 0 61.429 50.022 53.923
1 37 0 0.8203 -0.388 0 0 64.421 49.382 51.613
1 38 12 0.9461 0.8608 0 0 66.141 47.284 54.285
1 39 18 0.9161 0.3383 0 0 63.481 44.489 54.294
1 40 11 0.7664 -0.427 0 0 62.457 44.915 50.626
1 41 6 0.6946 -0.116 0 0 66.073 44.338 49.483
1 42 12 0.8023 0.5567 0 0 66.450 41.274 51.791
1 43 11 0.6227 0.3066 0 0 63.264 39.487 50.557
1 44 6 0.4311 0.0221 0 0 63.527 40.364 46.875
1 45 2 0.2095 -0.664 0 0 66.138 38.345 44.848
1 46 10 0.1976 -0.130 0 0 69.405 40.319 44.280
1 47 15 0.0239 -0.133 0 0 68.516 40.653 40.474
1 48 22 0.0359 -0.140 0 0 64.709 41.129 40.732
1 49 3 0.0778 0.1560 0 0 63.098 44.581 41.430
1 50 7 0.0299 -0.925 0 0 59.320 43.598 41.123
1 51 20 0.1856 0.9301 0 0 57.993 43.867 44.812
1 52 3 0.1077 -0.787 0 0 54.303 43.208 45.858
1 53 16 0.2994 -0.148 0 0 53.743 43.865 49.632
1 54 18 0.0838 -0.908 0 0 50.357 42.025 49.431
1 55 11 0.0598 -0.127 0 0 51.680 38.430 49.021
1 56 7 0.1556 -0.290 0 0 52.845 36.288 52.077
1 57 3 0.2275 -0.888 0 0 56.342 35.623 50.535
1 58 17 0.4371 -0.149 0 0 56.873 39.450 50.713
1 59 20 0.6287 -0.537 0 0 57.586 39.211 54.521
1 60 1 0.5029 -0.551 0 0 58.832 35.534 54.860
1 61 13 0.4850 0.2755 0 0 62.256 34.200 53.781
1 62 6 0.2694 -0.976 0 0 63.927 30.825 54.219
1 63 22 0.3652 0.9948 0 0 67.673 31.380 54.905
1 64 22 0.1676 -0.958 0 0 70.800 29.428 56.004
1 65 11 0.3053 0.9716 0 0 72.815 31.160 58.772
1 66 3 0.0958 0.5546 0 0 76.002 29.371 60.064
1 67 9 0.0059 0.0000 0 0 74.681 26.129 58.454
1 68 7 0.0419 0.3966 0 0 71.444 26.150 60.541
1 69 18 0.0658 -0.611 0 0 68.500 26.698 58.113
1 70 5 0.2514 0.7506 0 0 65.720 28.950 59.414
1 71 12 0.3892 -0.364 0 0 62.714 31.056 58.416
1 72 12 0.6586 0.4944 0 0 62.790 34.861 58.948
1 73 3 0.6826 -0.507 0 0 59.406 36.493 59.508
1 74 11 0.8742 0.5357 0 0 59.913 40.298 59.250
1 75 12 0.8443 -0.547 0 0 57.369 42.890 60.406
1 76 3 0.8922 0.4113 0 0 57.921 46.343 58.918
1 77 18 0.7485 -0.124 0 0 54.981 48.759 59.460
1 78 0 0.7604 0.3523 0 0 56.621 51.448 57.260
1 79 9 0.4730 0.0000 0 0 53.954 54.179 56.676
1 80 6 0.4251 0.0666 0 0 52.109 53.687 59.995
1 81 7 0.4610 0.7144 0 0 54.345 56.009 62.138
1 82 7 0.1377 -0.765 0 0 51.423 58.357 63.004
1 83 20 0.1317 -0.292 0 0 49.641 55.369 64.712
1 84 17 0.2155 -0.673 0 0 52.025 55.918 67.676
1 85 0 0.0718 -0.983 0 0 49.722 54.073 70.124
1 86 14 0.2335 -0.197 0 0 50.059 50.848 68.035
1 87 1 0.4790 0.1013 0 0 53.853 50.565 68.483
1 88 3 0.3712 -0.655 0 0 53.682 48.511 71.686
1 89 6 0.2874 -0.543 0 0 51.348 46.016 70.037
1 90 20 0.5568 -0.092 0 0 53.515 45.733 66.927
1 91 14 0.6706 0.2388 0 0 56.745 45.503 68.939
1 92 1 0.4670 -0.918 0 0 55.525 42.644 71.250
1 93 18 0.5209 0.1811 0 0 55.291 40.364 68.129
1 94 9 0.7425 0.0000 0 0 59.121 40.341 67.856
1 95 7 0.6526 -0.430 0 0 61.975 38.318 69.414
1 96 9 0.8682 0.0000 0 0 64.597 40.528 67.676
1 97 15 0.9700 -0.773 0 0 64.638 44.138 66.500
1 98 12 0.9940 0.6866 0 0 66.382 46.104 63.782
1 99 5 0.9820 -0.763 0 0 66.483 49.735 65.030
1 100 22 0.9760 0.6425 0 0 66.860 51.671 61.782
1 101 15 0.8622 -0.311 0 0 67.977 55.241 61.087
1 102 0 0.7245 -0.458 0 0 69.083 56.960 57.881
1 103 11 0.5269 -0.134 0 0 72.737 58.148 57.703
1 104 2 0.3233 0.2233 0 0 71.452 61.354 55.826
1 105 2 0.3592 0.1520 0 0 69.088 62.341 58.685
1 106 18 0.2634 -0.830 0 0 70.297 63.126 62.235
1 107 13 0.2754 -0.350 0 0 66.773 63.312 63.749
1 108 17 0.5928 0.4259 0 0 66.179 59.612 62.749
1 109 15 0.5808 -0.239 0 0 69.462 58.824 64.536
1 110 7 0.3832 -0.862 0 0 68.354 60.829 67.605
1 111 3 0.5089 -0.146 0 0 64.994 58.961 67.653
1 112 11 0.7125 0.7094 0 0 66.743 55.509 68.244
1 113 10 0.4910 -0.880 0 0 67.189 56.063 72.004
1 114 6 0.4431 -0.910 0 0 63.420 56.243 72.614
1 115 20 0.6886 0.3781 0 0 62.688 53.343 70.208
1 116 1 0.6646 -0.252 0 0 65.063 51.121 72.217
1 117 7 0.4071 -0.719 0 0 63.567 52.308 75.527
1 118 6 0.4550 0.1582 0 0 60.129 51.444 74.177
1 119 11 0.6167 0.9791 0 0 61.279 47.961 73.061
1 120 13 0.4191 -0.124 0 0 62.873 47.242 76.494
1 121 1 0.1916 -0.490 0 0 59.584 48.248 78.132
1 122 22 0.2934 0.6205 0 0 57.428 46.143 75.765
1 123 13 0.3293 0.7245 0 0 59.578 42.992 76.246
1 124 3 0.0898 -0.980 0 0 60.120 43.837 79.974
1 125 17 0.1497 0.4164 0 0 63.860 43.227 79.564
1 126 3 0.1736 -0.850 0 0 67.135 45.220 79.410
1 127 3 0.3353 -0.240 0 0 68.680 42.580 77.142
1 128 22 0.5628 0.2818 0 0 66.503 42.244 74.012
1 129 16 0.7305 -0.533 0 0 68.184 40.839 70.803
1 130 14 0.8802 -0.130 0 0 68.687 44.097 68.900
1 131 22 0.9401 0.3905 0 0 70.757 45.604 66.127
1 132 12 0.9221 -0.737 0 0 71.481 49.213 65.068
1 133 22 0.9640 0.7797 0 0 71.189 49.755 61.299
1 134 9 0.8383 0.0000 0 0 72.404 52.873 59.463
1 135 2 0.8323 0.2789 0 0 70.802 52.992 55.996
1 136 13 0.5748 -0.878 0 0 72.253 54.978 52.985
1 137 5 0.5389 0.0803 0 0 68.868 55.622 51.211
1 138 3 0.2455 -0.119 0 0 70.132 58.005 48.527
1 139 12 0.0538 -0.496 0 0 73.103 60.098 47.266
1 140 0 0.0479 0.4790 0 0 72.160 62.933 49.782
1 141 0 0.0179 -0.818 0 0 74.922 64.071 52.209
1 142 1 0.1137 0.4726 0 0 75.818 62.011 55.300
1 143 18 0.1017 0.0828 0 0 75.042 63.786 58.595
1 144 22 0.2574 0.8587 0 0 75.698 60.763 60.852
1 145 7 0.1437 -0.862 0 0 79.324 59.660 61.024
1 146 17 0.3113 -0.495 0 0 79.842 55.926 61.366
1 147 1 0.1257 -0.702 0 0 81.794 56.586 64.592
1 148 6 0.1796 -0.216 0 0 78.825 58.375 66.279
1 149 0 0.4970 0.6554 0 0 76.626 55.341 65.470
1 150 6 0.4011 -0.074 0 0 79.390 52.858 66.421
1 151 3 0.2035 -0.866 0 0 79.616 54.693 69.791
1 152 12 0.3952 0.5562 0 0 75.840 54.684 70.355
1 153 0 0.5508 0.5268 0 0 75.715 50.917 69.593
1 154 1 0.2814 -0.672 0 0 78.573 50.098 71.990
1 155 17 0.1616 0.1808 0 0 76.838 52.074 74.797
1 156 20 0.4131 0.4877 0 0 73.734 49.809 74.345
1 157 9 0.3772 0.0000 0 0 75.922 46.725 73.950
1 158 11 0.6407 0.6657 0 0 74.648 45.819 70.477
1 159 16 0.7065 0.2578 0 0 76.029 45.517 66.911
1 160 20 0.7844 -0.095 0 0 76.064 48.249 64.339
1 161 11 0.8263 0.4760 0 0 75.538 47.497 60.639
1 162 7 0.7784 -0.749 0 0 75.560 50.081 57.829
1 163 18 0.8143 0.9652 0 0 73.602 49.332 54.663
1 164 17 0.6047 -0.961 0 0 73.086 50.810 51.216
1 165 0 0.6467 0.1093 0 0 69.582 50.837 49.683
1 166 13 0.3473 -0.866 0 0 70.988 51.260 46.138
1 167 18 0.3173 -0.132 0 0 73.523 48.316 46.175
1 168 1 0.5449 -0.204 0 0 72.060 45.838 48.723
1 169 6 0.5149 -0.837 0 0 75.423 46.103 50.625
1 170 9 0.7185 0.0000 0 0 75.140 45.166 54.310
1 171 22 0.8562 -0.043 0 0 71.444 44.086 54.151
1 172 7 0.7964 -0.937 0 0 72.070 40.384 54.760
1 173 3 0.7724 -0.437 0 0 74.653 41.082 57.464
1 174 0 0.9281 0.6771 0 0 72.123 43.301 59.297
1 175 15 0.9341 0.5943 0 0 69.513 40.518 59.480
1 176 20 0.7904 -0.492 0 0 71.937 37.598 59.952
1 177 18 0.8083 -0.008 0 0 73.685 39.512 62.740
1 178 12 0.8862 0.7429 0 0 70.270 39.841 64.492
1 179 22 0.7365 -0.253 0 0 69.492 36.085 64.141
1 180 1 0.5329 -0.021 0 0 72.899 35.424 65.834
1 181 7 0.6347 0.2298 0 0 71.966 37.938 68.595
1 182 11 0.5688 0.5987 0 0 68.732 35.940 69.222
1 183 1 0.3413 0.1167 0 0 70.557 32.555 69.067
1 184 6 0.2215 0.2750 0 0 73.365 33.747 71.455
1 185 10 0.2395 0.1338 0 0 70.824 35.274 73.908
