0 1 14 0 0 0 0 0 0 0
0 2 10 0 0 0 0 0 0 0
0 3 10 0 0 0 0 0 0 0
0 4 10 0 0 0 0 0 0 0
0 5 10 0 0 0 0 0 0 0
0 6 10 0 0 0 0 0 0 0
0 7 10 0 0 0 0 0 0 0
0 8 9 0 0 0 0 0 0 0
0 9 9 0 0 0 0 0 0 0
0 10 9 0 0 0 0 0 0 0
0 11 7 0 0 0 0 0 0 0
0 12 2 0 0 0 0 0 0 0
0 13 12 0 0 0 0 0 0 0
0 14 20 0 0 0 0 0 0 0
0 15 15 0 0 0 0 0 0 0
0 16 6 0 0 0 0 0 0 0
0 17 9 0 0 0 0 0 0 0
0 18 17 0 0 0 0 0 0 0
1 19 10 0.0 0.1264 0 0 60.168 21.920 62.219
1 20 14 0.0119 0.3505 0 0 62.802 24.639 61.303
1 21 18 0.1257 0.1734 0 0 63.204 27.561 63.722
1 22 7 0.3532 -0.020 0 0 61.230 30.727 62.947
1 23 20 0.5988 -0.215 0 0 62.531 34.145 64.133
1 24 13 0.7125 -0.816 0 0 59.984 37.011 64.507
1 25 12 0.9101 0.2025 0 0 61.977 40.160 63.622
1 26 22 0.9520 -0.790 0 0 60.632 43.709 64.003
1 27 22 0.9880 0.4423 0 0 61.870 46.829 62.157
1 28 22 0.9580 -0.474 0 0 61.652 50.006 64.263
1 29 9 0.9041 0.0000 0 0 62.648 53.485 63.208
1 30 0 0.7425 -0.479 0 0 61.744 56.965 62.025
1 31 9 0.6107 0.0000 0 0 59.398 57.494 59.075
1 32 9 0.4491 0.0000 0 0 60.144 59.609 56.012
1 33 22 0.5748 0.2814 0 0 63.713 58.298 55.551
1 34 9 0.6826 0.0000 0 0 63.193 55.122 53.423
1 35 13 0.8982 0.2776 0 0 63.683 52.541 56.208
1 36 17 0.8562 -0.982 0 0 61.492 50.122 54.161
1 37 0 0.8203 -0.365 0 0 64.489 49.566 51.843
1 38 12 0.9461 0.8651 0 0 66.221 47.312 54.402
1 39 18 0.9161 0.3605 0 0 63.542 44.532 54.375
1 40 11 0.7664 -0.426 0 0 62.520 45.045 50.739
1 41 6 0.6946 -0.098 0 0 66.118 44.428 49.630
1 42 12 0.8023 0.5372 0 0 66.422 41.346 51.924
1 43 11 0.6047 0.3200 0 0 63.306 39.577 50.534
1 44 6 0.4191 0.0620 0 0 63.395 40.636 46.892
1 45 2 0.2095 -0.883 0 0 66.017 38.473 45.046
1 46 10 0.2035 -0.084 0 0 69.358 40.324 44.468
1 47 15 0.0239 -0.093 0 0 68.493 40.668 40.653
1 48 22 0.0359 0.0555 0 0 64.649 41.259 40.808
1 49 3 0.0838 0.1765 0 0 62.975 44.666 41.588
1 50 7 0.0299 -0.933 0 0 59.178 43.806 41.030
1 51 20 0.1616 0.9283 0 0 57.935 43.960 44.747
1 52 3 0.1077 -0.745 0 0 54.364 43.225 46.007
1 53 16 0.2994 -0.125 0 0 53.802 43.880 49.777
1 54 18 0.0778 -0.907 0 0 50.300 42.226 49.542
1 55 11 0.0658 -0.249 0 0 51.644 38.582 49.608
1 56 7 0.1556 -0.315 0 0 53.110 36.286 52.379
1 57 3 0.2275 -0.908 0 0 56.498 35.735 50.598
1 58 17 0.4371 -0.108 0 0 56.963 39.560 50.798
1 59 20 0.6467 -0.518 0 0 57.770 39.283 54.591
1 60 1 0.5029 -0.503 0 0 58.954 35.605 55.014
1 61 13 0.4790 0.2847 0 0 62.285 34.149 53.864
1 62 6 0.2754 -0.979 0 0 63.993 30.820 54.459
1 63 22 0.3592 0.9965 0 0 67.714 31.356 55.034
1 64 22 0.1676 -0.959 0 0 70.870 29.450 56.189
1 65 11 0.3173 0.9695 0 0 72.839 31.208 58.979
1 66 3 0.1017 0.5196 0 0 76.038 29.565 60.283
1 67 9 0.0059 0.0000 0 0 74.849 26.306 58.637
1 68 7 0.0479 0.1165 0 0 71.495 26.256 60.526
1 69 18 0.0598 -0.625 0 0 68.433 26.727 58.206
1 70 5 0.2514 0.7855 0 0 65.683 28.987 59.620
1 71 12 0.4011 -0.277 0 0 62.773 31.161 58.624
1 72 12 0.6586 0.4498 0 0 62.797 34.963 59.071
1 73 3 0.6766 -0.460 0 0 59.351 36.525 59.565
1 74 11 0.8742 0.5578 0 0 59.898 40.327 59.357
1 75 12 0.8502 -0.540 0 0 57.427 42.951 60.645
1 76 3 0.8922 0.4255 0 0 57.953 46.367 59.093
1 77 18 0.7544 -0.118 0 0 55.084 48.829 59.663
1 78 0 0.7604 0.3471 0 0 56.693 51.525 57.442
1 79 9 0.4730 0.0000 0 0 53.992 54.177 56.844
1 80 6 0.4311 0.0717 0 0 52.138 53.746 60.165
1 81 7 0.4610 0.7033 0 0 54.329 56.071 62.329
1 82 7 0.1437 -0.712 0 0 51.420 58.367 63.192
1 83 20 0.1317 -0.314 0 0 49.652 55.355 64.877
1 84 17 0.2155 -0.699 0 0 52.018 55.981 67.809
1 85 0 0.0718 -0.983 0 0 49.765 54.142 70.294
1 86 14 0.2335 -0.202 0 0 50.126 50.886 68.216
1 87 1 0.4850 0.1282 0 0 53.929 50.631 68.674
1 88 3 0.3772 -0.620 0 0 53.745 48.553 71.871
1 89 6 0.2694 -0.525 0 0 51.287 46.149 70.247
1 90 20 0.5508 -0.090 0 0 53.497 45.812 67.133
1 91 14 0.6646 0.2530 0 0 56.754 45.530 69.094
1 92 1 0.4670 -0.918 0 0 55.520 42.789 71.477
1 93 18 0.5209 0.2185 0 0 55.310 40.402 68.457
1 94 9 0.7365 0.0000 0 0 59.122 40.416 68.051
1 95 7 0.6526 -0.461 0 0 61.962 38.299 69.490
1 96 9 0.8682 0.0000 0 0 64.582 40.533 67.770
1 97 15 0.9700 -0.779 0 0 64.627 44.186 66.723
1 98 12 0.9940 0.6896 0 0 66.326 46.117 63.969
1 99 5 0.9820 -0.772 0 0 66.516 49.744 65.113
1 100 22 0.9760 0.6180 0 0 66.993 51.699 61.900
1 101 15 0.8622 -0.305 0 0 68.013 55.298 61.220
1 102 0 0.7185 -0.447 0 0 69.122 57.044 58.011
1 103 11 0.5269 -0.104 0 0 72.779 58.252 57.927
1 104 2 0.3053 0.0019 0 0 71.580 61.581 56.210
1 105 2 0.3652 0.1480 0 0 69.041 62.385 58.971
1 106 18 0.2634 -0.850 0 0 70.319 63.181 62.488
1 107 13 0.2814 -0.365 0 0 66.810 63.353 64.025
1 108 17 0.5868 0.4233 0 0 66.177 59.664 62.976
1 109 15 0.5808 -0.265 0 0 69.509 58.842 64.736
1 110 7 0.3832 -0.874 0 0 68.490 60.818 67.865
1 111 3 0.5089 -0.144 0 0 65.079 58.999 67.916
1 112 11 0.7065 0.7284 0 0 66.838 55.600 68.496
1 113 10 0.4910 -0.871 0 0 67.271 56.156 72.227
1 114 6 0.4431 -0.851 0 0 63.480 56.289 72.792
1 115 20 0.6886 0.4016 0 0 62.705 53.320 70.461
1 116 1 0.6706 -0.259 0 0 65.128 51.100 72.414
1 117 7 0.4131 -0.738 0 0 63.634 52.313 75.744
1 118 6 0.4550 0.1580 0 0 60.214 51.436 74.432
1 119 11 0.6287 0.9771 0 0 61.375 47.986 73.203
1 120 13 0.4251 -0.106 0 0 62.865 47.252 76.659
1 121 1 0.1916 -0.504 0 0 59.624 48.359 78.352
1 122 22 0.2934 0.6397 0 0 57.400 46.268 76.007
1 123 13 0.3413 0.7389 0 0 59.537 43.108 76.340
1 124 3 0.0898 -0.983 0 0 60.058 43.781 80.099
1 125 17 0.1377 0.3992 0 0 63.822 43.191 79.783
1 126 3 0.1796 -0.840 0 0 67.108 45.146 79.614
1 127 3 0.3293 -0.241 0 0 68.589 42.434 77.370
1 128 22 0.5688 0.3057 0 0 66.448 42.242 74.216
1 129 16 0.7305 -0.492 0 0 68.183 40.899 71.020
1 130 14 0.8862 -0.129 0 0 68.724 44.069 68.959
1 131 22 0.9341 0.4081 0 0 70.918 45.651 66.284
1 132 12 0.9221 -0.743 0 0 71.488 49.284 65.279
1 133 22 0.9640 0.7799 0 0 71.238 49.793 61.524
1 134 9 0.8383 0.0000 0 0 72.536 52.899 59.754
1 135 2 0.8323 0.2895 0 0 70.844 53.074 56.355
1 136 13 0.5928 -0.880 0 0 72.278 55.080 53.356
1 137 5 0.5389 0.2187 0 0 68.943 55.673 51.416
1 138 3 0.2395 -0.100 0 0 70.283 58.034 48.747
1 139 12 0.0538 -0.326 0 0 73.282 60.157 47.681
1 140 0 0.0419 0.4263 0 0 72.235 63.084 50.022
1 141 0 0.0179 -0.835 0 0 74.995 64.141 52.459
1 142 1 0.1137 0.4493 0 0 75.832 61.994 55.472
1 143 18 0.0958 0.0508 0 0 75.149 63.788 58.754
1 144 22 0.2574 0.8453 0 0 75.706 60.803 61.061
1 145 7 0.1497 -0.876 0 0 79.330 59.665 61.196
1 146 17 0.3113 -0.441 0 0 79.926 55.940 61.624
1 147 1 0.1197 -0.731 0 0 81.915 56.622 64.846
1 148 6 0.1856 -0.210 0 0 78.881 58.359 66.455
1 149 0 0.4970 0.6846 0 0 76.646 55.337 65.718
1 150 6 0.3892 -0.037 0 0 79.478 52.943 66.662
1 151 3 0.1976 -0.859 0 0 79.705 54.749 70.038
1 152 12 0.3952 0.5167 0 0 75.901 54.694 70.498
1 153 0 0.5568 0.5300 0 0 75.774 50.925 69.759
1 154 1 0.2874 -0.636 0 0 78.575 50.224 72.249
1 155 17 0.1736 0.2132 0 0 76.819 52.216 74.999
1 156 20 0.4071 0.4783 0 0 73.830 49.828 74.577
1 157 9 0.3712 0.0000 0 0 76.002 46.725 74.153
1 158 11 0.6407 0.6682 0 0 74.718 45.879 70.636
1 159 16 0.7005 0.2672 0 0 76.065 45.465 67.083
1 160 20 0.7904 -0.075 0 0 76.109 48.258 64.530
1 161 11 0.8263 0.4759 0 0 75.583 47.477 60.852
1 162 7 0.7844 -0.752 0 0 75.628 50.078 58.086
1 163 18 0.8143 0.9569 0 0 73.675 49.356 54.878
1 164 17 0.6167 -0.961 0 0 73.097 50.846 51.432
1 165 0 0.6347 0.0872 0 0 69.561 50.947 49.825
1 166 13 0.3473 -0.840 0 0 71.155 51.310 46.366
1 167 18 0.3233 -0.200 0 0 73.614 48.346 46.363
1 168 1 0.5329 0.0453 0 0 72.206 45.864 48.956
1 169 6 0.5149 -0.840 0 0 75.545 46.158 50.814
1 170 9 0.7245 0.0000 0 0 75.164 45.247 54.512
1 171 22 0.8443 0.0148 0 0 71.529 44.009 54.289
1 172 7 0.7784 -0.936 0 0 72.121 40.263 54.911
1 173 3 0.7724 -0.401 0 0 74.707 41.122 57.589
1 174 0 0.9281 0.6689 0 0 72.157 43.350 59.474
1 175 15 0.9401 0.5911 0 0 69.542 40.607 59.600
1 176 20 0.7964 -0.503 0 0 72.010 37.662 60.139
1 177 18 0.8083 0.0212 0 0 73.684 39.612 62.985
1 178 12 0.8802 0.7428 0 0 70.258 39.879 64.640
1 179 22 0.7485 -0.269 0 0 69.533 36.165 64.277
1 180 1 0.5449 -0.044 0 0 72.948 35.451 65.911
1 181 7 0.6227 0.2353 0 0 71.982 37.840 68.783
1 182 11 0.5628 0.6048 0 0 68.771 35.840 69.371
1 183 1 0.3353 0.1352 0 0 70.682 32.478 69.236
1 184 6 0.2215 0.2378 0 0 73.373 33.741 71.678
1 185 10 0.2455 0.0450 0 0 70.812 35.343 74.026
