1 1 9 0.0 -0.689 0 0 12.650 -14.105 3.031
1 2 14 0.0063 0.1240 0 0 16.051 -12.573 3.758
1 3 18 0.0636 0.2757 0 0 16.201 -8.840 4.536
1 4 7 0.2229 -0.114 0 0 17.837 -6.465 2.041
1 5 20 0.5350 -0.151 0 0 19.264 -3.035 2.921
1 6 13 0.6560 -0.890 0 0 20.049 -0.454 0.249
1 7 12 0.8917 0.2387 0 0 22.876 1.740 1.556
1 8 22 0.9235 -0.746 0 0 24.398 4.810 -0.103
1 9 22 0.9872 0.3815 0 0 27.883 6.264 0.418
1 10 22 0.9363 -0.115 0 0 28.135 10.042 -0.110
1 11 9 0.8853 0.3289 0 0 30.724 12.752 0.436
1 12 0 0.6751 -0.354 0 0 33.373 14.852 -1.263
1 13 9 0.5477 -0.242 0 0 35.830 13.471 -3.796
1 14 9 0.5414 -0.146 0 0 38.806 11.719 -2.223
1 15 22 0.7579 0.5219 0 0 37.417 10.989 1.248
1 16 9 0.8280 -0.718 0 0 37.507 7.209 0.695
1 17 13 0.9171 -0.106 0 0 33.968 6.316 -0.384
1 18 17 0.7770 -0.757 0 0 35.184 3.689 -2.832
1 19 0 0.7261 -0.278 0 0 37.943 2.426 -0.541
1 20 12 0.9108 0.7010 0 0 35.482 1.947 2.330
1 21 18 0.8789 0.0656 0 0 33.032 0.092 0.104
1 22 11 0.6369 -0.603 0 0 35.712 -2.162 -1.409
1 23 6 0.6433 -0.189 0 0 37.047 -2.920 2.093
1 24 12 0.7197 0.6450 0 0 33.590 -4.034 3.184
1 25 11 0.5159 0.2739 0 0 33.050 -6.123 0.040
1 26 6 0.2993 -0.208 0 0 36.450 -7.371 -1.151
1 27 2 0.3375 -0.272 0 0 38.298 -7.116 2.136
1 28 10 0.2101 -0.350 0 0 41.285 -5.242 0.817
1 29 15 0.3630 0.1228 0 0 42.501 -1.647 0.586
1 30 22 0.2929 0.4412 0 0 42.413 -0.023 -2.813
1 31 3 0.1019 -0.936 0 0 45.237 2.493 -3.250
1 32 7 0.1210 -0.966 0 0 43.470 4.112 -6.187
1 33 20 0.2356 0.5659 0 0 40.065 3.878 -7.713
1 34 3 0.1146 -0.676 0 0 38.668 5.906 -10.613
1 35 16 0.3121 -0.749 0 0 36.922 8.856 -8.965
1 36 18 0.1528 -0.912 0 0 34.221 8.905 -11.648
1 37 11 0.2547 -0.382 0 0 33.180 5.280 -11.200
1 38 7 0.4585 0.1862 0 0 29.782 5.033 -9.551
1 39 3 0.4522 -0.656 0 0 28.543 1.487 -8.974
1 40 17 0.5031 -0.595 0 0 26.588 -0.837 -6.680
1 41 20 0.5095 0.2449 0 0 28.102 -3.686 -4.633
1 42 1 0.4267 -0.550 0 0 26.305 -6.566 -2.915
1 43 13 0.3885 0.3582 0 0 27.292 -8.731 0.040
1 44 6 0.1656 -0.954 0 0 25.624 -11.152 2.442
1 45 22 0.2738 0.9954 0 0 26.587 -10.522 6.061
1 46 22 0.1337 -0.793 0 0 25.557 -11.313 9.620
1 47 11 0.3057 0.9208 0 0 24.865 -8.337 11.876
1 48 3 0.0891 0.6232 0 0 24.115 -8.958 15.547
1 49 9 0.0127 0.4434 0 0 23.272 -12.562 14.670
1 50 7 0.0318 0.2292 0 0 20.828 -11.615 11.903
1 51 18 0.0382 -0.664 0 0 21.687 -12.621 8.329
1 52 5 0.1464 0.7076 0 0 20.927 -10.044 5.625
1 53 12 0.2866 -0.893 0 0 21.808 -8.694 2.171
1 54 12 0.5923 0.5628 0 0 23.544 -5.350 1.682
1 55 3 0.6178 -0.620 0 0 23.331 -3.322 -1.508
1 56 11 0.8152 0.6110 0 0 25.968 -0.576 -1.331
1 57 12 0.7834 -0.526 0 0 25.839 2.276 -3.851
1 58 3 0.8343 -0.204 0 0 29.226 4.026 -4.100
1 59 18 0.7515 0.5109 0 0 28.547 7.543 -5.454
1 60 0 0.5796 -0.751 0 0 30.965 9.673 -7.491
0 61 9 0 0 0 0 30.965 9.673 -7.491
0 62 12 0 0 0 0 30.965 9.673 -7.491
0 63 7 0 0 0 0 30.965 9.673 -7.491
0 64 7 0 0 0 0 30.965 9.673 -7.491
0 65 20 0 0 0 0 30.965 9.673 -7.491
0 66 17 0 0 0 0 30.965 9.673 -7.491
0 67 0 0 0 0 0 30.965 9.673 -7.491
0 68 14 0 0 0 0 30.965 9.673 -7.491
0 69 1 0 0 0 0 30.965 9.673 -7.491
0 70 3 0 0 0 0 30.965 9.673 -7.491
0 71 6 0 0 0 0 30.965 9.673 -7.491
1 72 20 0.3757 0.0636 0 0 19.022 4.543 -7.050
1 73 14 0.4968 0.4271 0 0 19.783 7.639 -4.981
1 74 1 0.3439 -0.796 0 0 16.081 7.984 -4.192
1 75 18 0.3694 -0.461 0 0 15.745 4.308 -3.260
1 76 9 0.6496 -0.190 0 0 18.263 4.726 -0.441
1 77 7 0.6305 -0.492 0 0 17.232 3.375 2.949
1 78 9 0.8726 -0.723 0 0 20.360 4.609 4.720
1 79 15 0.9617 -0.833 0 0 23.241 6.986 3.982
1 80 12 0.9936 0.8137 0 0 26.897 7.151 5.020
1 81 5 0.9808 -0.707 0 0 28.127 10.758 4.946
1 82 22 0.9745 0.5383 0 0 31.877 10.513 4.660
1 83 15 0.8471 -0.232 0 0 34.600 13.056 5.229
1 84 0 0.7006 -0.303 0 0 38.338 12.539 5.820
1 85 11 0.4904 0.0030 0 0 39.882 13.542 9.135
1 86 2 0.2611 -0.027 0 0 42.832 15.128 7.296
1 87 2 0.3566 0.4346 0 0 40.608 17.052 4.915
1 88 18 0.1847 -0.888 0 0 38.892 20.077 6.479
1 89 13 0.1974 -0.355 0 0 37.225 20.964 3.181
1 90 17 0.5286 0.3078 0 0 35.536 17.548 3.045
1 91 15 0.5541 -0.203 0 0 34.182 18.137 6.555
1 92 7 0.3312 -0.792 0 0 32.999 21.618 5.615
1 93 3 0.4649 -0.157 0 0 31.061 20.063 2.712
1 94 11 0.6815 0.7141 0 0 29.096 17.564 4.818
1 95 10 0.4713 -0.841 0 0 26.093 19.897 5.225
1 96 10 0.4331 -0.252 0 0 25.655 19.909 1.451
1 97 20 0.6942 0.2881 0 0 25.201 16.123 1.378
1 98 1 0.6687 -0.084 0 0 23.009 16.110 4.489
1 99 7 0.4012 -0.484 0 0 20.666 18.644 2.881
1 100 6 0.4394 0.2903 0 0 20.744 16.842 -0.473
1 101 11 0.5987 0.9820 0 0 19.533 13.639 1.169
1 102 13 0.3821 0.3743 0 0 16.659 15.297 3.035
1 103 1 0.1273 -0.090 0 0 15.480 16.782 -0.267
1 104 22 0.1910 0.7541 0 0 15.532 13.581 -2.326
1 105 13 0.2420 0.7625 0 0 13.874 11.607 0.497
1 106 3 0.0509 -0.890 0 0 11.560 14.543 1.247
1 107 17 0.0764 0.3549 0 0 11.893 13.826 4.964
1 108 7 0.1082 -0.960 0 0 13.578 15.151 8.095
1 109 3 0.2675 -0.517 0 0 13.988 11.545 9.270
1 110 22 0.5605 0.2062 0 0 16.467 9.473 7.256
1 111 16 0.7324 -0.521 0 0 18.787 6.771 8.654
1 112 14 0.8980 -0.102 0 0 22.285 8.256 8.522
1 113 22 0.9554 0.2237 0 0 25.810 7.926 9.882
1 114 12 0.9299 -0.785 0 0 28.576 10.541 9.839
1 115 22 0.9681 0.8379 0 0 31.866 8.842 8.970
1 116 9 0.8662 0.1784 0 0 35.324 10.292 9.587
1 117 2 0.8407 0.3712 0 0 37.666 8.265 7.397
1 118 13 0.6114 0.0406 0 0 41.486 7.965 7.176
1 119 5 0.4777 0.8211 0 0 41.921 7.878 10.962
1 120 3 0.2292 0.4014 0 0 45.178 5.992 10.438
1 121 12 0.0955 0.3640 0 0 46.823 9.196 9.187
1 122 16 0.0254 -0.482 0 0 48.599 11.494 11.692
1 123 17 0.0191 -0.109 0 0 47.848 14.944 10.206
1 124 1 0.0700 0.5906 0 0 44.352 15.180 11.716
1 125 18 0.0573 -0.209 0 0 42.738 18.590 11.188
1 126 22 0.2165 0.7726 0 0 39.173 17.609 12.113
1 127 3 0.1401 -0.836 0 0 39.098 16.518 15.760
1 128 18 0.2802 0.0280 0 0 36.631 14.097 17.344
1 129 13 0.0828 -0.898 0 0 34.882 16.970 19.178
1 130 6 0.1592 -0.380 0 0 34.032 18.766 15.929
1 131 0 0.4840 0.4167 0 0 32.715 15.609 14.283
1 132 6 0.4076 -0.321 0 0 30.739 14.593 17.379
1 133 3 0.1719 -0.806 0 0 29.142 18.047 17.635
1 134 12 0.4140 0.5224 0 0 28.160 17.993 13.946
1 135 0 0.6050 0.4673 0 0 26.683 14.508 14.285
1 136 1 0.3184 -0.347 0 0 24.767 15.500 17.420
1 137 17 0.1783 0.0862 0 0 23.276 18.506 15.612
1 138 20 0.4458 0.4557 0 0 21.890 16.008 13.073
1 139 9 0.3949 -0.529 0 0 20.876 13.441 15.698
1 140 11 0.6624 0.6125 0 0 23.049 10.731 14.159
1 141 16 0.7133 0.3097 0 0 25.978 8.589 15.278
1 142 15 0.8025 -0.203 0 0 29.569 9.413 14.350
1 143 11 0.8535 0.2019 0 0 31.994 6.588 13.478
1 144 7 0.7707 -0.872 0 0 35.737 6.871 12.943
1 145 18 0.8216 0.9863 0 0 37.087 4.623 10.189
1 146 17 0.6878 -0.980 0 0 40.107 3.601 8.186
1 147 0 0.7070 0.5368 0 0 39.689 1.854 4.857
1 148 13 0.4203 -0.807 0 0 43.432 1.185 5.045
1 149 18 0.3503 -0.196 0 0 43.366 -0.665 8.411
1 150 1 0.5222 -0.150 0 0 39.677 -1.756 8.446
1 151 6 0.5668 -0.121 0 0 39.145 0.240 11.671
1 152 9 0.7452 -0.977 0 0 35.443 0.953 12.159
1 153 22 0.8598 -0.214 0 0 34.502 -0.189 8.647
1 154 3 0.7643 -0.920 0 0 32.055 -2.881 9.787
1 155 3 0.7898 -0.456 0 0 30.873 -0.590 12.601
1 156 0 0.9490 0.4908 0 0 29.967 2.226 10.177
1 157 15 0.9426 0.4802 0 0 27.942 0.046 7.785
1 158 20 0.7961 -0.479 0 0 26.449 -2.078 10.583
1 159 18 0.8089 0.1954 0 0 25.513 0.972 12.662
1 160 12 0.9044 0.7425 0 0 23.665 2.255 9.609
1 161 22 0.7388 -0.241 0 0 21.744 -1.027 9.330
1 162 1 0.5732 0.0501 0 0 20.892 -0.792 13.034
1 163 7 0.6242 0.5306 0 0 19.671 2.751 12.363
1 164 11 0.5859 0.5586 0 0 17.546 1.433 9.488
1 165 1 0.3248 0.1211 0 0 16.141 -1.275 11.773
1 166 13 0.2038 0.2045 0 0 15.565 1.333 14.468
1 167 10 0.2484 0.3488 0 0 13.917 3.555 11.833
1 168 13 0.0445 0.8755 0 0 10.773 1.426 11.578
0 169 7 0 0 0 0 10.773 1.426 11.578
0 170 13 0 0 0 0 10.773 1.426 11.578
