1 1 14 0.0060 0.3570 0 0 -6.179 31.196 -6.465
1 2 18 0.0426 0.1951 0 0 -5.226 28.004 -4.672
1 3 7 0.2256 -0.443 0 0 -5.070 28.481 -0.920
1 4 20 0.5426 -0.245 0 0 -2.983 26.393 1.423
1 5 13 0.6707 -0.892 0 0 -4.126 26.393 5.025
1 6 12 0.8963 0.1312 0 0 -0.906 26.029 7.037
1 7 22 0.9390 -0.668 0 0 -0.751 25.681 10.804
1 8 22 0.9878 0.3102 0 0 2.370 26.136 12.894
1 9 22 0.9695 -0.266 0 0 2.335 24.164 16.178
1 10 9 0.9268 0.0000 0 0 4.810 23.293 18.907
1 11 0 0.7682 -0.540 0 0 5.765 24.022 22.525
1 12 9 0.6158 0.0000 0 0 5.982 27.541 23.899
1 13 9 0.6036 0.0000 0 0 9.057 29.443 22.826
1 14 22 0.8048 0.6005 0 0 10.286 27.091 20.096
1 15 9 0.8536 0.0000 0 0 10.097 29.883 17.513
1 16 13 0.9451 0.0542 0 0 6.787 29.277 15.743
1 17 17 0.8414 -0.644 0 0 6.216 33.023 15.459
1 18 0 0.7621 -0.277 0 0 9.795 33.835 14.563
1 19 12 0.9024 0.7031 0 0 9.625 31.315 11.726
1 20 18 0.8780 0.2681 0 0 6.404 32.761 10.359
1 21 11 0.6402 -0.433 0 0 7.598 36.354 10.688
1 22 6 0.6097 -0.360 0 0 10.847 35.504 8.907
1 23 12 0.6951 0.5418 0 0 8.891 33.905 6.025
1 24 11 0.5 0.3360 0 0 6.416 36.762 5.625
1 25 6 0.2987 0.0553 0 0 8.250 39.857 6.868
1 26 2 0.25 -0.350 0 0 11.865 38.920 6.141
1 27 10 0.2073 -0.175 0 0 13.354 39.562 9.580
1 28 15 0.3414 0.1268 0 0 13.913 38.012 13.003
1 29 22 0.2865 0.4503 0 0 11.751 39.120 15.952
1 30 3 0.1219 -0.776 0 0 14.437 38.655 18.653
1 31 7 0.0792 -0.100 0 0 12.125 39.365 21.579
1 32 20 0.0853 -0.153 0 0 9.546 38.019 23.999
1 33 3 0.1890 0.0281 0 0 6.021 38.105 22.554
1 34 16 0.3475 -0.870 0 0 3.784 35.063 23.323
1 35 18 0.4695 0.8522 0 0 1.077 34.217 20.790
1 36 11 0.3536 -0.977 0 0 -2.604 33.696 21.492
1 37 7 0.4634 0.0096 0 0 -3.611 33.156 17.890
1 38 3 0.5060 -0.301 0 0 -2.320 35.038 14.851
1 39 17 0.5243 -0.596 0 0 -3.100 34.717 11.158
1 40 20 0.5182 0.3554 0 0 -0.969 35.670 8.159
1 41 1 0.3902 -0.495 0 0 -2.212 35.571 4.594
1 42 13 0.3353 -0.233 0 0 0.416 36.016 1.907
1 43 6 0.1036 -0.987 0 0 0.236 35.654 -1.817
1 44 22 0.1524 0.9922 0 0 3.276 33.832 -3.147
1 45 22 0.0548 -0.986 0 0 4.513 31.996 -6.219
1 46 11 0.1768 0.9850 0 0 5.789 28.515 -5.517
1 47 3 0.0365 0.6723 0 0 7.161 26.496 -8.429
1 48 9 0.0 0.0000 0 0 5.418 28.854 -10.824
1 49 7 0.0243 0.5335 0 0 2.022 28.542 -9.128
1 50 18 0.0304 -0.702 0 0 0.331 31.610 -7.644
1 51 5 0.1097 0.7226 0 0 -1.071 30.659 -4.256
1 52 12 0.2439 -0.227 0 0 -2.324 32.109 -1.022
1 53 12 0.5609 0.4434 0 0 -0.578 30.896 2.119
1 54 3 0.5792 -0.468 0 0 -3.070 31.202 4.954
1 55 11 0.8292 0.4983 0 0 -0.819 30.597 7.968
1 56 12 0.8353 -0.547 0 0 -2.125 30.139 11.474
1 57 3 0.8719 -0.051 0 0 0.425 30.903 14.161
1 58 18 0.8231 0.5174 0 0 -0.694 29.164 17.326
1 59 0 0.6646 -0.955 0 0 -0.082 29.173 21.084
1 60 9 0.6890 0.0000 0 0 2.403 26.851 22.723
1 61 6 0.3841 -0.411 0 0 0.686 27.910 25.968
0 62 7 0 0 0 0 0.686 27.910 25.968
0 63 7 0 0 0 0 0.686 27.910 25.968
1 64 20 0.1829 0.5224 0 0 -5.431 26.676 25.202
1 65 17 0.2134 -0.419 0 0 -5.559 22.883 24.672
1 66 0 0.0670 -0.993 0 0 -9.272 22.370 23.922
1 67 14 0.1585 -0.734 0 0 -8.920 25.521 21.843
1 68 1 0.4451 0.3817 0 0 -6.575 23.448 19.658
1 69 3 0.3231 -0.884 0 0 -9.138 21.054 18.142
1 70 6 0.2317 -0.541 0 0 -10.812 23.747 16.092
1 71 20 0.5304 0.6626 0 0 -7.709 25.019 14.289
1 72 14 0.6341 0.3149 0 0 -6.423 21.482 13.795
1 73 1 0.3597 -0.921 0 0 -9.799 20.524 12.308
1 74 18 0.3963 -0.346 0 0 -9.658 23.145 9.529
1 75 9 0.6829 0.0000 0 0 -5.887 23.002 9.128
1 76 7 0.6585 -0.497 0 0 -4.618 21.588 5.873
1 77 9 0.8658 0.0000 0 0 -0.936 21.065 6.614
1 78 15 0.9634 -0.709 0 0 1.119 21.408 9.792
1 79 12 0.9939 0.5241 0 0 4.581 22.670 10.656
1 80 5 0.9817 -0.700 0 0 5.491 20.739 13.810
1 81 22 0.9756 0.4547 0 0 8.180 22.792 15.502
1 82 15 0.8902 -0.287 0 0 10.562 22.039 18.376
1 83 0 0.7317 -0.382 0 0 13.852 23.723 19.277
1 84 11 0.5121 -0.139 0 0 17.122 21.802 19.024
1 85 2 0.3048 0.1281 0 0 18.308 23.232 22.361
1 86 2 0.3658 0.3189 0 0 15.094 22.162 24.104
1 87 18 0.2682 -0.989 0 0 14.645 18.411 24.633
1 88 13 0.3170 -0.323 0 0 11.267 18.865 26.300
1 89 17 0.5975 0.4429 0 0 9.876 20.598 23.191
1 90 15 0.6280 -0.191 0 0 10.910 17.578 21.090
1 91 7 0.4268 -0.875 0 0 9.048 15.254 23.436
1 92 3 0.5487 -0.263 0 0 5.989 17.511 23.300
1 93 11 0.7926 0.8507 0 0 5.913 17.430 19.536
1 94 10 0.5670 -0.916 0 0 4.938 13.740 19.701
1 95 6 0.4817 -0.338 0 0 1.813 14.876 21.557
1 96 20 0.7560 0.4342 0 0 1.002 17.536 18.982
1 97 1 0.7378 0.1390 0 0 1.171 15.035 16.133
1 98 7 0.4329 -0.596 0 0 -1.073 12.549 17.958
1 99 6 0.4390 0.0674 0 0 -3.602 15.287 18.668
1 100 11 0.6219 0.9797 0 0 -3.637 16.336 15.028
1 101 13 0.4207 0.1212 0 0 -4.102 12.725 13.870
1 102 1 0.1341 -0.046 0 0 -6.964 12.297 16.335
1 103 22 0.2012 0.5411 0 0 -8.800 15.545 15.546
1 104 13 0.2560 0.7857 0 0 -8.506 15.065 11.782
1 105 3 0.0487 -0.751 0 0 -9.186 11.321 11.833
1 106 17 0.1280 0.3184 0 0 -6.140 10.729 9.679
1 107 3 0.2743 -0.904 0 0 -2.504 9.696 9.900
1 108 3 0.3292 -0.876 0 0 -2.123 10.962 6.345
1 109 22 0.5731 0.2924 0 0 -2.117 14.707 7.087
1 110 16 0.75 -0.586 0 0 0.632 16.789 5.417
1 111 14 0.9085 -0.015 0 0 3.203 17.553 8.079
1 112 22 0.9512 0.0851 0 0 6.828 18.676 8.390
1 113 12 0.9329 -0.690 0 0 8.909 18.130 11.504
1 114 22 0.9573 0.7488 0 0 10.920 21.300 12.103
1 115 9 0.8597 0.0000 0 0 14.003 21.526 14.316
1 116 2 0.8475 0.2953 0 0 14.401 25.243 14.883
1 117 13 0.5914 0.0853 0 0 17.163 27.464 16.365
1 118 5 0.4512 0.3179 0 0 19.833 25.533 14.500
1 119 3 0.2195 0.3327 0 0 21.985 28.680 14.767
1 120 12 0.0975 0.3288 0 0 22.503 27.936 18.493
1 121 0 0.0182 -0.922 0 0 25.682 26.106 19.559
1 122 0 0.0121 -0.246 0 0 24.309 24.535 22.759
1 123 1 0.0731 0.5240 0 0 22.335 21.759 21.038
1 124 18 0.0609 0.0693 0 0 20.582 19.059 23.107
1 125 22 0.2378 0.8585 0 0 18.524 17.281 20.428
1 126 7 0.1158 -0.837 0 0 20.642 15.347 17.913
1 127 17 0.3109 -0.107 0 0 19.551 15.543 14.257
1 128 1 0.0914 -0.973 0 0 19.617 11.749 14.135
1 129 6 0.1646 -0.093 0 0 16.832 11.282 16.698
1 130 0 0.4878 0.6227 0 0 14.657 13.859 14.968
1 131 6 0.3780 -0.146 0 0 15.408 12.060 11.686
1 132 3 0.1463 -0.786 0 0 14.419 8.643 12.998
1 133 12 0.4024 0.5346 0 0 11.218 10.094 14.416
1 134 0 0.5548 0.4795 0 0 10.340 11.829 11.158
1 135 1 0.2926 -0.710 0 0 11.227 8.737 9.125
1 136 17 0.1402 -0.201 0 0 9.106 6.607 11.478
1 137 7 0.4085 0.1579 0 0 6.113 8.883 10.945
1 138 9 0.3719 0.0000 0 0 6.483 9.260 7.193
1 139 11 0.6524 0.6608 0 0 7.157 12.999 7.282
1 140 16 0.7195 0.2483 0 0 10.105 15.150 6.248
1 141 20 0.7865 -0.062 0 0 12.569 16.619 8.754
1 142 11 0.8170 0.2462 0 0 13.980 20.075 8.161
1 143 7 0.7804 -0.717 0 0 16.180 22.144 10.425
1 144 18 0.7987 0.9774 0 0 15.629 25.888 10.589
1 145 17 0.6463 -0.979 0 0 16.991 29.089 12.047
1 146 0 0.7012 0.4590 0 0 14.397 31.862 12.194
1 147 13 0.4146 -0.769 0 0 17.336 34.064 13.109
1 148 18 0.2804 -0.177 0 0 19.549 33.496 10.047
1 149 1 0.4756 -0.020 0 0 16.655 32.404 7.768
1 150 6 0.4573 -0.319 0 0 18.434 29.088 7.165
1 151 9 0.6768 0.0000 0 0 15.915 26.494 5.977
1 152 22 0.8109 -0.081 0 0 12.869 28.713 6.503
1 153 7 0.7073 -0.870 0 0 11.592 28.630 2.906
1 154 3 0.7256 -0.535 0 0 12.599 24.988 2.644
1 155 0 0.9146 0.6715 0 0 10.320 24.153 5.587
1 156 15 0.9207 0.5180 0 0 7.240 26.084 4.514
1 157 20 0.7439 -0.514 0 0 7.570 25.290 0.801
1 158 18 0.7743 0.0890 0 0 8.177 21.596 1.522
1 159 12 0.8841 0.7803 0 0 4.931 21.598 3.521
1 160 22 0.7134 -0.313 0 0 3.105 23.154 0.569
1 161 1 0.4939 -0.113 0 0 4.554 20.502 -1.768
1 162 7 0.5853 0.2771 0 0 3.485 17.805 0.709
1 163 11 0.5365 0.5348 0 0 -0.068 19.170 0.433
1 164 1 0.2621 0.1080 0 0 0.154 19.074 -3.409
1 165 6 0.1707 0.1717 0 0 1.492 15.511 -3.196
1 166 10 0.1951 0.1361 0 0 -1.237 14.299 -0.889
