1 1 14 0.0 0.4040 0 0 -10.613 -23.797 -32.593
1 2 18 0.0372 0.2046 0 0 -7.232 -24.465 -31.040
1 3 7 0.2173 -0.423 0 0 -7.470 -24.176 -27.277
1 4 20 0.5403 -0.202 0 0 -4.714 -23.364 -24.798
1 5 13 0.6583 -0.897 0 0 -5.295 -24.374 -21.189
1 6 12 0.8944 0.1345 0 0 -3.285 -21.842 -19.229
1 7 22 0.9316 -0.657 0 0 -2.923 -21.928 -15.451
1 8 22 0.9875 0.3775 0 0 -1.813 -18.947 -13.370
1 9 22 0.9565 -0.288 0 0 -0.096 -19.927 -10.098
1 10 9 0.9130 0.0000 0 0 1.934 -18.207 -7.391
1 11 0 0.7391 -0.520 0 0 1.745 -17.041 -3.764
1 12 9 0.5776 0.0000 0 0 -1.246 -15.212 -2.329
1 13 9 0.5900 0.0000 0 0 -1.462 -11.593 -3.421
1 14 22 0.8074 0.6016 0 0 1.230 -11.492 -6.114
1 15 9 0.8447 0.0000 0 0 -1.368 -10.333 -8.649
1 16 13 0.9440 0.0103 0 0 -2.490 -13.477 -10.478
1 17 17 0.8260 -0.707 0 0 -6.096 -12.234 -10.841
1 18 0 0.7701 -0.227 0 0 -4.918 -8.744 -11.662
1 19 12 0.9068 0.7147 0 0 -2.805 -10.032 -14.535
1 20 18 0.8819 0.2322 0 0 -5.686 -12.105 -15.900
1 21 11 0.6397 -0.410 0 0 -8.290 -9.324 -15.549
1 22 6 0.6273 -0.341 0 0 -5.919 -6.919 -17.269
1 23 12 0.6894 0.5773 0 0 -5.508 -9.411 -20.141
1 24 11 0.5155 0.3304 0 0 -9.205 -10.257 -20.599
1 25 6 0.3105 0.0023 0 0 -10.999 -7.125 -19.411
1 26 2 0.2670 -0.385 0 0 -8.395 -4.544 -20.480
1 27 10 0.2236 -0.244 0 0 -8.285 -2.904 -17.032
1 28 15 0.3354 0.1743 0 0 -6.769 -3.105 -13.493
1 29 22 0.0993 -0.530 0 0 -8.575 -1.492 -10.517
1 30 3 0.0869 -0.225 0 0 -6.698 -1.617 -7.191
1 31 7 0.0621 0.0013 0 0 -8.775 -3.770 -4.831
1 32 20 0.0807 -0.147 0 0 -8.788 -6.732 -2.452
1 33 3 0.1739 0.0614 0 0 -10.654 -9.781 -3.893
1 34 16 0.3229 -0.864 0 0 -9.029 -13.184 -3.080
1 35 18 0.4534 0.8911 0 0 -9.493 -15.954 -5.676
1 36 11 0.3291 -0.996 0 0 -11.018 -19.335 -4.992
1 37 7 0.4409 -0.028 0 0 -11.108 -20.491 -8.604
1 38 3 0.4658 -0.338 0 0 -12.143 -18.605 -11.716
1 39 17 0.4782 -0.570 0 0 -12.264 -19.376 -15.395
1 40 20 0.5093 0.3376 0 0 -11.804 -16.965 -18.276
1 41 1 0.3664 -0.510 0 0 -12.366 -18.085 -21.833
1 42 13 0.3167 -0.181 0 0 -11.521 -15.598 -24.591
1 43 6 0.1055 -0.919 0 0 -11.240 -15.967 -28.366
1 44 22 0.1801 0.9919 0 0 -8.096 -14.145 -29.417
1 45 22 0.0683 -0.978 0 0 -5.811 -13.888 -32.385
1 46 11 0.2111 0.9798 0 0 -2.142 -14.504 -31.587
1 47 3 0.0434 0.6911 0 0 0.358 -14.356 -34.464
1 48 9 0.0062 0.0000 0 0 -2.515 -14.748 -36.905
1 49 7 0.0248 0.4676 0 0 -3.826 -17.880 -35.212
1 50 18 0.0310 -0.804 0 0 -7.356 -17.666 -33.906
1 51 5 0.1242 0.7315 0 0 -7.442 -19.476 -30.559
1 52 12 0.2484 -0.257 0 0 -9.304 -19.914 -27.305
1 53 12 0.5527 0.5054 0 0 -7.458 -19.003 -24.153
1 54 3 0.5652 -0.576 0 0 -8.942 -21.066 -21.328
1 55 11 0.8136 0.5386 0 0 -7.286 -19.516 -18.286
1 56 12 0.8012 -0.619 0 0 -7.694 -20.841 -14.800
1 57 3 0.8633 -0.072 0 0 -6.892 -18.184 -12.217
1 58 18 0.7950 0.4452 0 0 -6.070 -20.103 -9.056
1 59 0 0.6335 -0.974 0 0 -5.800 -19.454 -5.308
1 60 9 0.6708 0.0000 0 0 -2.443 -18.681 -3.712
1 61 6 0.3602 -0.327 0 0 -3.481 -19.751 -0.188
0 62 7 0 0 0 0 -3.481 -19.751 -0.188
0 63 7 0 0 0 0 -3.481 -19.751 -0.188
0 64 20 0 0 0 0 -3.481 -19.751 -0.188
0 65 17 0 0 0 0 -3.481 -19.751 -0.188
0 66 0 0 0 0 0 -3.481 -19.751 -0.188
1 67 14 0.1118 -0.287 0 0 -6.547 -29.224 -4.070
1 68 1 0.4223 0.6165 0 0 -4.243 -27.966 -6.843
1 69 3 0.2546 -0.921 0 0 -3.409 -31.361 -8.382
1 70 6 0.1925 -0.567 0 0 -6.730 -31.407 -10.246
1 71 20 0.4844 0.5493 0 0 -6.197 -28.056 -11.997
1 72 14 0.6149 0.3128 0 0 -2.480 -28.564 -12.519
1 73 1 0.3416 -0.865 0 0 -2.899 -31.999 -14.107
1 74 18 0.3850 -0.019 0 0 -5.174 -30.550 -16.788
1 75 9 0.6645 0.0000 0 0 -2.809 -27.609 -17.502
1 76 7 0.6459 -0.550 0 0 -0.858 -27.072 -20.722
1 77 9 0.8695 0.0000 0 0 1.177 -24.063 -19.756
1 78 15 0.9627 -0.755 0 0 1.838 -22.349 -16.444
1 79 12 0.9937 0.6828 0 0 2.341 -18.739 -15.559
1 80 5 0.9813 -0.745 0 0 4.389 -18.896 -12.347
1 81 22 0.9751 0.4874 0 0 4.017 -15.506 -10.713
1 82 15 0.8757 -0.277 0 0 5.913 -13.760 -7.913
1 83 0 0.7267 -0.372 0 0 5.983 -10.069 -6.960
1 84 11 0.5217 -0.159 0 0 9.171 -8.059 -7.178
1 85 2 0.2857 0.1268 0 0 8.462 -6.490 -3.760
1 86 2 0.3540 0.2962 0 0 7.966 -9.840 -2.045
1 87 18 0.2360 -0.970 0 0 10.963 -12.106 -1.510
1 88 13 0.2795 -0.399 0 0 8.849 -14.898 -0.041
1 89 17 0.5962 0.4147 0 0 6.704 -15.186 -3.185
1 90 15 0.6024 -0.232 0 0 9.942 -15.467 -5.208
1 91 7 0.3913 -0.873 0 0 11.278 -18.092 -2.804
1 92 3 0.5279 -0.285 0 0 7.886 -19.824 -3.099
1 93 11 0.7329 0.6799 0 0 8.429 -20.181 -6.870
1 94 10 0.4968 -0.553 0 0 10.505 -23.385 -6.473
1 95 6 0.4472 -0.286 0 0 7.636 -25.174 -4.732
1 96 20 0.7204 0.4100 0 0 5.095 -24.400 -7.453
1 97 1 0.6832 -0.183 0 0 7.386 -25.645 -10.210
1 98 7 0.4099 -0.731 0 0 8.156 -28.784 -8.198
1 99 6 0.4347 0.1575 0 0 4.464 -29.380 -7.593
1 100 11 0.5838 0.9806 0 0 3.704 -28.850 -11.290
1 101 13 0.3788 -0.079 0 0 6.467 -31.285 -12.260
1 102 1 0.1366 -0.029 0 0 5.201 -33.844 -9.727
1 103 22 0.1987 0.6553 0 0 1.611 -33.699 -11.005
1 104 13 0.2732 0.7360 0 0 2.558 -33.339 -14.700
1 105 3 0.0496 -0.730 0 0 5.235 -36.066 -14.571
1 106 17 0.1428 0.4898 0 0 7.398 -33.862 -16.795
1 107 3 0.1490 -0.926 0 0 10.721 -31.972 -16.529
1 108 3 0.3478 -0.204 0 0 9.652 -29.615 -19.245
1 109 22 0.5714 0.2675 0 0 6.160 -28.177 -19.155
1 110 16 0.7515 -0.589 0 0 5.449 -24.927 -20.949
1 111 14 0.9006 -0.025 0 0 6.074 -22.342 -18.259
1 112 22 0.9503 0.1111 0 0 6.907 -18.666 -17.833
1 113 12 0.9378 -0.712 0 0 8.425 -17.055 -14.740
1 114 22 0.9689 0.7987 0 0 6.620 -13.782 -14.053
1 115 9 0.8571 0.0000 0 0 7.922 -10.989 -11.883
1 116 2 0.8509 0.2940 0 0 4.811 -8.883 -11.309
1 117 13 0.6211 0.0505 0 0 4.286 -5.410 -9.820
1 118 5 0.4596 0.3225 0 0 7.286 -3.936 -11.616
1 119 3 0.2422 0.3197 0 0 5.517 -0.565 -11.525
1 120 12 0.1304 0.3280 0 0 6.389 -0.453 -7.805
1 121 0 0.0124 -0.898 0 0 9.416 1.589 -6.710
1 122 0 0.0186 -0.282 0 0 10.410 -0.614 -3.753
1 123 1 0.0745 0.5305 0 0 12.006 -3.656 -5.347
1 124 18 0.0559 0.0914 0 0 13.320 -6.478 -3.130
1 125 22 0.2298 0.8352 0 0 13.843 -9.114 -5.832
1 126 7 0.1180 -0.921 0 0 16.463 -8.071 -8.390
1 127 17 0.2981 -0.070 0 0 15.821 -8.887 -12.058
1 128 1 0.0931 -0.986 0 0 19.196 -10.624 -12.460
1 129 6 0.1552 -0.030 0 0 18.224 -12.833 -9.548
1 130 0 0.4720 0.7226 0 0 14.990 -14.035 -11.196
1 131 6 0.4037 -0.155 0 0 16.697 -14.133 -14.589
1 132 3 0.1614 -0.818 0 0 19.321 -16.525 -13.184
1 133 12 0.3975 0.5232 0 0 16.549 -18.673 -11.721
1 134 0 0.5590 0.4798 0 0 14.537 -18.714 -14.950
1 135 1 0.2919 -0.748 0 0 17.649 -19.770 -16.917
1 136 17 0.1863 0.1297 0 0 18.228 -22.620 -14.440
1 137 15 0.4285 0.5337 0 0 14.654 -23.804 -15.184
1 138 9 0.3726 0.0000 0 0 15.026 -23.482 -18.951
1 139 11 0.6521 0.7124 0 0 12.042 -21.085 -19.118
1 140 16 0.7080 0.2168 0 0 11.545 -17.410 -20.074
1 141 20 0.7826 -0.072 0 0 11.547 -14.603 -17.498
1 142 11 0.8322 0.2720 0 0 9.121 -11.703 -18.112
1 143 7 0.7763 -0.728 0 0 8.484 -8.730 -15.827
1 144 18 0.8198 0.9779 0 0 4.904 -7.457 -15.616
1 145 17 0.6770 -0.997 0 0 2.661 -4.797 -14.172
1 146 0 0.7018 0.3883 0 0 -1.031 -5.600 -13.883
1 147 13 0.4161 -0.752 0 0 -1.373 -1.909 -12.968
1 148 18 0.3043 -0.145 0 0 0.134 -0.339 -16.085
1 149 1 0.5031 -0.007 0 0 -0.329 -3.426 -18.307
1 150 6 0.4906 -0.288 0 0 3.425 -3.481 -19.088
1 151 9 0.6956 0.0000 0 0 4.475 -6.979 -20.156
1 152 22 0.8385 -0.099 0 0 1.028 -8.536 -19.629
1 153 7 0.7453 -0.896 0 0 0.350 -9.618 -23.229
1 154 3 0.7577 -0.472 0 0 4.024 -10.464 -23.388
1 155 0 0.9254 0.6898 0 0 3.763 -12.925 -20.465
1 156 15 0.9192 0.5098 0 0 0.648 -14.711 -21.709
1 157 20 0.7639 -0.501 0 0 1.470 -14.730 -25.445
1 158 18 0.7888 0.1032 0 0 4.966 -16.032 -24.695
1 159 12 0.8881 0.7337 0 0 3.415 -18.899 -22.739
1 160 22 0.7142 -0.341 0 0 1.119 -19.677 -25.692
1 161 1 0.5341 -0.089 0 0 4.236 -19.644 -27.897
1 162 7 0.6086 0.2798 0 0 6.048 -22.037 -25.517
1 163 11 0.5465 0.5350 0 0 3.093 -24.386 -25.803
1 164 1 0.2608 0.1255 0 0 3.328 -24.229 -29.618
1 165 6 0.1677 0.3591 0 0 7.087 -25.002 -29.557
1 166 10 0.2049 0.2088 0 0 6.784 -27.850 -27.051
