1 1 14 0.0 0.3610 0 0 -6.129 32.422 -6.580
1 2 18 0.0421 0.0299 0 0 -4.547 29.274 -5.291
1 3 7 0.2409 -0.392 0 0 -4.183 29.447 -1.455
1 4 20 0.5361 -0.238 0 0 -2.608 27.655 1.397
1 5 13 0.6807 -0.726 0 0 -3.602 27.607 4.979
1 6 12 0.9036 0.1000 0 0 -0.493 27.104 7.138
1 7 22 0.9397 -0.616 0 0 -0.683 26.864 10.934
1 8 22 0.9879 0.2062 0 0 2.728 27.272 12.805
1 9 22 0.9698 -0.217 0 0 2.505 25.103 16.072
1 10 9 0.9277 0.0000 0 0 4.960 24.066 18.849
1 11 0 0.8012 -0.456 0 0 6.193 25.270 22.138
1 12 22 0.6506 -0.672 0 0 6.945 28.536 23.928
1 13 9 0.5843 0.0000 0 0 10.247 30.200 23.375
1 14 22 0.8192 0.6693 0 0 10.950 28.279 20.064
1 15 9 0.8614 0.0000 0 0 10.603 31.090 17.469
1 16 13 0.9457 0.1103 0 0 7.212 30.586 15.899
1 17 17 0.8373 -0.627 0 0 6.558 34.397 15.601
1 18 0 0.7530 -0.333 0 0 10.172 35.234 14.608
1 19 12 0.8915 0.7866 0 0 9.938 32.935 11.491
1 20 18 0.8734 0.3916 0 0 6.456 34.138 10.314
1 21 11 0.6204 -0.460 0 0 7.761 37.810 10.800
1 22 6 0.6024 -0.305 0 0 11.102 37.049 9.027
1 23 12 0.6746 0.6113 0 0 9.295 35.673 6.049
1 24 11 0.4879 0.4999 0 0 6.482 38.366 5.802
1 25 6 0.2951 -0.125 0 0 8.580 41.289 6.969
1 26 2 0.2349 -0.123 0 0 12.322 40.616 6.624
1 27 10 0.1686 -0.178 0 0 13.562 41.618 10.040
1 28 15 0.3192 0.1554 0 0 14.424 39.634 13.311
1 29 22 0.3253 0.3358 0 0 12.213 39.973 16.449
1 30 3 0.1204 -0.701 0 0 14.712 40.028 19.335
1 31 7 0.0722 -0.717 0 0 11.820 41.293 21.435
1 32 20 0.1084 -0.320 0 0 10.287 38.998 23.947
1 33 3 0.1807 0.0523 0 0 6.411 39.130 23.408
1 34 16 0.3674 -0.792 0 0 4.044 36.129 23.422
1 35 18 0.4819 0.8835 0 0 1.080 35.081 21.293
1 36 11 0.3975 -0.986 0 0 -2.699 34.147 21.347
1 37 7 0.5060 -0.225 0 0 -3.487 34.091 17.500
1 38 3 0.5481 -0.253 0 0 -2.197 35.906 14.471
1 39 17 0.5240 -0.491 0 0 -2.958 35.813 10.751
1 40 20 0.5120 0.3481 0 0 -0.448 37.022 8.195
1 41 1 0.3855 -0.552 0 0 -1.607 36.921 4.554
1 42 13 0.3313 0.1081 0 0 1.024 37.465 1.857
1 43 6 0.0963 -0.777 0 0 0.753 37.198 -1.946
1 44 22 0.1746 0.9879 0 0 3.867 35.310 -2.960
1 45 22 0.0602 -0.988 0 0 4.985 33.410 -6.104
1 46 11 0.1987 0.9787 0 0 6.326 29.847 -5.411
1 47 3 0.0361 0.6362 0 0 7.744 27.892 -8.488
1 48 9 0.0060 0.0000 0 0 6.183 30.408 -10.741
1 49 7 0.0120 0.6856 0 0 2.628 29.965 -9.308
1 50 18 0.0240 -0.953 0 0 0.711 32.850 -7.683
1 51 5 0.1265 0.6418 0 0 -0.508 31.869 -4.250
1 52 12 0.2831 -0.372 0 0 -1.615 33.401 -0.919
1 53 12 0.5722 0.3561 0 0 0.150 32.266 2.172
1 54 3 0.5783 -0.494 0 0 -2.476 32.625 4.882
1 55 11 0.8253 0.5224 0 0 -0.443 31.808 7.920
1 56 12 0.8313 -0.584 0 0 -1.709 31.444 11.450
1 57 3 0.8975 -0.191 0 0 1.007 31.893 13.937
1 58 18 0.8433 0.1756 0 0 -0.201 30.617 17.238
1 59 18 0.7891 -0.973 0 0 1.140 29.091 20.437
1 60 9 0.7289 0.0000 0 0 2.061 26.057 22.504
1 61 6 0.4277 -0.673 0 0 0.692 26.357 26.151
1 62 7 0.1867 0.1939 0 0 -2.118 28.650 27.473
1 63 7 0.0481 -0.692 0 0 -5.893 28.225 28.028
1 64 20 0.2710 0.7264 0 0 -5.464 27.066 24.333
1 65 17 0.1325 -0.938 0 0 -6.300 23.615 25.697
1 66 0 0.1506 -0.626 0 0 -7.976 21.492 23.028
1 67 14 0.1385 -0.335 0 0 -9.264 25.101 22.027
1 68 1 0.4578 0.5273 0 0 -6.304 24.346 19.753
1 69 3 0.3614 -0.590 0 0 -8.618 22.013 17.744
1 70 6 0.2530 -0.555 0 0 -10.635 24.664 15.963
1 71 20 0.5301 0.6666 0 0 -7.595 25.943 14.079
1 72 14 0.6385 0.3896 0 0 -6.133 22.506 13.480
1 73 1 0.3795 -0.850 0 0 -9.314 21.293 11.607
1 74 18 0.4156 -0.384 0 0 -8.933 24.019 9.005
1 75 9 0.6987 0.0000 0 0 -5.117 24.282 8.585
1 76 7 0.6626 -0.566 0 0 -4.157 22.554 5.408
1 77 9 0.8674 0.0000 0 0 -0.536 22.258 6.446
1 78 15 0.9638 -0.692 0 0 1.380 22.416 9.727
1 79 12 0.9939 0.5620 0 0 4.912 23.661 10.660
1 80 5 0.9819 -0.780 0 0 5.956 21.857 13.836
1 81 22 0.9759 0.4318 0 0 8.721 23.820 15.678
1 82 15 0.8855 -0.342 0 0 11.166 22.911 18.358
1 83 0 0.7409 -0.441 0 0 14.252 24.860 19.483
1 84 11 0.5180 -0.223 0 0 17.562 22.965 19.164
1 85 2 0.3132 0.2234 0 0 18.729 24.101 22.581
1 86 2 0.3734 0.3117 0 0 15.567 23.034 24.402
1 87 18 0.2590 -0.944 0 0 15.175 19.239 25.014
1 88 13 0.3373 0.0907 0 0 11.580 19.624 26.336
1 89 17 0.6144 0.2859 0 0 10.407 21.631 23.251
1 90 15 0.6445 -0.233 0 0 11.442 18.670 21.054
1 91 7 0.4397 -0.861 0 0 9.590 16.116 23.256
1 92 3 0.5602 -0.145 0 0 6.295 17.941 23.208
1 93 11 0.7831 0.6904 0 0 6.375 17.756 19.304
1 94 10 0.5421 -0.887 0 0 4.512 14.412 19.954
1 95 6 0.4939 0.1279 0 0 1.712 15.977 21.823
1 96 20 0.7710 0.4780 0 0 1.124 18.166 18.711
1 97 1 0.7108 -0.036 0 0 1.376 15.512 16.070
1 98 7 0.4337 -0.738 0 0 -1.072 13.301 18.040
1 99 6 0.4457 0.2610 0 0 -3.888 15.905 18.169
1 100 11 0.6265 0.9749 0 0 -3.153 17.155 14.643
1 101 13 0.4036 -0.071 0 0 -3.993 13.504 13.640
1 102 1 0.1626 -0.228 0 0 -6.970 13.372 16.059
1 103 22 0.2289 0.7527 0 0 -8.773 16.500 14.776
1 104 13 0.3012 0.7471 0 0 -7.739 15.735 11.150
1 105 3 0.0542 -0.727 0 0 -8.873 12.080 11.375
1 106 17 0.1024 0.5970 0 0 -5.788 10.980 9.252
1 107 3 0.2108 -0.861 0 0 -2.294 9.681 9.911
1 108 3 0.3433 -0.283 0 0 -0.857 11.552 6.823
1 109 22 0.5903 0.3836 0 0 -1.040 15.349 7.009
1 110 16 0.7469 -0.471 0 0 1.398 17.629 5.241
1 111 14 0.9156 -0.021 0 0 3.946 18.752 8.007
1 112 22 0.9518 0.2155 0 0 7.603 19.802 8.594
1 113 12 0.9337 -0.658 0 0 9.715 19.359 11.642
1 114 22 0.9578 0.7850 0 0 11.650 22.554 12.220
1 115 9 0.8493 0.0000 0 0 14.676 22.588 14.483
1 116 2 0.8554 0.3349 0 0 14.812 26.316 15.050
1 117 13 0.6084 0.1056 0 0 17.466 28.684 16.462
1 118 5 0.4638 0.2125 0 0 20.221 26.769 14.780
1 119 3 0.2228 0.2890 0 0 22.849 29.552 15.116
1 120 12 0.0903 0.2729 0 0 23.245 29.044 18.929
1 121 0 0.0180 -0.810 0 0 25.941 26.675 20.164
1 122 0 0.0301 0.0000 0 0 24.326 25.192 23.168
1 123 1 0.0843 0.4234 0 0 22.614 22.590 21.096
1 124 18 0.0662 0.2065 0 0 21.074 19.856 23.204
1 125 22 0.2469 0.8641 0 0 19.020 18.120 20.589
1 126 7 0.1144 -0.963 0 0 21.319 16.622 18.000
1 127 17 0.2650 -0.270 0 0 20.575 16.803 14.361
1 128 1 0.0783 -0.851 0 0 20.891 12.974 14.194
1 129 6 0.1566 0.0067 0 0 17.932 12.436 16.621
1 130 0 0.4759 0.5997 0 0 15.730 15.059 14.988
1 131 6 0.3915 -0.205 0 0 16.417 13.597 11.518
1 132 3 0.1927 -0.888 0 0 15.503 10.205 12.970
1 133 12 0.4096 0.5087 0 0 12.141 11.424 14.528
1 134 0 0.5662 0.4308 0 0 11.317 13.063 11.253
1 135 1 0.3072 -0.866 0 0 11.773 9.916 9.081
1 136 17 0.2048 -0.054 0 0 9.914 7.891 11.749
1 137 20 0.4216 0.6153 0 0 6.840 10.107 10.940
1 138 9 0.3493 0.0000 0 0 7.422 9.899 7.142
1 139 11 0.6325 0.7054 0 0 8.096 13.787 7.339
1 140 16 0.7228 0.1680 0 0 10.812 16.467 6.412
1 141 20 0.7771 -0.161 0 0 13.281 17.958 8.815
1 142 11 0.8072 0.4484 0 0 14.572 21.422 8.029
1 143 7 0.7590 -0.718 0 0 16.812 23.485 10.354
1 144 18 0.7951 0.9760 0 0 16.136 27.178 10.509
1 145 17 0.6566 -0.997 0 0 17.263 30.541 11.887
1 146 0 0.6686 0.4792 0 0 15.148 33.631 12.517
1 147 13 0.3554 -0.759 0 0 18.199 35.746 13.704
1 148 18 0.2891 -0.235 0 0 19.882 34.924 10.290
1 149 1 0.4698 0.0122 0 0 16.939 34.034 7.982
1 150 6 0.4518 -0.186 0 0 18.762 30.818 6.888
1 151 9 0.6867 0.0000 0 0 16.251 28.035 6.610
1 152 22 0.8132 -0.158 0 0 13.108 30.283 6.639
1 153 7 0.6927 -0.845 0 0 11.971 30.165 2.920
1 154 3 0.7048 -0.592 0 0 13.116 26.535 2.728
1 155 0 0.9216 0.7517 0 0 10.819 25.494 5.666
1 156 15 0.9096 0.4756 0 0 7.695 27.330 4.400
1 157 20 0.7349 -0.469 0 0 8.070 26.295 0.817
1 158 18 0.7650 0.1520 0 0 8.878 22.590 1.577
1 159 12 0.8795 0.7620 0 0 5.552 22.652 3.466
1 160 22 0.7168 -0.357 0 0 3.551 24.337 0.594
1 161 1 0.5 -0.096 0 0 4.869 21.645 -1.792
1 162 7 0.5963 0.3627 0 0 3.829 18.906 0.663
1 163 11 0.5542 0.5528 0 0 0.310 20.362 0.551
1 164 1 0.2771 0.0646 0 0 0.495 20.213 -3.349
1 165 6 0.1445 -0.239 0 0 1.242 16.513 -3.477
1 166 10 0.2168 0.2760 0 0 -1.303 15.386 -0.918
