0 1 9 0 0 0 0 0 0 0
0 2 16 0 0 0 0 0 0 0
0 3 12 0 0 0 0 0 0 0
0 4 9 0 0 0 0 0 0 0
0 5 17 0 0 0 0 0 0 0
1 6 14 0.0 0.1921 0 0 -3.921 -43.455 -33.515
1 7 18 0.0361 0.1876 0 0 -1.300 -40.814 -32.980
1 8 7 0.2108 0.3398 0 0 -1.529 -38.113 -30.382
1 9 20 0.5180 -0.259 0 0 -0.617 -34.460 -31.271
1 10 13 0.6626 -0.334 0 0 0.121 -32.117 -28.346
1 11 12 0.9036 0.0848 0 0 -0.809 -28.617 -29.481
1 12 22 0.9457 -0.689 0 0 -0.270 -25.477 -27.358
1 13 22 0.9879 0.3754 0 0 -2.062 -22.187 -27.956
1 14 22 0.9698 -0.301 0 0 -0.106 -19.090 -26.926
1 15 9 0.9277 0.0000 0 0 -0.428 -15.352 -27.339
1 16 0 0.7951 -0.534 0 0 -1.359 -12.120 -25.573
1 17 9 0.6325 0.0000 0 0 -4.392 -11.735 -23.315
1 18 9 0.6144 0.0000 0 0 -7.646 -11.305 -25.088
1 19 22 0.8192 0.6080 0 0 -6.602 -12.343 -28.592
1 20 9 0.8614 0.0000 0 0 -9.008 -15.256 -28.663
1 21 13 0.9518 0.1197 0 0 -6.979 -18.374 -27.787
1 22 17 0.8433 -0.597 0 0 -9.819 -19.854 -25.762
1 23 0 0.7891 -0.353 0 0 -12.516 -18.892 -28.178
1 24 12 0.9096 0.6721 0 0 -10.546 -20.536 -31.044
1 25 18 0.8915 0.3351 0 0 -9.949 -23.749 -29.141
1 26 11 0.6566 -0.413 0 0 -13.576 -23.920 -27.938
1 27 6 0.6024 -0.436 0 0 -14.926 -23.272 -31.439
1 28 12 0.7108 0.5295 0 0 -12.748 -26.092 -32.738
1 29 11 0.5301 0.3471 0 0 -13.587 -28.581 -30.040
1 30 6 0.3072 0.0607 0 0 -17.155 -27.622 -29.066
1 31 2 0.2469 -0.225 0 0 -18.551 -25.796 -32.110
1 32 10 0.2048 -0.089 0 0 -19.730 -22.644 -30.403
1 33 15 0.3373 0.1429 0 0 -18.409 -19.081 -29.956
1 34 22 0.3253 0.3974 0 0 -17.534 -17.808 -26.484
1 35 3 0.1265 -0.616 0 0 -18.670 -14.139 -26.426
1 36 7 0.0783 -0.318 0 0 -17.544 -13.335 -22.875
1 37 20 0.2228 0.3793 0 0 -14.005 -12.750 -21.685
1 38 3 0.1927 -0.639 0 0 -12.899 -15.035 -18.810
1 39 16 0.3554 -0.781 0 0 -9.089 -14.983 -18.548
1 40 18 0.4879 0.8659 0 0 -7.526 -18.449 -18.613
1 41 11 0.3674 -0.995 0 0 -5.052 -19.949 -16.245
1 42 7 0.5 0.2870 0 0 -4.224 -23.275 -17.892
1 43 3 0.5361 -0.229 0 0 -6.881 -25.523 -19.527
1 44 17 0.5722 -0.733 0 0 -6.612 -28.653 -21.631
1 45 20 0.5542 0.3444 0 0 -8.924 -30.116 -24.265
1 46 1 0.3855 -0.609 0 0 -8.805 -33.566 -25.851
1 47 13 0.2951 -0.024 0 0 -10.647 -34.835 -28.902
1 48 6 0.1024 -0.963 0 0 -10.355 -37.679 -31.405
1 49 22 0.1445 0.9902 0 0 -10.578 -36.380 -34.939
1 50 22 0.0542 -0.974 0 0 -9.689 -37.666 -38.356
1 51 11 0.1867 0.9674 0 0 -7.102 -35.373 -40.048
1 52 3 0.0421 0.6833 0 0 -6.062 -36.287 -43.612
1 53 9 0.0060 0.0000 0 0 -7.351 -39.775 -43.134
1 54 7 0.0120 0.4646 0 0 -5.414 -40.400 -39.879
1 55 18 0.0180 -0.738 0 0 -7.370 -41.035 -36.711
1 56 5 0.0963 0.7431 0 0 -5.721 -38.981 -34.059
1 57 12 0.2349 -0.449 0 0 -6.006 -37.529 -30.647
1 58 12 0.5481 0.4883 0 0 -5.627 -33.836 -30.241
1 59 3 0.5843 -0.685 0 0 -4.424 -32.712 -26.759
1 60 11 0.8253 0.4895 0 0 -4.743 -28.902 -26.824
1 61 12 0.8313 -0.246 0 0 -3.247 -26.742 -24.042
1 62 3 0.8795 -0.072 0 0 -4.986 -23.357 -23.794
1 63 18 0.8373 0.4866 0 0 -2.529 -21.120 -21.990
1 64 0 0.6867 -0.952 0 0 -2.741 -17.772 -20.184
1 65 9 0.7349 0.0000 0 0 -2.075 -14.600 -21.998
1 66 6 0.4156 -0.551 0 0 -2.589 -12.305 -18.998
1 67 7 0.2168 0.2249 0 0 0.768 -11.787 -17.126
1 68 7 0.0481 -0.387 0 0 -1.144 -12.077 -13.829
1 69 20 0.1807 -0.149 0 0 -2.374 -15.574 -14.744
1 70 17 0.3493 -0.042 0 0 0.822 -16.796 -16.458
1 71 0 0.0843 -0.805 0 0 2.666 -18.515 -13.498
1 72 14 0.1325 -0.710 0 0 4.233 -21.760 -14.708
1 73 1 0.4638 0.6384 0 0 3.123 -21.280 -18.377
1 74 3 0.4036 -0.917 0 0 6.624 -22.374 -19.349
1 75 6 0.2409 -0.956 0 0 6.191 -25.776 -17.648
1 76 20 0.4819 -0.296 0 0 3.009 -26.332 -19.725
1 77 14 0.6746 0.4645 0 0 4.626 -25.096 -22.912
1 78 1 0.4216 -0.979 0 0 7.564 -27.606 -22.591
1 79 18 0.4397 0.0358 0 0 5.398 -30.520 -23.318
1 80 9 0.6987 0.0000 0 0 4.082 -29.197 -26.609
1 81 7 0.6385 -0.621 0 0 4.778 -30.667 -30.018
1 82 9 0.8674 0.0000 0 0 3.420 -27.709 -31.991
1 83 15 0.9638 -0.690 0 0 2.384 -24.119 -31.119
1 84 12 0.9939 0.5499 0 0 -0.387 -21.869 -32.375
1 85 5 0.9819 -0.796 0 0 1.058 -18.397 -31.942
1 86 22 0.9759 0.5091 0 0 -2.064 -16.162 -31.858
1 87 15 0.8855 -0.365 0 0 -2.463 -12.450 -32.204
1 88 0 0.7530 -0.362 0 0 -5.602 -10.364 -33.015
1 89 11 0.5240 -0.147 0 0 -5.709 -8.388 -36.266
1 90 2 0.3132 0.1320 0 0 -7.189 -5.437 -34.340
1 91 2 0.3734 0.3508 0 0 -4.372 -5.490 -31.697
1 92 18 0.2891 -0.872 0 0 -1.037 -4.292 -32.916
1 93 13 0.3012 -0.283 0 0 0.659 -4.847 -29.564
1 94 17 0.6204 0.4616 0 0 -0.424 -8.536 -29.582
1 95 15 0.6265 -0.284 0 0 1.259 -8.919 -32.972
1 96 7 0.3915 -0.845 0 0 4.451 -7.178 -31.691
1 97 3 0.5602 -0.138 0 0 4.345 -9.569 -28.685
1 98 11 0.7771 0.7063 0 0 4.620 -12.653 -31.018
1 99 10 0.5120 -0.952 0 0 8.454 -12.299 -31.161
1 100 6 0.4698 -0.957 0 0 8.555 -12.797 -27.376
1 101 20 0.7831 0.3997 0 0 6.276 -15.836 -27.542
1 102 1 0.7289 -0.364 0 0 8.442 -17.356 -30.251
1 103 7 0.4337 -0.718 0 0 11.528 -16.724 -28.045
1 104 6 0.5060 0.2989 0 0 9.733 -18.442 -25.159
1 105 11 0.6506 0.9228 0 0 8.852 -21.457 -27.262
1 106 13 0.3975 -0.218 0 0 12.479 -21.744 -28.477
1 107 1 0.1987 -0.022 0 0 13.629 -21.576 -24.831
1 108 22 0.3313 0.7595 0 0 11.178 -24.252 -23.536
1 109 13 0.3192 0.6644 0 0 11.841 -26.642 -26.423
1 110 3 0.0602 -0.440 0 0 15.613 -25.908 -26.622
1 111 17 0.1204 0.3228 0 0 15.205 -25.739 -30.380
1 112 3 0.1385 -0.614 0 0 15.266 -23.270 -33.185
1 113 3 0.2831 -0.435 0 0 13.058 -25.560 -35.309
1 114 22 0.5662 0.3858 0 0 9.731 -26.000 -33.498
1 115 16 0.7409 -0.526 0 0 6.447 -26.684 -35.372
1 116 14 0.8975 -0.251 0 0 4.388 -23.468 -35.254
1 117 22 0.9397 0.0725 0 0 1.632 -21.618 -37.106
1 118 12 0.9337 -0.662 0 0 1.091 -17.797 -36.876
1 119 22 0.9578 0.7222 0 0 -2.603 -17.052 -36.430
1 120 9 0.8554 0.0000 0 0 -4.266 -13.678 -36.927
1 121 2 0.8493 0.3168 0 0 -7.561 -13.972 -35.134
1 122 13 0.5963 0.0907 0 0 -10.713 -11.809 -35.051
1 123 5 0.4457 0.3312 0 0 -10.723 -11.513 -38.892
1 124 3 0.2289 0.3362 0 0 -14.480 -10.890 -38.714
1 125 12 0.1144 0.3437 0 0 -13.710 -7.449 -37.247
1 126 0 0.0240 -0.921 0 0 -12.972 -4.400 -39.380
1 127 0 0.0301 0.0228 0 0 -10.761 -2.430 -37.002
1 128 1 0.0722 0.4280 0 0 -7.726 -4.019 -38.578
1 129 18 0.0662 -0.003 0 0 -4.362 -2.626 -37.698
1 130 22 0.2530 0.8626 0 0 -2.265 -5.635 -38.791
1 131 7 0.1084 -0.867 0 0 -2.372 -6.069 -42.552
1 132 17 0.2710 -0.060 0 0 -2.164 -9.579 -43.939
1 133 1 0.0903 -0.684 0 0 1.161 -8.857 -45.639
1 134 6 0.1566 -0.197 0 0 2.903 -7.787 -42.419
1 135 0 0.4759 0.6231 0 0 1.973 -11.048 -40.736
1 136 6 0.3614 -0.514 0 0 2.856 -13.034 -43.869
1 137 3 0.1686 -0.863 0 0 6.291 -11.442 -43.623
1 138 12 0.4096 0.6086 0 0 6.756 -12.245 -39.966
1 139 0 0.5783 0.4738 0 0 5.699 -15.884 -40.553
1 140 1 0.2771 -0.979 0 0 8.074 -16.099 -43.609
1 141 17 0.1746 0.2227 0 0 10.936 -15.045 -41.347
1 142 20 0.4277 0.5360 0 0 10.189 -17.915 -39.026
1 143 9 0.3433 0.0000 0 0 9.609 -20.397 -41.921
1 144 11 0.6084 0.7608 0 0 6.010 -21.015 -40.876
1 145 16 0.6807 0.2385 0 0 2.515 -20.412 -42.313
1 146 20 0.7650 -0.054 0 0 0.241 -17.499 -41.536
1 147 11 0.8072 0.2408 0 0 -3.490 -18.151 -41.296
1 148 7 0.7590 -0.689 0 0 -6.322 -15.789 -40.424
1 149 18 0.8012 0.9758 0 0 -9.170 -16.936 -38.259
1 150 17 0.6445 -0.974 0 0 -12.404 -15.983 -36.660
1 151 0 0.7048 0.4540 0 0 -13.514 -17.882 -33.580
1 152 13 0.3795 -0.743 0 0 -16.901 -16.137 -34.092
1 153 18 0.2650 -0.115 0 0 -17.640 -17.211 -37.672
1 154 1 0.4578 -0.159 0 0 -15.429 -20.317 -37.770
1 155 6 0.4518 -0.348 0 0 -13.473 -18.897 -40.686
1 156 9 0.6686 0.0000 0 0 -10.030 -20.563 -40.785
1 157 22 0.8132 -0.082 0 0 -10.419 -22.329 -37.377
1 158 7 0.7168 -0.916 0 0 -10.095 -25.919 -38.641
1 159 3 0.7228 -0.312 0 0 -7.539 -24.888 -41.114
1 160 0 0.9156 0.6729 0 0 -5.362 -23.324 -38.379
1 161 15 0.9216 0.5584 0 0 -5.323 -26.302 -36.092
1 162 20 0.7469 -0.510 0 0 -5.074 -28.898 -38.860
1 163 18 0.7710 0.0499 0 0 -2.244 -26.919 -40.470
1 164 12 0.8734 0.7661 0 0 -0.395 -27.092 -37.136
1 165 22 0.6927 -0.344 0 0 -0.762 -30.937 -37.157
1 166 1 0.4939 -0.064 0 0 0.534 -30.934 -40.775
1 167 7 0.5903 0.2457 0 0 3.488 -28.855 -39.581
1 168 11 0.5421 0.5164 0 0 4.262 -31.258 -36.747
1 169 1 0.2590 0.1037 0 0 4.231 -34.069 -39.362
1 170 6 0.1626 0.3066 0 0 6.908 -32.291 -41.361
1 171 10 0.1506 0.4187 0 0 9.367 -32.237 -38.470
