0 1 9 0 0 0 0 0 0 0
0 2 16 0 0 0 0 0 0 0
0 3 12 0 0 0 0 0 0 0
0 4 9 0 0 0 0 0 0 0
0 5 17 0 0 0 0 0 0 0
1 6 14 0.0 0.2660 0 0 -3.365 -43.924 -27.067
1 7 18 0.0481 0.1836 0 0 -1.088 -40.993 -27.862
1 8 7 0.2349 0.0862 0 0 -1.333 -37.913 -25.729
1 9 20 0.5180 -0.283 0 0 -0.334 -34.493 -27.002
1 10 13 0.6626 -0.712 0 0 0.645 -32.028 -24.290
1 11 12 0.8975 0.0883 0 0 -0.299 -28.508 -25.455
1 12 22 0.9457 -0.669 0 0 0.341 -25.283 -23.600
1 13 22 0.9879 0.3359 0 0 -1.466 -21.988 -24.267
1 14 22 0.9698 -0.229 0 0 0.548 -18.802 -23.574
1 15 9 0.9277 0.0000 0 0 0.253 -15.126 -24.219
1 16 0 0.7951 -0.510 0 0 -0.654 -11.753 -22.707
1 17 9 0.6265 0.0000 0 0 -3.520 -11.183 -20.350
1 18 9 0.6204 0.0000 0 0 -6.839 -10.883 -21.980
1 19 22 0.8192 0.6390 0 0 -5.972 -12.122 -25.473
1 20 9 0.8554 0.0000 0 0 -8.439 -15.075 -25.163
1 21 13 0.9518 0.1191 0 0 -6.378 -18.046 -24.092
1 22 17 0.8373 -0.611 0 0 -9.179 -19.392 -21.916
1 23 0 0.7590 -0.291 0 0 -11.943 -18.489 -24.335
1 24 12 0.9036 0.6851 0 0 -10.057 -20.376 -27.099
1 25 18 0.8795 0.3786 0 0 -9.489 -23.460 -24.999
1 26 11 0.6325 -0.454 0 0 -13.117 -23.573 -23.698
1 27 6 0.6024 -0.422 0 0 -14.432 -23.080 -27.246
1 28 12 0.6987 0.5438 0 0 -12.249 -26.040 -28.391
1 29 11 0.5301 0.3442 0 0 -13.103 -28.343 -25.458
1 30 6 0.2951 0.0408 0 0 -16.714 -27.461 -24.741
1 31 2 0.2771 -0.559 0 0 -18.069 -25.562 -27.748
1 32 10 0.2048 -0.445 0 0 -19.065 -22.608 -25.667
1 33 15 0.3493 0.1235 0 0 -17.847 -18.941 -25.884
1 34 22 0.3072 0.3094 0 0 -17.009 -17.386 -22.477
1 35 3 0.1506 -0.952 0 0 -18.040 -13.772 -23.196
1 36 7 0.0783 -0.963 0 0 -17.194 -12.581 -19.670
1 37 20 0.2228 0.3312 0 0 -13.603 -12.417 -18.383
1 38 3 0.1566 -0.208 0 0 -13.550 -14.917 -15.455
1 39 16 0.1626 -0.939 0 0 -10.487 -14.861 -13.238
1 40 18 0.1204 -0.999 0 0 -10.788 -18.437 -11.834
1 41 11 0.3614 0.6014 0 0 -10.963 -20.837 -14.760
1 42 7 0.3674 -0.292 0 0 -9.345 -24.272 -14.388
1 43 3 0.5722 -0.140 0 0 -5.942 -24.601 -16.138
1 44 17 0.5120 -0.626 0 0 -6.075 -28.235 -17.162
1 45 20 0.5361 0.3315 0 0 -8.224 -29.672 -19.893
1 46 1 0.4036 -0.530 0 0 -8.497 -33.071 -21.390
1 47 13 0.3554 0.2201 0 0 -10.212 -34.241 -24.507
1 48 6 0.1265 -0.972 0 0 -10.301 -37.388 -26.563
1 49 22 0.1686 0.9985 0 0 -10.371 -36.436 -30.296
1 50 22 0.0542 -0.970 0 0 -9.629 -38.055 -33.661
1 51 11 0.1807 0.9734 0 0 -6.971 -36.104 -35.684
1 52 3 0.0421 0.6740 0 0 -6.066 -37.447 -39.159
1 53 9 0.0060 0.0000 0 0 -7.504 -40.778 -38.236
1 54 7 0.0120 0.4791 0 0 -5.639 -41.144 -34.933
1 55 18 0.0180 -0.745 0 0 -7.616 -41.324 -31.783
1 56 5 0.1084 0.6825 0 0 -5.678 -39.265 -29.260
1 57 12 0.2530 -0.606 0 0 -5.793 -37.370 -26.081
1 58 12 0.5602 0.4687 0 0 -5.205 -33.637 -25.788
1 59 3 0.5783 -0.436 0 0 -3.784 -32.529 -22.483
1 60 11 0.8253 0.4983 0 0 -4.081 -28.777 -22.524
1 61 12 0.8313 -0.493 0 0 -2.596 -26.421 -20.074
1 62 3 0.8855 -0.076 0 0 -4.199 -22.990 -20.208
1 63 18 0.8433 0.3568 0 0 -1.792 -20.551 -18.558
1 64 0 0.7349 -0.989 0 0 -2.137 -16.867 -17.561
1 65 9 0.7048 0.0000 0 0 -0.548 -13.778 -19.048
1 66 6 0.5 -0.000 0 0 2.854 -13.113 -17.496
1 67 7 0.2590 -0.126 0 0 4.268 -9.630 -16.926
1 68 7 0.0963 -0.913 0 0 7.525 -10.506 -15.074
1 69 20 0.0903 -0.328 0 0 10.086 -13.345 -15.153
1 70 17 0.0722 0.2610 0 0 9.138 -16.224 -12.826
1 71 0 0.0361 -0.955 0 0 11.008 -19.470 -12.274
1 72 14 0.0602 0.2134 0 0 7.832 -21.261 -11.096
1 73 1 0.3795 0.5400 0 0 6.006 -20.106 -14.340
1 74 3 0.3734 -0.314 0 0 8.881 -21.531 -16.413
1 75 6 0.1927 -0.980 0 0 8.603 -24.816 -14.534
1 76 20 0.4216 0.2915 0 0 4.786 -25.014 -14.912
1 77 14 0.6506 0.4498 0 0 4.992 -24.888 -18.743
1 78 1 0.4698 -0.981 0 0 8.249 -26.650 -19.513
1 79 18 0.4337 -0.474 0 0 6.737 -30.111 -19.976
1 80 9 0.7108 0.0000 0 0 4.606 -28.897 -22.961
1 81 7 0.6566 -0.615 0 0 5.267 -30.604 -26.229
1 82 9 0.8674 0.0000 0 0 3.841 -27.718 -28.228
1 83 15 0.9638 -0.724 0 0 2.769 -24.180 -27.592
1 84 12 0.9939 0.5012 0 0 -0.005 -21.949 -28.851
1 85 5 0.9819 -0.951 0 0 1.419 -18.413 -28.625
1 86 22 0.9759 0.4564 0 0 -1.648 -16.187 -28.595
1 87 15 0.8915 -0.338 0 0 -2.110 -12.451 -29.194
1 88 0 0.7530 -0.396 0 0 -5.263 -10.508 -30.110
1 89 11 0.5240 -0.170 0 0 -5.567 -8.751 -33.478
1 90 2 0.3192 0.1501 0 0 -6.929 -5.628 -31.694
1 91 2 0.3915 0.3888 0 0 -4.152 -5.522 -29.150
1 92 18 0.2831 -0.883 0 0 -0.827 -4.248 -30.475
1 93 13 0.3132 -0.214 0 0 0.826 -4.662 -27.098
1 94 17 0.6144 0.4543 0 0 -0.060 -8.339 -26.952
1 95 15 0.6084 -0.282 0 0 1.540 -8.820 -30.356
1 96 7 0.4156 -0.837 0 0 4.695 -7.038 -29.315
1 97 3 0.5481 -0.206 0 0 4.718 -9.218 -26.117
1 98 11 0.7771 0.6836 0 0 4.846 -12.409 -28.212
1 99 10 0.5421 -0.906 0 0 8.598 -12.315 -28.489
1 100 6 0.4819 -0.438 0 0 9.025 -12.594 -24.640
1 101 20 0.7891 0.3303 0 0 6.776 -15.679 -24.695
1 102 1 0.7409 -0.427 0 0 8.716 -17.230 -27.501
1 103 7 0.4457 -0.756 0 0 11.971 -16.423 -25.628
1 104 6 0.5060 0.4419 0 0 10.533 -18.166 -22.527
1 105 11 0.6686 0.9474 0 0 9.673 -21.196 -24.698
1 106 13 0.4277 -0.356 0 0 13.128 -21.322 -26.162
1 107 1 0.2108 0.0695 0 0 14.680 -20.948 -22.685
1 108 22 0.3373 0.7406 0 0 12.583 -23.793 -21.179
1 109 13 0.3433 0.6966 0 0 12.980 -26.223 -24.142
1 110 3 0.0843 -0.467 0 0 16.553 -25.185 -24.649
1 111 17 0.1445 0.2591 0 0 15.938 -25.128 -28.400
1 112 3 0.2469 -0.814 0 0 14.901 -22.872 -31.263
1 113 3 0.3253 -0.619 0 0 13.001 -25.762 -32.924
1 114 22 0.5662 0.3597 0 0 9.969 -26.068 -30.643
1 115 16 0.7469 -0.593 0 0 6.488 -27.048 -32.010
1 116 14 0.9096 0.0240 0 0 4.599 -23.844 -31.933
1 117 22 0.9397 0.0361 0 0 1.689 -21.965 -33.637
1 118 12 0.9337 -0.647 0 0 1.292 -18.151 -33.612
1 119 22 0.9578 0.7219 0 0 -2.432 -17.391 -33.041
1 120 9 0.8614 0.0000 0 0 -4.060 -14.032 -33.835
1 121 2 0.8493 0.2918 0 0 -7.275 -14.219 -31.833
1 122 13 0.5963 0.0966 0 0 -10.382 -11.994 -31.807
1 123 5 0.4759 0.3045 0 0 -10.529 -11.977 -35.530
1 124 3 0.2409 0.3232 0 0 -14.169 -11.260 -35.400
1 125 12 0.1325 0.3642 0 0 -13.527 -7.779 -34.123
1 126 0 0.0240 -0.943 0 0 -13.319 -4.809 -36.359
1 127 0 0.0301 -0.086 0 0 -10.642 -2.730 -34.460
1 128 1 0.1024 0.4343 0 0 -7.676 -4.535 -36.036
1 129 18 0.0662 0.0150 0 0 -4.330 -3.003 -35.250
1 130 22 0.2650 0.8644 0 0 -2.151 -6.035 -36.165
1 131 7 0.1385 -0.971 0 0 -2.204 -6.754 -39.888
1 132 17 0.3012 -0.060 0 0 -2.169 -10.441 -40.971
1 133 1 0.1144 -0.741 0 0 1.100 -9.681 -42.810
1 134 6 0.1867 -0.250 0 0 2.819 -8.424 -39.704
1 135 0 0.4939 0.6131 0 0 2.000 -11.663 -37.884
1 136 6 0.4096 -0.495 0 0 2.873 -13.835 -40.891
1 137 3 0.2168 -0.889 0 0 6.231 -12.203 -40.832
1 138 12 0.4397 0.5738 0 0 6.773 -12.631 -37.182
1 139 0 0.5843 0.4451 0 0 5.802 -16.336 -37.459
1 140 1 0.3313 -0.991 0 0 8.062 -16.802 -40.470
1 141 17 0.2289 0.2423 0 0 10.985 -15.404 -38.376
1 142 20 0.4518 0.5250 0 0 10.313 -18.140 -35.787
1 143 9 0.3855 0.0000 0 0 9.783 -20.845 -38.377
1 144 11 0.6445 0.7574 0 0 6.167 -21.497 -37.374
1 145 16 0.6927 0.2211 0 0 2.644 -21.167 -38.770
1 146 20 0.7831 -0.061 0 0 0.338 -18.208 -38.227
1 147 11 0.8072 0.2399 0 0 -3.405 -18.870 -37.819
1 148 7 0.7650 -0.709 0 0 -6.199 -16.328 -37.064
1 149 18 0.8012 0.9738 0 0 -8.975 -17.402 -34.704
1 150 17 0.6385 -0.966 0 0 -12.152 -16.243 -33.097
1 151 0 0.6807 0.4391 0 0 -13.089 -17.915 -29.817
1 152 13 0.3975 -0.755 0 0 -16.501 -16.183 -30.340
1 153 18 0.2710 -0.088 0 0 -17.380 -17.427 -33.803
1 154 1 0.4638 -0.204 0 0 -15.241 -20.620 -33.700
1 155 6 0.4578 -0.322 0 0 -13.396 -19.519 -36.824
1 156 9 0.6746 0.0000 0 0 -9.875 -21.163 -36.899
1 157 22 0.8132 -0.072 0 0 -10.155 -22.675 -33.381
1 158 7 0.7168 -0.938 0 0 -9.923 -26.340 -34.245
1 159 3 0.7228 -0.800 0 0 -7.437 -25.459 -36.926
1 160 0 0.9216 0.6963 0 0 -5.067 -23.812 -34.484
1 161 15 0.9156 0.5424 0 0 -5.071 -26.714 -32.013
1 162 20 0.7289 -0.540 0 0 -4.939 -29.418 -34.716
1 163 18 0.7710 0.0344 0 0 -2.150 -27.589 -36.553
1 164 12 0.8734 0.7771 0 0 -0.195 -27.597 -33.281
1 165 22 0.6867 -0.353 0 0 -0.658 -31.395 -33.012
1 166 1 0.4879 -0.129 0 0 0.573 -31.728 -36.551
1 167 7 0.5903 0.2761 0 0 3.625 -29.641 -35.692
1 168 11 0.5542 0.5405 0 0 4.329 -31.822 -32.682
1 169 1 0.2891 0.0674 0 0 4.215 -34.870 -35.010
1 170 6 0.1746 0.3397 0 0 6.958 -33.362 -37.178
1 171 10 0.1987 0.2785 0 0 9.300 -32.896 -34.253
