1 1 9 0.0059 0.0000 0 0 30.103 -1.802 34.029
1 2 17 0.0 -0.767 0 0 27.892 -4.248 32.162
1 3 14 0.0119 0.2678 0 0 25.148 -1.773 31.138
1 4 18 0.0773 0.0314 0 0 25.748 -0.364 27.676
1 5 7 0.3035 0.0408 0 0 27.544 2.963 28.032
1 6 20 0.5892 -0.257 0 0 28.517 5.657 25.522
1 7 13 0.7261 -0.752 0 0 31.321 8.143 26.215
1 8 12 0.9166 0.0474 0 0 30.431 11.406 24.472
1 9 22 0.9583 -0.707 0 0 32.977 14.240 24.433
1 10 22 0.9880 0.3578 0 0 31.903 17.856 23.917
1 11 22 0.9642 -0.234 0 0 34.406 20.132 22.195
1 12 9 0.9107 0.0000 0 0 34.318 23.651 20.796
1 13 0 0.75 -0.566 0 0 35.509 27.173 21.498
1 14 9 0.625 0.0000 0 0 35.051 28.684 24.932
1 15 9 0.5952 0.0000 0 0 31.592 30.107 25.401
1 16 22 0.8095 0.5956 0 0 29.746 28.185 22.688
1 17 9 0.8511 0.0000 0 0 27.590 26.340 25.226
1 18 13 0.9464 0.0057 0 0 29.333 22.995 25.780
1 19 17 0.8392 -0.614 0 0 28.545 23.083 29.494
1 20 0 0.7797 -0.304 0 0 25.057 24.508 29.046
1 21 12 0.9047 0.6655 0 0 24.245 21.764 26.526
1 22 18 0.8869 0.2244 0 0 25.528 19.115 28.879
1 23 11 0.6607 -0.502 0 0 23.659 20.402 31.905
1 24 6 0.6428 -0.391 0 0 20.460 20.840 29.900
1 25 12 0.7738 0.6061 0 0 20.693 17.271 28.559
1 26 11 0.5714 0.3396 0 0 21.407 15.653 31.898
1 27 6 0.3690 -0.005 0 0 19.746 17.916 34.471
1 28 2 0.3273 -0.228 0 0 16.945 19.509 32.416
1 29 10 0.2559 -0.147 0 0 17.670 23.135 33.215
1 30 15 0.3630 0.1389 0 0 19.512 26.012 31.646
1 31 22 0.3214 0.4850 0 0 22.584 27.473 33.264
1 32 3 0.1845 -0.238 0 0 23.718 31.052 32.767
1 33 7 0.0595 0.0631 0 0 25.946 31.844 35.743
1 34 20 0.0357 -0.646 0 0 29.136 33.847 36.246
1 35 3 0.0416 -0.457 0 0 30.961 31.052 38.080
1 36 16 0.1071 0.6868 0 0 29.222 27.634 37.883
1 37 18 0.1369 -0.700 0 0 30.613 24.278 39.014
1 38 11 0.4285 0.6904 0 0 31.243 22.074 35.988
1 39 7 0.4226 -0.709 0 0 31.680 18.336 36.539
1 40 3 0.5 -0.792 0 0 34.363 16.407 34.668
1 41 17 0.5833 -0.715 0 0 31.642 13.957 33.634
1 42 20 0.5773 0.1933 0 0 27.843 13.761 33.786
1 43 1 0.4702 -0.537 0 0 26.056 10.441 33.616
1 44 13 0.3809 0.0982 0 0 22.431 9.497 33.081
1 45 6 0.1904 -0.914 0 0 20.400 6.423 32.102
1 46 22 0.2380 0.9903 0 0 18.286 7.009 29.018
1 47 22 0.1309 -0.975 0 0 16.521 5.016 26.326
1 48 11 0.2738 0.9603 0 0 17.622 5.582 22.722
1 49 3 0.0833 0.6310 0 0 15.811 3.623 19.972
1 50 9 0.0178 0.0000 0 0 14.607 1.179 22.638
1 51 7 0.0476 0.4688 0 0 18.098 0.715 24.097
1 52 18 0.0535 -0.743 0 0 18.591 1.415 27.782
1 53 5 0.1785 0.7540 0 0 22.042 2.870 28.175
1 54 12 0.3392 -0.683 0 0 24.292 5.134 30.189
1 55 12 0.6309 0.4616 0 0 25.493 8.347 28.656
1 56 3 0.6666 -0.435 0 0 28.717 9.700 30.033
1 57 11 0.8690 0.5032 0 0 29.098 13.295 28.914
1 58 12 0.8571 -0.624 0 0 32.665 14.506 29.018
1 59 3 0.8988 -0.076 0 0 32.726 18.304 28.854
1 60 18 0.8273 0.5080 0 0 36.096 19.737 27.846
1 61 0 0.7559 0.1346 0 0 35.298 23.281 29.047
1 62 9 0.4583 0.0000 0 0 38.151 24.792 31.061
1 63 6 0.4464 0.6035 0 0 40.928 22.654 29.557
1 64 7 0.2619 -0.978 0 0 43.797 24.159 27.575
1 65 7 0.4047 0.1236 0 0 43.550 23.287 23.876
1 66 20 0.1726 -0.040 0 0 46.806 21.303 23.749
1 67 17 0.1190 0.5910 0 0 46.865 20.015 27.322
1 68 0 0.0892 -0.879 0 0 47.423 16.385 28.203
1 69 14 0.2321 0.0499 0 0 43.998 16.422 29.891
1 70 1 0.5059 0.6493 0 0 42.352 17.486 26.634
1 71 3 0.3869 -0.740 0 0 44.242 14.688 24.845
1 72 6 0.3333 -0.763 0 0 43.095 12.239 27.536
1 73 20 0.6190 0.2148 0 0 39.447 13.236 27.002
1 74 14 0.6488 0.2500 0 0 39.856 12.726 23.256
1 75 1 0.4107 -0.759 0 0 41.538 9.334 23.694
1 76 18 0.4523 0.0315 0 0 38.887 7.949 26.056
1 77 9 0.7083 0.0000 0 0 35.968 9.395 24.057
1 78 7 0.6785 -0.556 0 0 33.923 7.228 21.702
1 79 9 0.875 0.0000 0 0 32.222 10.072 19.850
1 80 15 0.9702 -0.738 0 0 32.450 13.846 19.646
1 81 12 0.9940 0.6759 0 0 30.138 16.805 19.504
1 82 5 0.9821 -0.725 0 0 31.884 19.640 17.720
1 83 22 0.9761 0.5363 0 0 29.978 22.670 18.912
1 84 15 0.8630 -0.339 0 0 29.931 26.236 17.592
1 85 0 0.6964 -0.423 0 0 27.528 29.061 18.399
1 86 11 0.5178 -0.067 0 0 25.394 30.270 15.496
1 87 2 0.2916 0.0552 0 0 25.990 33.865 16.613
1 88 2 0.3571 0.1324 0 0 29.759 33.582 16.776
1 89 18 0.2202 -0.897 0 0 31.572 33.355 13.465
1 90 13 0.2678 -0.193 0 0 34.992 32.698 15.020
1 91 17 0.5654 0.4384 0 0 33.610 29.637 16.842
1 92 15 0.5595 -0.243 0 0 32.460 28.205 13.504
1 93 7 0.3928 -0.864 0 0 35.883 28.920 11.978
1 94 3 0.5357 -0.108 0 0 37.438 26.971 14.888
1 95 11 0.7142 0.6392 0 0 35.555 23.769 14.030
1 96 10 0.5119 -0.933 0 0 38.101 22.649 11.436
1 97 6 0.4642 -0.113 0 0 40.968 22.517 13.925
1 98 20 0.7202 0.3976 0 0 38.903 20.516 16.446
1 99 1 0.6845 -0.146 0 0 37.927 17.934 13.849
1 100 7 0.4345 -0.665 0 0 41.523 17.595 12.660
1 101 6 0.4821 0.2459 0 0 42.784 17.220 16.244
1 102 11 0.6369 0.9841 0 0 40.287 14.453 16.950
1 103 13 0.4166 -0.108 0 0 41.205 12.657 13.702
1 104 1 0.1964 -0.090 0 0 44.901 12.795 14.614
1 105 22 0.2797 0.6233 0 0 44.377 11.669 18.208
1 106 13 0.2857 0.7662 0 0 42.308 8.704 17.000
1 107 3 0.0654 -0.993 0 0 44.701 8.189 14.099
1 108 17 0.125 0.3570 0 0 41.598 7.777 11.910
1 109 3 0.1607 -0.769 0 0 39.754 9.663 9.160
1 110 3 0.3154 -0.203 0 0 36.490 8.191 10.419
1 111 22 0.5476 0.2982 0 0 35.665 9.081 14.022
1 112 16 0.7380 -0.508 0 0 32.059 9.245 15.255
1 113 14 0.8928 -0.063 0 0 31.252 12.933 15.266
1 114 22 0.9404 0.3688 0 0 28.404 15.398 14.918
1 115 12 0.9285 -0.732 0 0 28.470 19.119 14.124
1 116 22 0.9523 0.7888 0 0 26.348 21.218 16.488
1 117 9 0.8333 0.0000 0 0 25.180 24.773 15.846
1 118 2 0.8452 0.3565 0 0 24.114 25.889 19.314
1 119 13 0.6011 0.1055 0 0 22.095 28.906 20.579
1 120 5 0.4880 0.3545 0 0 19.410 28.406 17.931
1 121 3 0.2440 0.3371 0 0 16.953 30.255 20.183
1 122 12 0.1428 0.4646 0 0 18.799 33.488 19.357
1 123 0 0.0297 -0.855 0 0 17.462 36.098 16.939
1 124 0 0.0238 -0.673 0 0 20.369 37.482 14.894
1 125 1 0.1011 0.4900 0 0 22.670 34.658 13.820
1 126 18 0.0714 0.1687 0 0 25.977 35.216 12.010
1 127 22 0.2083 0.8281 0 0 26.519 31.672 10.683
1 128 7 0.1130 -0.897 0 0 23.739 30.654 8.337
1 129 17 0.25 -0.057 0 0 22.435 27.084 8.383
1 130 1 0.0952 -0.725 0 0 23.557 26.767 4.753
1 131 6 0.1666 -0.064 0 0 27.201 27.216 5.675
1 132 0 0.4761 0.6741 0 0 27.051 24.533 8.353
1 133 6 0.3511 -0.495 0 0 24.995 22.192 6.153
1 134 3 0.1488 -0.838 0 0 27.587 22.337 3.406
1 135 12 0.375 0.5729 0 0 30.394 21.798 5.912
1 136 0 0.5297 0.4959 0 0 28.687 18.762 7.474
1 137 1 0.2142 -0.745 0 0 27.941 17.290 4.053
1 138 17 0.1547 0.1807 0 0 31.615 17.721 3.082
1 139 20 0.3988 0.5629 0 0 32.623 15.959 6.323
1 140 9 0.3452 0.0000 0 0 30.008 13.247 5.845
1 141 11 0.6130 0.6928 0 0 28.586 13.824 9.352
1 142 16 0.6904 0.2010 0 0 25.274 14.963 10.877
1 143 20 0.7857 -0.169 0 0 24.558 18.600 11.699
1 144 11 0.8154 0.5125 0 0 22.150 19.501 14.518
1 145 7 0.7440 -0.747 0 0 20.938 22.962 15.542
1 146 18 0.8035 0.9917 0 0 20.410 23.149 19.288
1 147 17 0.6547 -0.974 0 0 19.419 25.423 22.131
1 148 0 0.7023 0.4508 0 0 20.705 24.627 25.605
1 149 13 0.4404 -0.789 0 0 18.240 27.304 26.749
1 150 18 0.2976 -0.151 0 0 14.979 25.881 25.333
1 151 1 0.5238 0.0713 0 0 16.203 22.269 24.905
1 152 6 0.4940 -0.466 0 0 15.328 22.390 21.179
1 153 9 0.6726 0.0000 0 0 17.443 19.781 19.380
1 154 22 0.8214 -0.019 0 0 19.481 18.872 22.483
1 155 7 0.7619 -0.861 0 0 18.441 15.215 22.672
1 156 3 0.7678 -0.759 0 0 18.735 15.051 18.875
1 157 0 0.9226 0.6607 0 0 22.351 16.118 18.980
1 158 15 0.9345 0.5854 0 0 23.516 13.627 21.593
1 159 20 0.7916 -0.439 0 0 21.344 10.740 20.400
1 160 18 0.7976 0.0157 0 0 22.454 11.281 16.795
1 161 12 0.8809 0.7463 0 0 26.047 10.932 18.021
1 162 22 0.7321 -0.318 0 0 25.143 7.664 19.786
1 163 1 0.5416 -0.046 0 0 23.731 6.396 16.474
1 164 7 0.6071 0.1905 0 0 27.007 7.343 14.744
1 165 11 0.5535 0.5769 0 0 28.981 5.372 17.366
1 166 1 0.3095 0.1015 0 0 26.769 2.348 16.830
1 167 6 0.2023 0.4025 0 0 27.309 2.251 13.080
1 168 10 0.2261 0.1050 0 0 31.040 3.008 13.251
