1 1 9 0.0 0.0000 0 0 39.924 -7.583 -1.809
1 2 14 0.0119 0.4643 0 0 37.603 -9.400 -4.275
1 3 18 0.0773 0.6107 0 0 36.091 -7.515 -7.221
1 4 7 0.3214 0.0729 0 0 32.906 -5.538 -6.338
1 5 20 0.5833 -0.237 0 0 30.252 -3.912 -8.494
1 6 13 0.7440 -0.156 0 0 27.725 -1.437 -7.158
1 7 12 0.9285 -0.000 0 0 24.483 -1.876 -9.066
1 8 22 0.9583 -0.680 0 0 21.580 0.532 -8.472
1 9 22 0.9880 0.1674 0 0 18.019 -0.488 -9.216
1 10 22 0.9642 -0.066 0 0 15.853 2.444 -10.308
1 11 9 0.9166 0.0000 0 0 12.410 3.115 -11.669
1 12 0 0.7619 -0.572 0 0 8.881 4.017 -10.670
1 13 5 0.6190 -0.750 0 0 7.074 2.856 -7.608
1 14 9 0.5714 0.0000 0 0 5.607 -0.549 -8.029
1 15 22 0.8095 0.6382 0 0 7.640 -1.756 -11.013
1 16 9 0.8392 0.0000 0 0 9.267 -4.590 -9.045
1 17 13 0.9404 0.1224 0 0 12.648 -3.171 -8.001
1 18 17 0.8273 -0.592 0 0 12.509 -4.780 -4.527
1 19 0 0.7321 -0.364 0 0 11.192 -8.047 -5.902
1 20 12 0.8869 0.6519 0 0 13.967 -8.169 -8.546
1 21 18 0.875 0.2194 0 0 16.569 -7.410 -5.839
1 22 11 0.6488 -0.577 0 0 15.320 -10.128 -3.486
1 23 6 0.6309 -0.409 0 0 15.016 -12.649 -6.304
1 24 12 0.7202 0.5427 0 0 18.609 -12.044 -7.287
1 25 11 0.5297 0.2250 0 0 19.823 -12.210 -3.706
1 26 6 0.3095 -0.203 0 0 17.898 -15.141 -2.408
1 27 2 0.3035 -0.168 0 0 15.927 -16.799 -5.125
1 28 10 0.2023 -0.872 0 0 12.447 -16.129 -3.702
1 29 15 0.3452 0.1109 0 0 9.648 -13.830 -4.789
1 30 22 0.2976 0.4702 0 0 8.477 -11.229 -2.286
1 31 3 0.1428 -0.717 0 0 4.825 -10.262 -2.628
1 32 7 0.1309 -0.526 0 0 4.920 -7.286 -0.338
1 33 20 0.3273 0.6286 0 0 7.999 -5.090 0.361
1 34 3 0.1964 -0.576 0 0 7.664 -1.626 1.963
1 35 16 0.4226 -0.770 0 0 8.087 0.969 -0.816
1 36 18 0.2738 -0.987 0 0 9.894 3.292 1.588
1 37 11 0.375 -0.485 0 0 12.647 0.903 2.491
1 38 7 0.5357 0.3268 0 0 15.836 1.450 0.543
1 39 3 0.5178 -0.712 0 0 18.409 -1.213 1.464
1 40 17 0.6071 -0.389 0 0 21.453 -2.650 -0.122
1 41 20 0.5238 0.0477 0 0 22.368 -6.325 -0.315
1 42 1 0.4523 -0.255 0 0 25.578 -8.023 -1.284
1 43 13 0.4345 0.2729 0 0 25.862 -11.325 -3.154
1 44 6 0.1785 -0.802 0 0 28.841 -13.420 -4.221
1 45 22 0.2678 0.9888 0 0 28.525 -14.537 -7.852
1 46 22 0.1071 -0.986 0 0 30.672 -15.955 -10.614
1 47 11 0.2261 0.9823 0 0 30.233 -14.212 -13.978
1 48 3 0.0654 0.6004 0 0 32.355 -15.429 -16.955
1 49 9 0.0059 0.0000 0 0 34.700 -17.139 -14.493
1 50 7 0.0476 0.4968 0 0 35.316 -14.028 -12.371
1 51 18 0.0535 -0.674 0 0 34.164 -14.206 -8.750
1 52 17 0.1547 0.8525 0 0 32.737 -11.033 -7.501
1 53 12 0.3571 -0.572 0 0 30.478 -9.276 -5.081
1 54 12 0.6369 0.4035 0 0 27.417 -7.486 -6.346
1 55 3 0.6666 -0.348 0 0 26.284 -4.665 -4.063
1 56 11 0.8630 0.4461 0 0 22.692 -4.103 -5.076
1 57 12 0.8571 -0.403 0 0 21.026 -0.807 -3.987
1 58 3 0.8809 -0.236 0 0 17.264 -1.060 -4.158
1 59 18 0.8511 0.5236 0 0 16.186 2.531 -4.440
1 60 0 0.6547 -0.301 0 0 13.020 3.659 -2.751
1 61 9 0.3988 0.0000 0 0 11.190 6.390 -0.953
1 62 6 0.2083 -0.845 0 0 10.627 9.968 -1.832
1 63 7 0.3392 0.4286 0 0 11.703 11.468 -5.061
1 64 7 0.1190 -0.465 0 0 14.065 14.276 -3.580
1 65 20 0.125 0.7001 0 0 17.056 15.500 -5.809
1 66 17 0.0416 0.0162 0 0 19.593 17.203 -3.598
1 67 0 0.0238 -0.949 0 0 23.340 17.654 -3.815
1 68 14 0.0357 -0.714 0 0 24.073 15.020 -1.203
1 69 1 0.1845 0.7208 0 0 21.677 12.461 -2.683
1 70 3 0.2619 -0.395 0 0 23.117 13.100 -6.150
1 71 6 0.1369 -0.868 0 0 26.624 12.496 -4.818
1 72 20 0.3511 0.4135 0 0 25.478 9.252 -3.166
1 73 14 0.5773 0.4822 0 0 23.886 8.038 -6.409
1 74 1 0.4583 -0.822 0 0 27.112 8.890 -8.194
1 75 18 0.4702 -0.279 0 0 28.732 5.965 -6.322
1 76 9 0.75 0.0000 0 0 26.712 3.553 -8.435
1 77 7 0.7023 -0.584 0 0 28.705 1.880 -11.148
1 78 9 0.8988 0.0000 0 0 25.774 0.571 -13.153
1 79 15 0.9761 -0.742 0 0 22.050 1.214 -13.154
1 80 12 0.9940 0.5914 0 0 19.068 -1.049 -13.890
1 81 12 0.9821 -0.676 0 0 16.320 1.115 -15.419
1 82 22 0.9702 0.4225 0 0 13.250 -0.814 -14.545
1 83 15 0.8690 -0.332 0 0 9.688 -0.331 -15.810
1 84 0 0.6904 -0.412 0 0 6.730 -2.719 -15.707
1 85 11 0.5 -0.117 0 0 5.369 -4.064 -18.996
1 86 2 0.2797 0.1343 0 0 1.792 -3.348 -17.792
1 87 2 0.3690 0.3398 0 0 2.453 0.262 -16.784
1 88 18 0.2440 -0.972 0 0 2.977 2.792 -19.622
1 89 13 0.2916 -0.293 0 0 3.683 5.621 -17.180
1 90 17 0.5952 0.4351 0 0 6.563 3.672 -15.731
1 91 15 0.5892 -0.211 0 0 8.012 3.356 -19.258
1 92 7 0.4107 -0.885 0 0 7.481 7.072 -19.879
1 93 3 0.5476 -0.122 0 0 9.399 7.746 -16.667
1 94 11 0.7738 0.6193 0 0 12.509 5.851 -17.823
1 95 10 0.5595 -0.879 0 0 14.078 8.733 -19.742
1 96 10 0.5119 -0.438 0 0 13.847 10.939 -16.623
1 97 20 0.7857 0.3354 0 0 15.697 8.411 -14.521
1 98 1 0.7678 -0.125 0 0 18.320 7.991 -17.212
1 99 7 0.4821 -0.653 0 0 18.901 11.735 -17.607
1 100 6 0.5059 -0.402 0 0 19.342 12.223 -13.822
1 101 11 0.6845 0.9921 0 0 21.864 9.401 -13.663
1 102 13 0.4761 -0.038 0 0 23.875 10.858 -16.570
1 103 1 0.2321 -0.122 0 0 23.836 14.237 -14.807
1 104 22 0.3333 0.6484 0 0 25.084 12.994 -11.489
1 105 13 0.3869 0.7502 0 0 27.765 10.809 -13.142
1 106 3 0.1011 -0.590 0 0 28.856 13.661 -15.436
1 107 17 0.1726 0.4326 0 0 28.848 11.122 -18.243
1 108 7 0.2380 -0.447 0 0 26.829 10.124 -21.292
1 109 3 0.3809 -0.556 0 0 28.502 6.721 -21.119
1 110 22 0.625 0.3941 0 0 27.165 5.237 -17.895
1 111 16 0.8035 -0.514 0 0 26.597 1.436 -17.681
1 112 14 0.9107 -0.180 0 0 22.854 0.837 -17.794
1 113 22 0.9464 0.0441 0 0 20.400 -1.907 -18.741
1 114 12 0.9345 -0.697 0 0 16.735 -1.350 -19.562
1 115 22 0.9523 0.7090 0 0 14.470 -3.878 -17.792
1 116 9 0.8452 0.0000 0 0 10.837 -4.587 -18.616
1 117 2 0.8333 0.2832 0 0 9.530 -6.439 -15.543
1 118 13 0.5535 0.1093 0 0 6.352 -8.470 -14.845
1 119 17 0.4404 0.2462 0 0 6.629 -10.454 -18.048
1 120 3 0.1607 0.3623 0 0 4.436 -13.180 -16.467
1 121 12 0.0952 0.5384 0 0 1.323 -10.958 -16.500
1 122 16 0.0178 -0.235 0 0 -1.587 -11.089 -18.946
1 123 17 0.0297 0.8616 0 0 -1.815 -7.259 -19.126
1 124 1 0.0833 0.4548 0 0 0.968 -5.929 -21.237
1 125 18 0.0714 -0.003 0 0 0.619 -2.368 -22.371
1 126 22 0.2202 0.8879 0 0 4.207 -1.628 -23.361
1 127 3 0.1130 -0.955 0 0 5.232 -3.377 -26.589
1 128 18 0.25 -0.008 0 0 8.569 -5.181 -26.595
1 129 13 0.0892 -0.759 0 0 9.433 -3.467 -29.845
1 130 6 0.1488 -0.037 0 0 9.082 0.012 -28.291
1 131 0 0.4940 0.5836 0 0 11.368 -0.907 -25.362
1 132 6 0.4166 -0.454 0 0 13.942 -2.620 -27.592
1 133 3 0.1666 -0.848 0 0 13.984 0.425 -29.884
1 134 12 0.4285 0.4966 0 0 14.436 2.805 -26.924
1 135 0 0.5654 0.5490 0 0 17.267 0.746 -25.512
1 136 1 0.3154 -0.721 0 0 18.920 0.626 -28.938
1 137 17 0.1904 0.1252 0 0 18.763 4.393 -29.195
1 138 20 0.4464 0.5033 0 0 20.473 4.612 -25.804
1 139 9 0.4047 0.0000 0 0 23.072 2.070 -26.803
1 140 11 0.6607 0.7230 0 0 22.204 -0.216 -23.904
1 141 16 0.7083 0.2116 0 0 20.832 -3.728 -23.501
1 142 15 0.7797 -0.157 0 0 17.139 -4.547 -22.985
1 143 11 0.8154 0.4817 0 0 16.037 -7.523 -20.845
1 144 7 0.7261 -0.716 0 0 12.522 -8.600 -19.926
1 145 18 0.7916 0.9722 0 0 12.137 -10.095 -16.481
1 146 17 0.6130 -0.969 0 0 9.670 -11.702 -14.159
1 147 0 0.6726 0.4952 0 0 10.603 -11.356 -10.551
1 148 13 0.3928 -0.804 0 0 7.761 -13.819 -9.899
1 149 18 0.2559 -0.150 0 0 9.121 -16.673 -12.064
1 150 1 0.4880 0.1484 0 0 12.761 -15.513 -12.011
1 151 6 0.4642 -0.681 0 0 12.886 -15.414 -15.810
1 152 9 0.6785 0.0000 0 0 15.556 -12.969 -16.904
1 153 22 0.8214 -0.090 0 0 16.655 -11.900 -13.442
1 154 3 0.6964 -0.782 0 0 20.225 -13.204 -13.602
1 155 3 0.7142 -0.399 0 0 20.488 -12.063 -17.247
1 156 0 0.9047 0.6095 0 0 19.536 -8.541 -16.265
1 157 15 0.9226 0.5352 0 0 22.038 -8.178 -13.411
1 158 20 0.7559 -0.506 0 0 24.844 -10.140 -15.139
1 159 18 0.7976 0.0055 0 0 24.357 -8.109 -18.333
1 160 12 0.8928 0.7996 0 0 24.730 -4.960 -16.286
1 161 22 0.7380 -0.359 0 0 28.022 -6.281 -14.824
1 162 1 0.5416 -0.172 0 0 29.232 -6.989 -18.331
1 163 7 0.6428 0.2269 0 0 28.363 -3.394 -19.303
1 164 11 0.6011 0.5625 0 0 30.384 -2.128 -16.361
1 165 1 0.3630 0.0013 0 0 33.330 -4.296 -17.464
1 166 13 0.2142 0.3949 0 0 33.335 -2.480 -20.868
1 167 10 0.2857 0.2459 0 0 33.280 0.842 -19.414
1 168 13 0.0595 -0.514 0 0 36.406 2.858 -20.227
0 169 7 0 0 0 0 36.406 2.858 -20.227
0 170 13 0 0 0 0 36.406 2.858 -20.227
