1 1 9 0.0 0.0000 0 0 15.355 -41.651 86.080
1 2 14 0.0187 0.2183 0 0 14.152 -40.205 89.362
1 3 18 0.0999 0.0973 0 0 16.828 -40.145 92.047
1 4 7 0.2937 -0.056 0 0 16.814 -43.290 94.194
1 5 20 0.5875 -0.269 0 0 18.119 -42.709 97.725
1 6 13 0.6937 -0.882 0 0 19.433 -45.784 99.551
1 7 12 0.9062 0.2412 0 0 19.035 -45.591 103.330
1 8 22 0.9437 -0.715 0 0 20.235 -47.864 106.136
1 9 22 0.9875 0.3338 0 0 18.661 -48.109 109.595
1 10 22 0.95 -0.143 0 0 21.307 -49.069 112.159
1 11 9 0.8937 0.0000 0 0 20.977 -49.518 115.895
1 12 0 0.6875 -0.523 0 0 20.630 -52.076 118.645
1 13 5 0.5562 -0.773 0 0 18.186 -54.972 118.439
1 14 9 0.5312 0.0000 0 0 14.676 -54.076 119.568
1 15 22 0.7437 0.5511 0 0 15.001 -50.288 119.393
1 16 9 0.8437 0.0000 0 0 12.585 -49.864 116.484
1 17 13 0.9187 0.0087 0 0 14.573 -50.293 113.279
1 18 17 0.7937 -0.702 0 0 12.072 -52.714 111.736
1 19 0 0.7187 -0.396 0 0 8.925 -51.050 113.073
1 20 12 0.8812 0.6214 0 0 10.026 -47.588 111.905
1 21 18 0.875 0.2388 0 0 10.738 -48.893 108.401
1 22 11 0.6437 -0.493 0 0 7.492 -50.872 108.224
1 23 6 0.6187 -0.362 0 0 5.558 -47.877 109.556
1 24 12 0.725 0.6284 0 0 7.090 -45.726 106.808
1 25 11 0.5375 0.2875 0 0 6.481 -48.112 103.911
1 26 6 0.3062 -0.106 0 0 3.173 -49.774 104.768
1 27 2 0.3000 -0.283 0 0 1.632 -47.468 107.418
1 28 10 0.2375 -0.581 0 0 1.612 -50.562 109.646
1 29 15 0.3187 0.1085 0 0 2.836 -51.078 113.209
1 30 22 0.2812 0.3613 0 0 4.731 -54.229 114.202
1 31 3 0.1312 -0.927 0 0 4.897 -55.765 117.682
1 32 7 0.0687 -0.512 0 0 6.426 -59.248 117.262
1 33 20 0.0500 0.0527 0 0 6.899 -61.001 113.918
1 34 3 0.0562 -0.370 0 0 9.957 -62.561 112.274
0 35 16 0 0 0 0 9.957 -62.561 112.274
0 36 18 0 0 0 0 9.957 -62.561 112.274
0 37 11 0 0 0 0 9.957 -62.561 112.274
0 38 7 0 0 0 0 9.957 -62.561 112.274
1 39 3 0.4875 -0.665 0 0 14.951 -56.880 104.778
1 40 17 0.5062 -0.759 0 0 14.784 -54.332 101.940
1 41 20 0.5125 0.2026 0 0 11.794 -52.114 101.139
1 42 1 0.4375 -0.371 0 0 11.081 -49.583 98.393
1 43 13 0.3937 0.2087 0 0 8.572 -46.734 98.181
1 44 6 0.1875 -0.956 0 0 7.980 -43.694 95.967
1 45 22 0.2875 0.9972 0 0 7.700 -40.395 97.856
1 46 22 0.1374 -0.971 0 0 7.657 -36.668 97.105
1 47 11 0.275 0.9744 0 0 10.070 -34.460 99.067
1 48 3 0.0875 0.6283 0 0 10.390 -30.685 98.538
1 49 9 0.0124 0.0000 0 0 8.517 -30.785 95.233
1 50 7 0.0374 0.2468 0 0 10.722 -33.525 93.761
1 51 18 0.0437 -0.623 0 0 9.517 -37.116 93.463
1 52 5 0.1624 0.8151 0 0 11.945 -39.890 94.364
1 53 12 0.3249 -0.423 0 0 12.144 -43.581 95.244
1 54 12 0.6125 0.5610 0 0 13.372 -44.647 98.687
1 55 3 0.6312 -0.587 0 0 15.344 -47.889 99.028
1 56 11 0.8312 0.5763 0 0 15.474 -48.835 102.720
1 57 12 0.8062 -0.587 0 0 17.864 -51.546 103.930
1 58 3 0.85 -0.002 0 0 16.877 -52.662 107.419
1 59 18 0.775 0.6595 0 0 19.565 -54.355 109.512
1 60 0 0.5437 -0.273 0 0 18.036 -57.621 110.706
1 61 9 0.3437 0.0000 0 0 20.927 -59.859 109.635
1 62 6 0.375 0.0520 0 0 22.983 -58.710 112.606
1 63 7 0.125 -0.934 0 0 26.170 -60.309 113.947
0 64 7 0 0 0 0 26.170 -60.309 113.947
0 65 20 0 0 0 0 26.170 -60.309 113.947
0 66 17 0 0 0 0 26.170 -60.309 113.947
0 67 0 0 0 0 0 26.170 -60.309 113.947
0 68 14 0 0 0 0 26.170 -60.309 113.947
1 69 1 0.2624 0.1828 0 0 28.511 -56.283 107.023
1 70 3 0.2437 -0.502 0 0 30.582 -53.663 105.211
1 71 6 0.1437 -0.884 0 0 29.012 -54.799 101.931
1 72 20 0.4625 -0.278 0 0 25.666 -53.714 103.397
1 73 14 0.5937 0.3741 0 0 26.950 -50.316 104.551
1 74 1 0.3874 -0.964 0 0 29.046 -49.314 101.519
1 75 18 0.4312 -0.222 0 0 25.879 -49.192 99.403
1 76 9 0.7062 0.0000 0 0 23.966 -47.035 101.890
1 77 7 0.675 -0.498 0 0 23.804 -43.369 100.911
1 78 9 0.8875 0.0000 0 0 22.195 -42.213 104.154
1 79 15 0.9687 -0.872 0 0 22.074 -43.813 107.580
1 80 12 0.9937 0.8267 0 0 19.558 -43.732 110.432
1 81 5 0.9812 -0.614 0 0 21.105 -44.344 113.861
1 82 22 0.975 0.4822 0 0 18.133 -45.358 116.002
1 83 15 0.8687 -0.240 0 0 17.919 -46.024 119.731
1 84 0 0.6625 -0.456 0 0 15.127 -46.529 122.244
1 85 11 0.475 -0.081 0 0 14.565 -44.026 125.040
1 86 2 0.2249 0.2240 0 0 13.845 -46.894 127.461
1 87 2 0.3312 0.2448 0 0 17.152 -48.618 126.573
1 88 18 0.1999 -0.913 0 0 20.267 -46.913 127.922
1 89 13 0.2562 -0.336 0 0 22.840 -49.107 126.160
1 90 17 0.575 0.3305 0 0 21.302 -48.495 122.722
1 91 15 0.5687 -0.153 0 0 22.312 -44.856 123.197
1 92 7 0.3812 -0.908 0 0 25.887 -45.896 124.003
1 93 3 0.5187 -0.215 0 0 26.038 -48.065 120.873
1 94 11 0.7125 0.6719 0 0 25.578 -44.918 118.753
1 95 10 0.4812 -0.438 0 0 29.272 -44.091 119.215
1 96 10 0.4437 -0.818 0 0 30.292 -47.389 117.603
1 97 20 0.7 0.3868 0 0 27.722 -47.149 114.795
1 98 1 0.6687 -0.124 0 0 28.867 -43.641 113.856
1 99 7 0.4062 -0.856 0 0 32.496 -44.774 114.047
1 100 6 0.4499 0.2205 0 0 31.792 -47.785 111.822
1 101 11 0.625 0.9879 0 0 29.870 -45.781 109.210
1 102 13 0.4 -0.170 0 0 32.736 -43.294 108.892
1 103 1 0.1562 -0.243 0 0 35.144 -46.215 108.468
1 104 22 0.2687 0.4906 0 0 33.110 -48.251 105.973
1 105 13 0.3562 0.7007 0 0 32.105 -45.176 103.942
1 106 3 0.0937 -0.985 0 0 35.566 -43.539 104.308
1 107 17 0.1500 0.3726 0 0 34.170 -40.090 105.104
1 108 7 0.2187 -0.995 0 0 33.452 -37.811 108.059
1 109 3 0.3625 -0.300 0 0 30.536 -35.880 106.499
1 110 22 0.6 0.2248 0 0 28.337 -38.956 105.984
1 111 16 0.7687 -0.415 0 0 24.669 -37.825 105.875
1 112 14 0.9125 -0.258 0 0 22.915 -39.325 108.889
1 113 22 0.9562 0.1038 0 0 20.211 -38.482 111.425
1 114 12 0.9312 -0.753 0 0 19.991 -39.368 115.109
1 115 22 0.9625 0.7766 0 0 16.627 -40.969 115.910
1 116 9 0.8625 0.0000 0 0 15.194 -41.548 119.376
1 117 2 0.825 0.2596 0 0 12.438 -44.123 118.983
1 118 13 0.5812 0.0011 0 0 9.587 -45.169 121.295
1 119 5 0.4562 0.3310 0 0 8.777 -41.633 122.435
1 120 3 0.2125 0.4442 0 0 5.235 -42.923 123.024
1 121 12 0.1187 0.3901 0 0 6.383 -44.875 126.078
1 122 16 0.0312 -0.458 0 0 6.197 -43.036 129.433
1 123 17 0.0250 -0.255 0 0 9.243 -44.566 131.134
1 124 1 0.0812 0.5400 0 0 11.949 -42.412 129.528
1 125 18 0.0625 0.1555 0 0 15.468 -43.307 130.675
1 126 22 0.1812 0.8299 0 0 17.387 -41.053 128.240
1 127 3 0.1062 -0.824 0 0 16.840 -37.315 128.580
1 128 18 0.25 0.0254 0 0 16.450 -35.206 125.452
1 129 13 0.1125 -0.910 0 0 19.449 -32.948 126.128
1 130 6 0.1687 -0.412 0 0 21.649 -36.062 126.116
1 131 0 0.4937 0.6681 0 0 20.773 -37.128 122.570
1 132 6 0.4125 -0.405 0 0 20.530 -33.514 121.384
1 133 3 0.2062 -0.907 0 0 24.095 -32.723 122.453
1 134 12 0.4250 0.3997 0 0 25.381 -35.979 120.957
1 135 0 0.6062 0.4745 0 0 23.649 -35.120 117.684
1 136 1 0.35 -0.436 0 0 25.239 -31.663 117.893
1 137 17 0.2312 -0.135 0 0 28.607 -33.324 118.554
1 138 20 0.4687 0.3889 0 0 28.376 -35.258 115.281
1 139 9 0.4187 0.0000 0 0 26.744 -32.254 113.603
1 140 11 0.6812 0.6512 0 0 23.580 -34.188 112.713
1 141 16 0.7375 0.2340 0 0 19.867 -33.637 113.383
1 142 15 0.8 -0.213 0 0 18.055 -35.374 116.227
1 143 11 0.8375 0.3078 0 0 14.426 -36.444 115.760
1 144 7 0.7562 -0.904 0 0 12.343 -38.248 118.365
1 145 18 0.8187 0.9805 0 0 10.145 -40.896 116.754
1 146 17 0.65 -0.999 0 0 7.616 -43.555 117.716
1 147 0 0.6562 0.3532 0 0 6.697 -46.402 115.434
1 148 13 0.3687 -0.785 0 0 3.323 -46.747 117.187
1 149 18 0.3125 -0.110 0 0 2.055 -43.182 116.673
1 150 1 0.5 -0.009 0 0 3.965 -42.474 113.410
1 151 6 0.525 -0.280 0 0 5.400 -39.366 115.100
1 152 9 0.75 0.0000 0 0 8.579 -38.265 113.342
1 153 22 0.8562 -0.231 0 0 8.664 -41.327 111.074
1 154 3 0.7625 -0.824 0 0 8.272 -39.348 107.848
1 155 3 0.7875 -0.331 0 0 10.424 -36.600 109.370
1 156 0 0.9375 0.7177 0 0 13.531 -38.714 110.003
1 157 15 0.925 0.5102 0 0 13.551 -40.354 106.568
1 158 20 0.7812 -0.505 0 0 12.717 -37.145 104.694
1 159 18 0.8125 0.0461 0 0 15.378 -35.149 106.547
1 160 12 0.9 0.7609 0 0 17.934 -37.849 105.725
1 161 22 0.7312 -0.281 0 0 17.090 -37.398 102.036
1 162 1 0.55 -0.014 0 0 17.642 -33.642 102.294
1 163 7 0.6375 0.4252 0 0 21.083 -34.306 103.786
1 164 11 0.5625 0.5930 0 0 21.989 -36.424 100.750
1 165 1 0.3375 0.0812 0 0 20.712 -33.788 98.317
1 166 13 0.1937 0.2713 0 0 22.843 -31.121 100.014
1 167 10 0.1750 0.7369 0 0 26.140 -33.025 99.905
1 168 13 0.0749 0.2105 0 0 25.893 -33.487 96.131
1 169 7 0.0062 0.1991 0 0 25.773 -29.693 95.712
