1 1 9 0.0 0.0000 0 0 -5.223 -23.914 85.969
1 2 14 0.0182 0.3149 0 0 -5.554 -25.873 89.188
1 3 18 0.1036 0.1737 0 0 -7.042 -23.770 91.966
1 4 7 0.3292 -0.045 0 0 -4.423 -22.102 94.179
1 5 20 0.5853 -0.229 0 0 -5.502 -21.098 97.693
1 6 13 0.6829 -0.827 0 0 -3.602 -18.353 99.523
1 7 12 0.9085 0.1845 0 0 -3.561 -19.008 103.274
1 8 22 0.9451 -0.697 0 0 -2.225 -16.774 106.051
1 9 22 0.9878 0.3200 0 0 -1.261 -18.013 109.519
1 10 22 0.9634 -0.137 0 0 -1.740 -15.225 112.067
1 11 9 0.9024 0.0000 0 0 -1.220 -15.226 115.808
1 12 0 0.7073 -0.532 0 0 1.171 -14.217 118.540
1 13 5 0.5914 -0.781 0 0 4.917 -14.750 118.303
1 14 9 0.5670 0.0000 0 0 6.000 -18.238 119.331
1 15 22 0.7743 0.5949 0 0 2.611 -19.963 119.300
1 16 9 0.8414 0.0000 0 0 3.530 -22.399 116.522
1 17 13 0.9268 0.0648 0 0 2.695 -20.642 113.264
1 18 17 0.8109 -0.654 0 0 6.008 -21.509 111.606
1 19 0 0.7195 -0.356 0 0 6.164 -25.029 113.047
1 20 12 0.8780 0.6116 0 0 2.612 -25.787 111.889
1 21 18 0.8719 0.2796 0 0 3.379 -24.548 108.372
1 22 11 0.6402 -0.463 0 0 6.729 -26.344 108.181
1 23 6 0.6158 -0.377 0 0 5.140 -29.525 109.540
1 24 12 0.6890 0.6232 0 0 2.538 -29.260 106.769
1 25 11 0.5365 0.3240 0 0 4.878 -28.597 103.846
1 26 6 0.3231 -0.088 0 0 7.964 -30.630 104.734
1 27 2 0.3109 -0.290 0 0 6.697 -33.105 107.375
1 28 10 0.2439 -0.566 0 0 9.415 -31.616 109.589
1 29 15 0.3353 0.1445 0 0 9.313 -30.283 113.147
1 30 22 0.2987 0.3273 0 0 11.234 -27.089 113.949
1 31 3 0.1463 -0.933 0 0 12.507 -26.122 117.406
1 32 7 0.0792 -0.540 0 0 14.675 -22.994 117.038
1 33 20 0.0609 -0.073 0 0 15.825 -21.250 113.861
1 34 3 0.0975 -0.250 0 0 15.130 -17.546 113.262
1 35 16 0.2073 -0.842 0 0 12.418 -16.351 115.734
0 36 18 0 0 0 0 12.418 -16.351 115.734
0 37 11 0 0 0 0 12.418 -16.351 115.734
0 38 7 0 0 0 0 12.418 -16.351 115.734
1 39 3 0.5060 -0.689 0 0 8.116 -16.864 104.669
1 40 17 0.5182 -0.446 0 0 6.296 -18.320 101.643
1 41 20 0.5304 0.2371 0 0 5.744 -22.016 100.916
1 42 1 0.4207 -0.391 0 0 3.881 -23.948 98.228
1 43 13 0.3841 0.2228 0 0 2.622 -27.526 98.139
1 44 6 0.1829 -0.952 0 0 0.294 -29.555 95.925
1 45 22 0.2926 0.9981 0 0 -2.382 -31.396 97.921
1 46 22 0.1402 -0.971 0 0 -5.530 -33.408 97.209
1 47 11 0.2804 0.9743 0 0 -8.617 -32.416 99.215
1 48 3 0.0853 0.6012 0 0 -12.020 -34.091 98.713
1 49 9 0.0121 0.0000 0 0 -11.018 -35.608 95.375
1 50 7 0.0365 0.2371 0 0 -9.830 -32.352 93.792
1 51 18 0.0487 -0.619 0 0 -6.149 -31.435 93.541
1 52 5 0.1768 0.7955 0 0 -5.054 -27.935 94.517
1 53 12 0.3536 -0.431 0 0 -1.977 -25.880 95.383
1 54 12 0.6219 0.5146 0 0 -1.525 -24.261 98.804
1 55 3 0.6341 -0.514 0 0 0.453 -21.026 99.216
1 56 11 0.8536 0.5625 0 0 1.077 -20.364 102.921
1 57 12 0.8353 -0.588 0 0 2.254 -17.046 104.393
1 58 3 0.8902 -0.408 0 0 2.882 -17.042 108.150
1 59 18 0.8170 0.1193 0 0 2.964 -13.600 109.780
1 60 0 0.7012 -0.283 0 0 4.213 -13.146 113.343
1 61 9 0.4451 0.0000 0 0 5.480 -9.961 115.010
1 62 6 0.2012 -0.973 0 0 5.925 -6.322 114.081
1 63 7 0.1341 -0.001 0 0 6.900 -5.403 110.524
0 64 7 0 0 0 0 6.900 -5.403 110.524
0 65 20 0 0 0 0 6.900 -5.403 110.524
1 66 17 0.1524 0.1782 0 0 1.414 -2.985 111.446
1 67 0 0.0426 -0.893 0 0 1.268 -0.630 108.451
1 68 14 0.0670 -0.761 0 0 2.128 -2.454 105.196
1 69 1 0.3658 0.1854 0 0 0.765 -5.642 106.807
1 70 3 0.3048 -0.567 0 0 -2.377 -5.138 104.710
1 71 6 0.2195 -0.889 0 0 -0.392 -6.092 101.601
1 72 20 0.4939 0.0000 0 0 0.213 -9.400 103.367
1 73 14 0.6280 0.3927 0 0 -3.424 -9.725 104.440
1 74 1 0.4024 -0.969 0 0 -5.278 -8.321 101.409
1 75 18 0.4512 -0.244 0 0 -3.950 -11.215 99.311
1 76 9 0.7256 0.0000 0 0 -4.804 -13.935 101.836
1 77 7 0.6768 -0.493 0 0 -7.949 -15.872 100.950
1 78 9 0.8841 0.0000 0 0 -8.166 -17.878 104.172
1 79 15 0.9695 -0.822 0 0 -6.671 -17.229 107.585
1 80 12 0.9939 0.7369 0 0 -5.561 -19.422 110.487
1 81 5 0.9817 -0.642 0 0 -5.826 -17.842 113.941
1 82 22 0.9756 0.4910 0 0 -3.397 -19.816 116.100
1 83 15 0.8658 -0.274 0 0 -2.684 -19.734 119.824
1 84 0 0.6646 -0.426 0 0 -0.891 -22.005 122.280
1 85 11 0.4756 -0.105 0 0 -2.783 -23.832 125.014
1 86 2 0.25 0.2439 0 0 0.088 -23.178 127.444
1 87 2 0.3475 0.2325 0 0 -0.060 -19.412 126.749
1 88 18 0.2317 -0.869 0 0 -3.183 -17.681 128.057
1 89 13 0.2743 -0.438 0 0 -2.050 -14.332 126.626
1 90 17 0.5609 0.3634 0 0 -1.946 -15.770 123.097
1 91 15 0.5731 -0.126 0 0 -5.659 -16.576 123.422
1 92 7 0.3963 -0.782 0 0 -6.762 -13.003 124.168
1 93 3 0.5487 -0.200 0 0 -4.874 -11.768 121.093
1 94 11 0.7560 0.6715 0 0 -7.333 -13.630 118.839
1 95 10 0.4878 -0.462 0 0 -9.883 -10.832 119.286
1 96 10 0.4634 -0.814 0 0 -7.513 -8.261 117.782
1 97 20 0.7621 0.3676 0 0 -6.441 -10.608 114.978
1 98 1 0.6951 -0.204 0 0 -10.057 -11.456 114.115
1 99 7 0.4390 -0.856 0 0 -10.911 -7.747 114.278
1 100 6 0.4817 -0.326 0 0 -8.036 -6.991 111.892
1 101 11 0.6524 0.9892 0 0 -8.990 -9.636 109.313
1 102 13 0.4268 -0.214 0 0 -12.531 -8.299 108.915
1 103 1 0.2256 -0.235 0 0 -11.106 -4.801 108.451
1 104 22 0.3414 0.4810 0 0 -8.406 -5.593 105.889
1 105 13 0.3902 0.7276 0 0 -10.611 -8.085 104.025
1 106 3 0.1280 -0.975 0 0 -13.679 -5.788 104.305
1 107 17 0.1585 0.3522 0 0 -16.005 -8.686 105.137
1 108 7 0.2682 -0.992 0 0 -17.610 -10.441 108.100
1 109 3 0.3780 -0.322 0 0 -17.762 -13.884 106.431
1 110 22 0.6036 0.2561 0 0 -13.997 -14.254 105.988
1 111 16 0.7865 -0.572 0 0 -13.073 -17.974 105.829
1 112 14 0.9146 -0.242 0 0 -10.971 -18.679 108.918
1 113 22 0.9512 0.0683 0 0 -10.338 -21.461 111.432
1 114 12 0.9390 -0.722 0 0 -9.483 -21.219 115.122
1 115 22 0.9573 0.7484 0 0 -6.425 -23.352 115.924
1 116 9 0.8597 0.0000 0 0 -5.178 -24.285 119.388
1 117 2 0.8292 0.2607 0 0 -1.580 -25.390 118.989
1 118 13 0.5792 0.0106 0 0 0.684 -27.364 121.336
1 119 5 0.4573 0.3251 0 0 -1.992 -29.858 122.358
1 120 3 0.2378 0.4490 0 0 0.881 -32.316 122.878
1 121 12 0.1219 0.4486 0 0 1.961 -30.384 125.966
1 122 16 0.0304 -0.421 0 0 0.540 -31.581 129.311
1 123 17 0.0243 -0.221 0 0 0.306 -28.181 131.007
1 124 1 0.0914 0.4654 0 0 -2.932 -26.849 129.508
1 125 18 0.0731 0.2228 0 0 -3.734 -23.309 130.658
1 126 22 0.1890 0.7727 0 0 -6.719 -22.706 128.331
1 127 3 0.1158 -0.802 0 0 -9.467 -25.318 128.503
1 128 18 0.2560 0.0323 0 0 -11.297 -26.491 125.396
1 129 13 0.1097 -0.986 0 0 -14.652 -24.953 126.365
1 130 6 0.1951 -0.358 0 0 -13.064 -21.488 126.131
1 131 0 0.5121 0.6872 0 0 -11.846 -21.712 122.533
1 132 6 0.4085 -0.441 0 0 -14.886 -23.741 121.452
1 133 3 0.2134 -0.890 0 0 -17.338 -21.016 122.483
1 134 12 0.4329 0.6026 0 0 -15.113 -18.362 120.885
1 135 0 0.5975 0.4479 0 0 -15.021 -20.280 117.602
1 136 1 0.3597 -0.952 0 0 -18.812 -20.525 117.842
1 137 17 0.2621 -0.078 0 0 -18.976 -16.773 118.521
1 138 20 0.4695 0.4119 0 0 -17.156 -16.076 115.250
1 139 9 0.4146 0.0000 0 0 -18.988 -18.946 113.542
1 140 11 0.6707 0.6848 0 0 -15.743 -20.752 112.678
1 141 16 0.7439 0.2188 0 0 -14.352 -24.230 113.392
1 142 15 0.7926 -0.236 0 0 -11.961 -24.959 116.248
1 143 11 0.8231 0.2946 0 0 -9.256 -27.608 115.821
1 144 7 0.7317 -0.916 0 0 -6.659 -28.606 118.399
1 145 18 0.8048 0.9880 0 0 -3.262 -29.047 116.753
1 146 17 0.6463 -0.999 0 0 0.312 -29.913 117.672
1 147 0 0.6585 0.4028 0 0 3.261 -29.311 115.419
1 148 13 0.3719 -0.726 0 0 5.319 -32.048 117.109
1 149 18 0.2865 -0.070 0 0 2.826 -34.913 116.720
1 150 1 0.5 0.0055 0 0 1.336 -33.571 113.437
1 151 6 0.5243 -0.244 0 0 -2.099 -33.910 115.072
1 152 9 0.7134 0.0000 0 0 -4.691 -31.724 113.365
1 153 22 0.8475 -0.195 0 0 -2.132 -30.102 111.052
1 154 3 0.75 -0.827 0 0 -3.688 -31.500 107.873
1 155 3 0.7682 -0.357 0 0 -7.130 -30.955 109.400
1 156 0 0.9329 0.6781 0 0 -6.648 -27.241 110.106
1 157 15 0.9207 0.5025 0 0 -5.339 -26.399 106.634
1 158 20 0.7804 -0.510 0 0 -7.726 -28.667 104.718
1 159 18 0.7987 0.0187 0 0 -10.780 -27.384 106.599
1 160 12 0.8963 0.7884 0 0 -9.736 -23.818 105.757
1 161 22 0.7378 -0.257 0 0 -9.758 -24.723 102.052
1 162 1 0.5426 -0.032 0 0 -13.275 -26.154 102.319
1 163 7 0.6097 0.4190 0 0 -14.490 -22.856 103.785
1 164 11 0.5548 0.5999 0 0 -13.106 -21.010 100.753
1 165 1 0.3170 0.0854 0 0 -14.789 -23.396 98.312
1 166 13 0.1707 0.2675 0 0 -18.139 -22.854 100.048
1 167 10 0.1646 0.7683 0 0 -18.058 -19.052 99.846
1 168 13 0.0548 0.1164 0 0 -17.781 -19.109 96.043
1 169 7 0.0060 0.1777 0 0 -21.195 -20.815 95.891
