1 1 9 0.0 0.0000 0 0 -10.101 -50.695 85.896
1 2 14 0.0125 0.3142 0 0 -8.315 -50.071 89.172
1 3 18 0.0880 0.0952 0 0 -9.489 -52.464 91.868
1 4 7 0.2767 -0.072 0 0 -12.268 -51.072 94.071
1 5 20 0.5597 -0.229 0 0 -12.568 -52.498 97.593
1 6 13 0.6792 -0.835 0 0 -15.869 -52.211 99.473
1 7 12 0.9056 0.2583 0 0 -15.381 -51.766 103.224
1 8 22 0.9371 -0.701 0 0 -17.955 -51.700 106.028
1 9 22 0.9874 0.3247 0 0 -17.383 -50.230 109.494
1 10 22 0.9496 -0.138 0 0 -19.478 -52.104 112.062
1 11 9 0.8993 0.0000 0 0 -19.710 -51.614 115.801
1 12 0 0.6918 -0.516 0 0 -21.793 -50.075 118.542
1 13 5 0.5786 -0.783 0 0 -23.153 -46.538 118.385
1 14 9 0.5534 0.0000 0 0 -20.624 -43.908 119.432
1 15 22 0.7672 0.5756 0 0 -17.496 -46.066 119.326
1 16 9 0.8427 0.0000 0 0 -15.935 -44.058 116.496
1 17 13 0.9182 0.0173 0 0 -17.241 -45.605 113.282
1 18 17 0.7987 -0.706 0 0 -18.053 -42.232 111.712
1 19 0 0.7232 -0.347 0 0 -15.048 -40.368 113.122
1 20 12 0.8867 0.6495 0 0 -12.619 -43.058 111.938
1 21 18 0.8742 0.2232 0 0 -14.150 -42.941 108.456
1 22 11 0.6415 -0.573 0 0 -14.169 -39.137 108.314
1 23 6 0.6289 -0.366 0 0 -10.595 -39.054 109.623
1 24 12 0.7106 0.6118 0 0 -9.517 -41.374 106.798
1 25 11 0.5283 0.2724 0 0 -11.331 -39.745 103.877
1 26 6 0.3081 -0.131 0 0 -11.099 -36.039 104.692
1 27 2 0.3207 -0.272 0 0 -8.355 -35.887 107.372
1 28 10 0.2515 -0.572 0 0 -10.992 -34.277 109.608
1 29 15 0.3459 0.1442 0 0 -12.043 -35.066 113.175
1 30 22 0.2893 0.2892 0 0 -15.776 -34.947 113.942
1 31 3 0.1257 -0.937 0 0 -17.226 -34.314 117.404
1 32 7 0.0628 -0.544 0 0 -21.001 -33.957 116.910
1 33 20 0.0503 -0.052 0 0 -22.968 -33.759 113.659
1 34 3 0.0754 -0.362 0 0 -25.840 -35.991 112.539
0 35 16 0 0 0 0 -25.840 -35.991 112.539
0 36 18 0 0 0 0 -25.840 -35.991 112.539
0 37 11 0 0 0 0 -25.840 -35.991 112.539
0 38 7 0 0 0 0 -25.840 -35.991 112.539
1 39 3 0.4591 -0.677 0 0 -23.088 -42.296 104.600
1 40 17 0.4842 -0.397 0 0 -20.975 -43.456 101.638
1 41 20 0.5031 0.1210 0 0 -17.468 -42.174 100.896
1 42 1 0.4150 -0.424 0 0 -14.824 -42.956 98.281
1 43 13 0.3836 0.2385 0 0 -11.090 -42.274 98.193
1 44 6 0.2012 -0.955 0 0 -8.141 -43.327 96.030
1 45 22 0.2955 0.9976 0 0 -5.154 -44.692 97.967
1 46 22 0.1320 -0.965 0 0 -1.857 -46.430 97.217
1 47 11 0.2704 0.9725 0 0 -1.198 -49.639 99.167
1 48 3 0.0817 0.6250 0 0 1.902 -51.806 98.608
1 49 9 0.0062 0.0000 0 0 2.735 -50.132 95.298
1 50 7 0.0314 0.2681 0 0 -0.687 -50.671 93.711
1 51 18 0.0377 -0.622 0 0 -3.254 -47.881 93.433
1 52 5 0.1698 0.8116 0 0 -6.840 -48.668 94.404
1 53 12 0.3270 -0.427 0 0 -10.137 -46.995 95.286
1 54 12 0.6100 0.5454 0 0 -11.732 -47.420 98.719
1 55 3 0.6163 -0.568 0 0 -15.532 -47.402 99.014
1 56 11 0.8238 0.5771 0 0 -16.428 -47.097 102.707
1 57 12 0.8113 -0.517 0 0 -19.896 -48.000 104.002
1 58 3 0.8490 0.0042 0 0 -20.554 -46.513 107.434
1 59 18 0.7735 0.6345 0 0 -23.318 -48.053 109.536
1 60 0 0.5408 -0.798 0 0 -25.916 -46.515 111.858
1 61 9 0.3710 0.0000 0 0 -28.410 -48.095 114.264
1 62 6 0.1383 -0.923 0 0 -31.350 -50.345 113.438
1 63 7 0.1132 -0.070 0 0 -32.442 -50.654 109.809
0 64 7 0 0 0 0 -32.442 -50.654 109.809
0 65 20 0 0 0 0 -32.442 -50.654 109.809
0 66 17 0 0 0 0 -32.442 -50.654 109.809
0 67 0 0 0 0 0 -32.442 -50.654 109.809
0 68 14 0 0 0 0 -32.442 -50.654 109.809
1 69 1 0.2641 0.2143 0 0 -29.436 -54.810 107.006
1 70 3 0.2389 -0.545 0 0 -28.118 -57.767 105.017
1 71 6 0.1509 -0.878 0 0 -28.176 -55.660 101.839
1 72 20 0.4716 -0.294 0 0 -25.622 -53.391 103.520
1 73 14 0.5974 0.3716 0 0 -23.338 -56.284 104.494
1 74 1 0.3647 -0.983 0 0 -23.639 -58.461 101.372
1 75 18 0.4276 -0.197 0 0 -21.843 -55.792 99.331
1 76 9 0.6981 0.0000 0 0 -19.025 -55.354 101.851
1 77 7 0.6540 -0.461 0 0 -15.837 -57.181 100.906
1 78 9 0.8805 0.0000 0 0 -14.061 -56.442 104.181
1 79 15 0.9685 -0.861 0 0 -15.431 -55.389 107.543
1 80 12 0.9937 0.7935 0 0 -14.065 -53.306 110.417
1 81 5 0.9811 -0.657 0 0 -15.330 -54.288 113.872
1 82 22 0.9748 0.5003 0 0 -14.772 -51.203 116.021
1 83 15 0.8679 -0.242 0 0 -15.161 -50.647 119.754
1 84 0 0.6729 -0.415 0 0 -14.127 -47.936 122.204
1 85 11 0.4779 -0.096 0 0 -11.719 -48.638 125.053
1 86 2 0.2452 0.2555 0 0 -13.847 -46.492 127.387
1 87 2 0.3333 0.2307 0 0 -16.978 -48.584 126.673
1 88 18 0.1949 -0.909 0 0 -16.878 -52.073 128.179
1 89 13 0.2578 -0.331 0 0 -20.142 -53.122 126.501
1 90 17 0.5660 0.3594 0 0 -18.868 -52.327 122.994
1 91 15 0.5723 -0.176 0 0 -16.262 -55.086 123.341
1 92 7 0.3773 -0.823 0 0 -18.785 -57.842 124.067
1 93 3 0.5157 -0.204 0 0 -20.836 -56.620 121.084
1 94 11 0.7169 0.6951 0 0 -18.038 -57.743 118.737
1 95 10 0.4905 -0.454 0 0 -19.170 -61.370 119.085
1 96 10 0.4402 -0.808 0 0 -22.617 -60.580 117.677
1 97 20 0.7044 0.3756 0 0 -21.155 -58.485 114.852
1 98 1 0.6855 -0.198 0 0 -18.632 -61.207 113.991
1 99 7 0.4088 -0.832 0 0 -21.453 -63.763 114.201
1 100 6 0.4465 -0.395 0 0 -23.553 -61.815 111.682
1 101 11 0.6352 0.9928 0 0 -20.690 -61.195 109.235
1 102 13 0.3962 -0.180 0 0 -20.128 -64.935 108.825
1 103 1 0.1635 -0.273 0 0 -23.861 -65.450 108.279
1 104 22 0.2830 0.5079 0 0 -24.523 -62.691 105.739
1 105 13 0.3522 0.7022 0 0 -21.313 -63.358 103.790
1 106 3 0.1006 -0.979 0 0 -21.806 -67.147 104.186
1 107 17 0.1446 0.3526 0 0 -18.148 -67.777 105.043
1 108 7 0.2138 -0.995 0 0 -15.884 -68.252 108.057
1 109 3 0.3584 -0.279 0 0 -12.757 -66.644 106.543
1 110 22 0.5911 0.2298 0 0 -14.270 -63.186 106.003
1 111 16 0.7610 -0.568 0 0 -11.459 -60.571 105.861
1 112 14 0.9119 -0.286 0 0 -11.885 -58.388 108.935
1 113 22 0.9559 0.1009 0 0 -9.784 -56.417 111.416
1 114 12 0.9308 -0.738 0 0 -10.460 -55.812 115.103
1 115 22 0.9622 0.7791 0 0 -10.193 -52.096 115.905
1 116 9 0.8616 0.0000 0 0 -10.020 -50.551 119.368
1 117 2 0.8364 0.2606 0 0 -10.814 -46.862 119.006
1 118 13 0.5849 0.0012 0 0 -10.230 -43.891 121.324
1 119 5 0.4654 0.3315 0 0 -6.755 -44.946 122.429
1 120 3 0.2327 0.4520 0 0 -6.130 -41.222 122.964
1 121 12 0.1194 0.4141 0 0 -8.381 -41.287 126.027
1 122 16 0.0251 -0.430 0 0 -6.666 -41.921 129.391
1 123 17 0.0188 -0.191 0 0 -9.499 -43.819 131.089
1 124 1 0.0691 0.5255 0 0 -8.777 -47.342 129.821
1 125 18 0.0566 0.2537 0 0 -11.583 -49.739 130.764
1 126 22 0.1823 0.7910 0 0 -10.478 -52.595 128.460
1 127 3 0.1069 -0.841 0 0 -6.829 -53.557 128.863
1 128 18 0.2075 -0.029 0 0 -4.706 -54.233 125.791
1 129 13 0.0943 -0.919 0 0 -4.258 -57.946 126.556
1 130 6 0.1761 -0.368 0 0 -8.032 -58.532 126.343
1 131 0 0.4968 0.7086 0 0 -8.896 -57.496 122.783
1 132 6 0.4339 -0.721 0 0 -5.877 -59.087 121.094
1 133 3 0.2201 -0.885 0 0 -6.736 -62.555 122.421
1 134 12 0.4213 0.5710 0 0 -10.216 -62.197 120.920
1 135 0 0.6037 0.5029 0 0 -8.606 -61.230 117.617
1 136 1 0.3396 -0.423 0 0 -6.502 -64.385 117.978
1 137 17 0.2264 -0.089 0 0 -9.701 -66.371 118.565
1 138 20 0.4528 0.3967 0 0 -11.146 -65.120 115.274
1 139 9 0.4025 0.0000 0 0 -7.702 -65.258 113.654
1 140 11 0.6666 0.6527 0 0 -7.737 -61.555 112.734
1 141 16 0.7421 0.2238 0 0 -5.459 -58.568 113.393
1 142 15 0.7924 -0.221 0 0 -6.014 -56.129 116.246
1 143 11 0.8301 0.3121 0 0 -5.073 -52.453 115.874
1 144 7 0.7484 -0.914 0 0 -5.498 -49.711 118.459
1 145 18 0.8176 0.9863 0 0 -6.781 -46.534 116.804
1 146 17 0.6477 -0.999 0 0 -7.840 -43.010 117.736
1 147 0 0.6603 0.3906 0 0 -9.862 -40.806 115.461
1 148 13 0.3899 -0.772 0 0 -8.556 -37.675 117.216
1 149 18 0.3144 -0.097 0 0 -4.822 -38.304 116.701
1 150 1 0.5094 0.0067 0 0 -5.232 -40.298 113.438
1 151 6 0.5220 -0.262 0 0 -3.150 -43.054 115.063
1 152 9 0.7358 0.0000 0 0 -3.688 -46.385 113.325
1 153 22 0.8553 -0.184 0 0 -6.429 -45.031 111.047
1 154 3 0.7547 -0.830 0 0 -4.477 -45.671 107.846
1 155 3 0.7798 -0.354 0 0 -3.223 -48.918 109.390
1 156 0 0.9433 0.6967 0 0 -6.652 -50.426 110.088
1 157 15 0.9245 0.5067 0 0 -8.064 -49.665 106.635
1 158 20 0.7861 -0.504 0 0 -4.906 -50.592 104.716
1 159 18 0.8050 0.0500 0 0 -4.532 -53.897 106.573
1 160 12 0.8930 0.7535 0 0 -8.145 -54.780 105.758
1 161 22 0.7295 -0.274 0 0 -7.325 -54.290 102.068
1 162 1 0.5345 -0.018 0 0 -4.344 -56.642 102.331
1 163 7 0.6226 0.4338 0 0 -6.616 -59.309 103.818
1 164 11 0.5471 0.6009 0 0 -8.902 -58.963 100.791
1 165 1 0.3018 0.0900 0 0 -5.986 -59.217 98.354
1 166 13 0.1886 0.1942 0 0 -4.785 -62.463 99.964
1 167 10 0.1572 0.7697 0 0 -8.103 -64.339 99.780
1 168 13 0.0440 0.0583 0 0 -8.122 -64.115 95.964
0 169 7 0 0 0 0 -8.122 -64.115 95.964
