1 1 14 0.0060 0.3698 0 0 -5.921 32.127 -6.684
1 2 18 0.0421 0.1591 0 0 -4.661 29.030 -4.859
1 3 7 0.2228 -0.430 0 0 -4.504 29.730 -1.135
1 4 20 0.5240 -0.237 0 0 -2.425 27.654 1.358
1 5 13 0.6686 -0.610 0 0 -3.554 27.569 4.970
1 6 12 0.9036 0.0912 0 0 -0.418 27.011 7.064
1 7 22 0.9457 -0.640 0 0 -0.333 26.787 10.852
1 8 22 0.9879 0.2661 0 0 2.878 27.262 12.944
1 9 22 0.9698 -0.228 0 0 2.779 25.234 16.245
1 10 9 0.9277 0.0000 0 0 5.231 24.336 19.009
1 11 0 0.7951 -0.521 0 0 6.121 25.135 22.597
1 12 9 0.6385 0.0000 0 0 6.406 28.632 24.054
1 13 9 0.6084 0.0000 0 0 9.511 30.602 23.139
1 14 22 0.8192 0.6150 0 0 10.848 28.327 20.317
1 15 9 0.8554 0.0000 0 0 10.666 31.160 17.706
1 16 13 0.9518 0.1108 0 0 7.331 30.521 15.913
1 17 17 0.8433 -0.642 0 0 6.661 34.295 15.649
1 18 0 0.7710 -0.293 0 0 10.253 35.199 14.769
1 19 12 0.8975 0.7033 0 0 10.225 32.667 11.837
1 20 18 0.8795 0.3383 0 0 6.888 34.015 10.529
1 21 11 0.6325 -0.440 0 0 7.945 37.704 10.795
1 22 6 0.5963 -0.365 0 0 11.330 36.983 9.179
1 23 12 0.6746 0.5600 0 0 9.381 35.475 6.194
1 24 11 0.4939 0.3316 0 0 6.682 38.198 5.953
1 25 6 0.2831 -0.001 0 0 8.520 41.380 7.066
1 26 2 0.2349 -0.315 0 0 12.198 40.642 6.628
1 27 10 0.2108 -0.153 0 0 13.593 41.266 10.057
1 28 15 0.3433 0.1324 0 0 14.528 39.413 13.223
1 29 22 0.3012 0.5621 0 0 12.467 40.313 16.294
1 30 3 0.1325 -0.496 0 0 14.229 40.019 19.518
1 31 7 0.0722 -0.390 0 0 11.922 40.804 22.318
1 32 20 0.0843 -0.166 0 0 9.597 39.196 24.685
1 33 3 0.1927 0.0187 0 0 6.128 39.200 23.141
1 34 16 0.3493 -0.850 0 0 3.949 36.070 23.788
1 35 18 0.4819 0.8604 0 0 1.421 35.320 21.033
1 36 11 0.3554 -0.999 0 0 -2.308 34.792 21.567
1 37 7 0.5060 -0.082 0 0 -3.059 34.221 17.889
1 38 3 0.5301 -0.290 0 0 -1.899 36.178 14.839
1 39 17 0.5542 -0.766 0 0 -2.691 35.658 11.133
1 40 20 0.5180 0.3323 0 0 -0.607 36.889 8.196
1 41 1 0.3795 -0.532 0 0 -1.660 36.918 4.558
1 42 13 0.3253 -0.098 0 0 0.835 37.405 1.758
1 43 6 0.1024 -0.807 0 0 0.579 36.950 -2.047
1 44 22 0.1385 0.9878 0 0 3.771 35.242 -3.311
1 45 22 0.0481 -0.969 0 0 4.938 33.277 -6.419
1 46 11 0.1686 0.9757 0 0 6.274 29.795 -5.491
1 47 3 0.0361 0.6722 0 0 7.767 27.650 -8.426
1 48 9 0.0 0.0000 0 0 5.930 29.961 -10.785
1 49 7 0.0180 0.5343 0 0 2.520 29.457 -9.143
1 50 18 0.0120 -0.765 0 0 0.901 32.697 -7.927
1 51 5 0.1084 0.7507 0 0 -0.566 31.959 -4.508
1 52 12 0.2469 -0.237 0 0 -1.573 33.397 -1.199
1 53 12 0.5602 0.4533 0 0 0.019 32.232 2.048
1 54 3 0.5783 -0.468 0 0 -2.476 32.445 4.884
1 55 11 0.8253 0.4643 0 0 -0.346 31.769 7.935
1 56 12 0.8313 -0.442 0 0 -1.642 31.341 11.490
1 57 3 0.8855 -0.035 0 0 0.815 32.014 14.219
1 58 18 0.8373 0.5935 0 0 -0.324 30.325 17.416
1 59 0 0.6807 -0.947 0 0 0.230 30.510 21.194
1 60 9 0.7108 0.0000 0 0 2.807 28.208 22.814
1 61 6 0.4156 -0.789 0 0 0.671 28.099 25.994
1 62 7 0.2650 -0.066 0 0 -2.008 25.527 26.927
1 63 7 0.0602 0.3289 0 0 -4.496 28.139 28.254
1 64 20 0.2409 0.5398 0 0 -5.420 27.092 24.743
1 65 17 0.1987 -0.950 0 0 -5.617 23.230 25.127
1 66 0 0.0963 -0.969 0 0 -8.766 21.824 23.335
1 67 14 0.1566 -0.772 0 0 -8.984 25.465 21.967
1 68 1 0.4638 0.4028 0 0 -6.322 24.217 19.467
1 69 3 0.3373 -0.635 0 0 -8.880 21.905 17.822
1 70 6 0.2710 -0.646 0 0 -10.451 24.609 15.759
1 71 20 0.5481 0.6298 0 0 -7.329 25.873 14.030
1 72 14 0.6506 0.3259 0 0 -5.958 22.393 13.563
1 73 1 0.3915 -0.826 0 0 -9.120 21.350 11.701
1 74 18 0.4216 -0.175 0 0 -8.813 24.240 9.219
1 75 9 0.7228 0.0000 0 0 -5.013 24.114 8.730
1 76 7 0.6626 -0.598 0 0 -3.914 22.363 5.546
1 77 9 0.8674 0.0000 0 0 -0.216 22.018 6.570
1 78 15 0.9638 -0.682 0 0 1.754 22.468 9.773
1 79 12 0.9939 0.4623 0 0 5.230 23.626 10.699
1 80 5 0.9819 -0.741 0 0 6.074 21.821 13.981
1 81 22 0.9759 0.4582 0 0 8.730 23.956 15.604
1 82 15 0.8915 -0.342 0 0 11.195 23.202 18.442
1 83 0 0.7469 -0.412 0 0 14.407 24.963 19.569
1 84 11 0.5120 -0.181 0 0 17.714 23.070 19.299
1 85 2 0.3192 0.0842 0 0 18.794 24.394 22.720
1 86 2 0.3734 0.3628 0 0 15.553 23.303 24.483
1 87 18 0.2951 -0.908 0 0 15.095 19.553 25.026
1 88 13 0.3313 -0.222 0 0 11.552 19.842 26.535
1 89 17 0.6265 0.4047 0 0 10.325 21.666 23.309
1 90 15 0.6204 -0.290 0 0 11.680 18.751 21.262
1 91 7 0.4277 -0.876 0 0 9.863 16.146 23.407
1 92 3 0.5662 -0.202 0 0 6.650 18.216 23.265
1 93 11 0.7891 0.6884 0 0 6.559 17.749 19.452
1 94 10 0.5421 -0.905 0 0 4.940 14.302 19.956
1 95 6 0.5 -0.395 0 0 1.916 15.878 21.673
1 96 20 0.7831 0.4536 0 0 1.276 18.417 18.826
1 97 1 0.7349 -0.132 0 0 1.699 15.650 16.247
1 98 7 0.4337 -0.656 0 0 -0.807 13.361 17.941
1 99 6 0.4457 0.1123 0 0 -3.343 16.104 18.468
1 100 11 0.6144 0.9857 0 0 -3.197 17.121 14.743
1 101 13 0.4096 -0.064 0 0 -3.613 13.487 13.637
1 102 1 0.1626 -0.165 0 0 -6.586 13.098 15.962
1 103 22 0.2289 0.7380 0 0 -8.452 16.326 14.881
1 104 13 0.2891 0.7956 0 0 -7.804 15.755 11.140
1 105 3 0.0542 -0.702 0 0 -8.666 11.988 11.359
1 106 17 0.1265 0.5551 0 0 -5.470 11.174 9.442
1 107 3 0.1807 -0.873 0 0 -2.109 9.557 9.868
1 108 3 0.3614 -0.841 0 0 -0.430 11.664 7.216
1 109 22 0.5903 0.3215 0 0 -1.009 15.354 7.400
1 110 16 0.7590 -0.605 0 0 1.297 17.783 5.384
1 111 14 0.9096 0.0172 0 0 3.878 18.724 8.050
1 112 22 0.9397 0.0935 0 0 7.545 19.763 8.348
1 113 12 0.9337 -0.669 0 0 9.632 19.332 11.535
1 114 22 0.9578 0.7054 0 0 11.673 22.541 12.109
1 115 9 0.8614 0.0000 0 0 14.603 22.742 14.476
1 116 2 0.8493 0.3061 0 0 15.007 26.475 15.111
1 117 13 0.6024 0.1147 0 0 17.735 28.715 16.674
1 118 5 0.4518 0.2748 0 0 20.449 26.806 14.844
1 119 3 0.2168 0.3299 0 0 22.722 29.904 15.083
1 120 12 0.1144 0.4310 0 0 23.230 29.099 18.845
1 121 0 0.0240 -0.928 0 0 26.303 27.143 19.887
1 122 0 0.0301 -0.112 0 0 24.683 25.797 23.094
1 123 1 0.0783 0.4893 0 0 22.890 22.905 21.311
1 124 18 0.0662 0.0552 0 0 21.118 20.200 23.415
1 125 22 0.2530 0.8928 0 0 19.133 18.324 20.647
1 126 7 0.1204 -0.976 0 0 21.487 16.568 18.124
1 127 17 0.3132 -0.087 0 0 20.426 16.938 14.493
1 128 1 0.0903 -0.834 0 0 20.667 13.154 14.145
1 129 6 0.1506 -0.014 0 0 18.032 12.519 16.787
1 130 0 0.4759 0.6350 0 0 15.611 15.044 15.210
1 131 6 0.3975 -0.134 0 0 16.267 13.529 11.739
1 132 3 0.1746 -0.832 0 0 15.467 10.038 13.173
1 133 12 0.4036 0.5461 0 0 12.213 11.390 14.624
1 134 0 0.5722 0.4375 0 0 11.241 13.016 11.331
1 135 1 0.3072 -0.957 0 0 12.088 9.828 9.438
1 136 17 0.1867 0.1738 0 0 9.757 7.841 11.770
1 137 20 0.4397 0.5541 0 0 6.950 10.375 11.078
1 138 9 0.3674 0.0000 0 0 7.520 10.265 7.294
1 139 11 0.6566 0.7313 0 0 8.117 14.065 7.145
1 140 16 0.7168 0.2164 0 0 10.984 16.448 6.205
1 141 20 0.7771 -0.105 0 0 13.336 17.791 8.890
1 142 11 0.8132 0.2420 0 0 14.636 21.355 8.376
1 143 7 0.7530 -0.712 0 0 16.979 23.404 10.611
1 144 18 0.8012 0.9624 0 0 16.422 27.169 10.754
1 145 17 0.6445 -0.972 0 0 17.558 30.377 12.290
1 146 0 0.6867 0.4776 0 0 15.131 33.268 12.413
1 147 13 0.3855 -0.736 0 0 18.150 35.351 13.486
1 148 18 0.2590 -0.155 0 0 20.248 34.735 10.300
1 149 1 0.4578 -0.008 0 0 17.268 33.815 7.994
1 150 6 0.4698 -0.318 0 0 18.926 30.402 7.273
1 151 9 0.6927 0.0000 0 0 16.357 27.835 6.296
1 152 22 0.8072 -0.123 0 0 13.339 30.183 6.715
1 153 7 0.7048 -0.888 0 0 12.001 30.213 3.086
1 154 3 0.7289 -0.444 0 0 13.023 26.593 2.747
1 155 0 0.9216 0.7193 0 0 10.841 25.450 5.716
1 156 15 0.9156 0.5056 0 0 7.712 27.345 4.475
1 157 20 0.7409 -0.502 0 0 8.148 26.463 0.798
1 158 18 0.7650 0.0900 0 0 8.836 22.727 1.522
1 159 12 0.8734 0.7722 0 0 5.533 22.754 3.506
1 160 22 0.6987 -0.340 0 0 3.662 24.284 0.439
1 161 1 0.4879 -0.111 0 0 5.206 21.554 -1.767
1 162 7 0.5843 0.3181 0 0 4.054 18.877 0.722
1 163 11 0.5361 0.5615 0 0 0.426 20.175 0.542
1 164 1 0.2771 0.0697 0 0 0.770 20.163 -3.283
1 165 6 0.1445 -0.364 0 0 1.673 16.435 -3.337
1 166 10 0.2048 0.2538 0 0 -0.982 15.296 -0.820
