1 1 9 0.1413 0.0000 0 0 24.780 81.643 121.517
1 2 18 0.3097 0.1073 0 0 26.872 82.541 118.449
1 3 7 0.5163 -0.113 0 0 25.730 81.437 114.968
1 4 20 0.7771 -0.178 0 0 28.409 80.115 112.518
1 5 13 0.8641 -0.237 0 0 27.309 80.137 108.854
1 6 12 0.9510 0.1160 0 0 29.025 77.152 107.179
1 7 22 0.9728 -0.627 0 0 28.792 76.811 103.401
1 8 22 0.9836 -0.119 0 0 29.470 73.529 101.622
1 9 22 0.9347 0.1965 0 0 30.798 73.999 98.076
1 10 9 0.8695 0.0000 0 0 32.097 71.663 95.378
1 11 0 0.6467 -0.589 0 0 31.218 70.079 92.012
1 12 9 0.4619 0.0000 0 0 27.912 68.315 91.382
1 13 9 0.4021 0.0000 0 0 27.802 64.724 92.641
1 14 22 0.6521 0.6640 0 0 30.672 64.994 95.191
1 15 9 0.6847 0.0000 0 0 28.342 64.387 98.206
1 16 13 0.8478 0.1081 0 0 27.642 67.888 99.580
1 17 17 0.6902 -0.639 0 0 24.018 66.916 100.343
1 18 0 0.625 -0.364 0 0 25.022 63.522 101.765
1 19 12 0.8152 0.5728 0 0 27.591 65.162 104.065
1 20 18 0.8369 0.3118 0 0 25.091 67.802 105.259
1 21 11 0.5923 -0.626 0 0 22.325 65.206 105.958
1 22 6 0.5760 -0.481 0 0 24.857 63.050 107.812
1 23 12 0.7065 0.7751 0 0 25.868 66.039 109.996
1 24 11 0.5543 0.2642 0 0 22.275 67.127 110.702
1 25 6 0.3043 -0.521 0 0 20.285 63.850 111.020
1 26 2 0.2934 -0.536 0 0 23.042 61.368 111.947
1 27 10 0.2228 -0.360 0 0 22.288 59.024 109.056
1 28 15 0.2608 0.0875 0 0 23.134 58.343 105.377
1 29 22 0.1684 0.3617 0 0 20.540 58.690 102.538
1 30 3 0.0978 -0.559 0 0 17.921 56.083 103.279
1 31 7 0.0652 -0.372 0 0 14.207 56.799 103.420
1 32 20 0.0597 -0.207 0 0 12.486 59.261 101.123
1 33 3 0.1032 0.8068 0 0 12.872 62.848 102.312
1 34 16 0.0923 -0.662 0 0 10.896 65.304 100.230
1 35 18 0.125 0.3569 0 0 12.572 68.235 102.026
1 36 11 0.1467 -0.475 0 0 13.813 71.120 99.866
1 37 7 0.3586 0.4560 0 0 17.433 71.492 100.946
1 38 3 0.5217 -0.739 0 0 18.909 74.886 101.420
1 39 17 0.6413 0.1421 0 0 19.994 76.013 104.880
1 40 20 0.5815 -0.497 0 0 19.558 74.313 108.220
1 41 1 0.4891 -0.105 0 0 20.143 75.534 111.765
1 42 13 0.4782 0.0810 0 0 21.607 72.929 114.139
1 43 6 0.3369 -0.920 0 0 22.669 73.364 117.742
1 44 22 0.4076 0.9688 0 0 25.928 71.569 118.582
1 45 22 0.3152 -0.988 0 0 28.648 71.611 121.244
1 46 11 0.4456 0.9910 0 0 32.204 72.024 119.948
1 47 3 0.2771 0.6086 0 0 35.051 72.049 122.536
1 48 9 0.1358 0.0000 0 0 32.544 72.634 125.346
1 49 7 0.2010 0.0458 0 0 30.908 75.734 123.802
1 50 18 0.2282 -0.720 0 0 27.305 75.573 122.611
1 51 5 0.3641 0.8614 0 0 26.737 77.237 119.247
1 52 12 0.4836 -0.433 0 0 24.346 77.284 116.325
1 53 12 0.7228 0.4391 0 0 25.546 76.058 112.923
1 54 3 0.7282 -0.361 0 0 23.703 77.560 109.960
1 55 11 0.8913 0.0829 0 0 24.715 74.996 107.328
1 56 12 0.875 -0.368 0 0 24.104 75.739 103.625
1 57 3 0.8532 -0.506 0 0 24.357 72.984 101.052
1 58 18 0.8043 0.6783 0 0 24.997 74.863 97.764
1 59 0 0.6576 -0.169 0 0 23.990 72.032 95.378
1 60 9 0.3913 0.0000 0 0 20.872 73.937 94.234
1 61 6 0.4510 0.2985 0 0 22.059 77.527 94.573
1 62 7 0.5434 0.3671 0 0 25.511 77.378 92.832
1 63 7 0.2663 -0.844 0 0 23.973 77.657 89.335
1 64 20 0.2065 -0.320 0 0 22.506 81.170 90.103
1 65 17 0.1956 -0.776 0 0 24.831 84.216 90.126
1 66 0 0.1793 -0.811 0 0 23.024 86.297 92.769
1 67 14 0.3423 -0.509 0 0 22.660 83.270 95.080
1 68 1 0.5380 -0.338 0 0 26.406 82.472 94.774
1 69 3 0.3858 -0.786 0 0 27.290 86.073 95.568
1 70 6 0.4402 -0.383 0 0 25.005 86.004 98.609
1 71 20 0.7119 0.3576 0 0 26.280 82.742 100.144
1 72 14 0.7554 0.0457 0 0 29.905 83.697 99.537
1 73 1 0.6032 -0.893 0 0 29.333 87.106 101.188
1 74 18 0.6630 -0.354 0 0 27.307 85.664 104.122
1 75 9 0.8804 0.0000 0 0 29.324 82.468 104.689
1 76 7 0.8858 -0.600 0 0 31.869 82.573 107.517
1 77 9 0.9565 0.0000 0 0 33.587 79.306 106.652
1 78 15 0.9891 -0.934 0 0 33.645 77.037 103.608
1 79 12 0.9945 0.3509 0 0 33.871 73.274 103.189
1 80 5 0.9782 -0.171 0 0 35.478 72.745 99.780
1 81 22 0.9239 0.1942 0 0 34.437 69.241 98.824
1 82 15 0.7608 -0.210 0 0 35.718 66.935 96.069
1 83 0 0.5869 -0.498 0 0 35.245 63.184 95.548
1 84 11 0.3532 -0.113 0 0 38.345 60.956 95.697
1 85 2 0.1902 0.0406 0 0 37.108 58.963 92.625
1 86 2 0.2554 0.1399 0 0 36.628 62.078 90.424
1 87 18 0.2119 -0.803 0 0 39.761 63.958 89.381
1 88 13 0.25 -0.778 0 0 37.671 66.689 87.727
1 89 17 0.4728 0.2753 0 0 35.999 67.551 91.048
1 90 15 0.5271 -0.127 0 0 39.483 67.927 92.597
1 91 7 0.3315 -0.935 0 0 40.605 70.145 89.676
1 92 3 0.4945 -0.349 0 0 37.470 72.282 90.237
1 93 11 0.7173 0.6125 0 0 38.501 73.089 93.853
1 94 10 0.6141 -0.959 0 0 40.780 76.008 92.988
1 95 10 0.5326 -0.845 0 0 37.887 77.649 91.064
1 96 20 0.7663 0.1297 0 0 35.696 77.603 94.201
1 97 1 0.7934 0.0503 0 0 38.502 78.917 96.430
1 98 7 0.5597 -0.579 0 0 39.326 81.779 94.041
1 99 6 0.5978 0.0069 0 0 35.639 82.764 93.686
1 100 11 0.7445 0.9973 0 0 35.166 82.868 97.466
1 101 13 0.6358 -0.058 0 0 38.370 84.901 97.950
1 102 1 0.3478 -0.293 0 0 37.321 87.415 95.244
1 103 22 0.4347 0.4403 0 0 33.769 87.831 96.604
1 104 13 0.5 0.8553 0 0 34.944 88.303 100.204
1 105 3 0.2989 -0.992 0 0 37.983 90.409 99.135
1 106 17 0.3695 0.5369 0 0 40.165 88.640 101.701
1 107 7 0.4293 -0.976 0 0 43.137 86.257 101.660
1 108 3 0.6304 -0.631 0 0 42.432 84.243 104.881
1 109 22 0.8206 0.2468 0 0 38.856 83.016 104.597
1 110 16 0.9076 -0.433 0 0 38.256 80.031 106.941
1 111 14 0.9619 -0.229 0 0 38.224 76.861 104.815
1 112 22 0.9673 0.0860 0 0 38.659 73.134 105.033
1 113 12 0.9293 -0.861 0 0 39.427 70.825 102.106
1 114 22 0.9130 0.5901 0 0 37.287 67.653 102.119
1 115 9 0.7391 0.0000 0 0 37.909 64.523 100.069
1 116 2 0.7010 0.1882 0 0 34.630 62.610 100.211
1 117 13 0.4184 -0.004 0 0 33.704 59.018 99.242
1 118 5 0.3206 -0.126 0 0 36.812 57.495 100.893
1 119 3 0.1630 0.2838 0 0 34.867 54.259 101.386
1 120 12 0.1304 0.3269 0 0 35.339 53.614 97.603
1 121 16 0.0869 -0.511 0 0 38.351 51.535 96.404
1 122 17 0.0760 0.0018 0 0 38.588 53.107 92.873
1 123 1 0.1195 0.5771 0 0 40.459 56.236 93.986
1 124 18 0.1141 -0.007 0 0 41.871 58.623 91.349
1 125 22 0.2173 0.8584 0 0 42.988 61.424 93.717
1 126 3 0.1521 -0.947 0 0 45.735 60.411 96.171
1 127 18 0.2717 -0.048 0 0 45.666 61.541 99.798
1 128 13 0.1739 -0.644 0 0 49.102 63.124 99.193
1 129 6 0.2391 -0.352 0 0 47.945 65.178 96.158
1 130 0 0.4673 0.4456 0 0 45.074 66.498 98.301
1 131 6 0.4239 -0.440 0 0 47.328 67.172 101.321
1 132 3 0.2880 -0.934 0 0 49.729 69.117 99.068
1 133 12 0.4565 0.5230 0 0 46.899 71.323 97.761
1 134 0 0.6684 0.4338 0 0 45.712 71.969 101.325
1 135 1 0.3967 -0.763 0 0 49.267 72.772 102.535
1 136 17 0.3260 0.1230 0 0 49.644 75.171 99.577
1 137 20 0.6086 0.4033 0 0 46.503 76.996 100.820
1 138 9 0.5652 0.0000 0 0 47.432 76.673 104.543
1 139 11 0.7880 0.6649 0 0 44.172 74.907 105.432
1 140 16 0.8260 0.4448 0 0 43.213 71.532 106.926
1 141 15 0.7989 -0.416 0 0 42.540 68.488 104.735
1 142 11 0.8097 0.4292 0 0 40.039 65.845 105.955
1 143 7 0.6793 -0.763 0 0 38.935 62.632 104.243
1 144 18 0.6956 0.9517 0 0 35.254 61.766 104.679
1 145 17 0.5108 -0.993 0 0 32.650 59.176 103.803
1 146 0 0.5706 0.4022 0 0 29.079 60.400 104.120
1 147 13 0.2826 -0.806 0 0 28.167 56.713 103.532
1 148 18 0.2336 -0.147 0 0 29.982 55.413 106.664
1 149 1 0.3804 0.1785 0 0 29.984 58.743 108.543
1 150 6 0.4130 -0.340 0 0 33.848 58.675 108.728
1 151 9 0.6739 0.0000 0 0 35.258 62.192 109.241
1 152 22 0.7826 -0.251 0 0 31.894 64.016 108.871
1 153 3 0.7336 -0.827 0 0 31.833 65.691 112.323
1 154 3 0.7717 -0.347 0 0 35.591 66.232 112.178
1 155 0 0.9184 0.2912 0 0 35.184 68.128 108.875
1 156 15 0.9402 0.2708 0 0 32.483 70.542 110.127
1 157 20 0.8586 -0.655 0 0 34.010 70.917 113.653
1 158 18 0.8967 -0.088 0 0 37.483 71.651 112.235
1 159 12 0.9456 0.9197 0 0 35.885 74.388 110.115
1 160 22 0.9021 -0.443 0 0 34.238 75.916 113.181
1 161 1 0.75 -0.234 0 0 37.644 75.850 114.942
1 162 7 0.8423 0.1693 0 0 39.115 77.690 111.909
1 163 11 0.8315 0.5901 0 0 36.361 80.353 112.186
1 164 1 0.6195 -0.020 0 0 37.024 80.759 115.927
1 165 13 0.5054 0.2542 0 0 40.789 81.212 115.340
1 166 10 0.5489 0.2876 0 0 40.004 83.896 112.733
1 167 13 0.375 0.3055 0 0 37.500 85.680 115.027
1 168 7 0.2445 -0.113 0 0 39.874 85.526 118.029
1 169 13 0.1847 0.1494 0 0 42.668 87.028 115.860
1 170 14 0.1576 0.7387 0 0 40.448 89.925 114.670
1 171 17 0.1086 0.3042 0 0 39.473 90.758 118.282
1 172 13 0.0815 0.2242 0 0 43.162 90.832 119.378
1 173 3 0.0706 0.6505 0 0 44.041 93.139 116.428
1 174 9 0.0543 0.0000 0 0 41.197 95.546 117.327
1 175 13 0.0489 0.1318 0 0 42.541 95.727 120.898
1 176 13 0.0434 0.1676 0 0 46.122 96.127 119.624
1 177 13 0.0380 0.1893 0 0 45.131 99.109 117.406
1 178 13 0.0326 0.3401 0 0 43.301 100.864 120.297
1 179 13 0.0271 0.1203 0 0 46.476 100.600 122.435
1 180 13 0.0217 0.5552 0 0 49.009 101.506 119.688
1 181 17 0.0163 0.8269 0 0 47.047 104.514 118.318
1 182 13 0.0108 0.1526 0 0 47.905 107.090 121.047
1 183 18 0.0054 -0.534 0 0 50.773 109.656 120.931
1 184 13 0.0 0.3903 0 0 53.441 111.140 123.238
0 185 21 0 0 0 0 53.441 111.140 123.238
