1 1 9 0.0988 0.0000 0 0 24.036 -16.742 63.956
1 2 18 0.2674 0.2723 0 0 26.148 -15.938 60.900
1 3 7 0.4476 -0.127 0 0 24.608 -16.256 57.433
1 4 20 0.7209 -0.089 0 0 26.707 -17.242 54.382
1 5 13 0.8313 -0.849 0 0 25.686 -16.847 50.733
1 6 12 0.9418 0.0893 0 0 27.186 -19.776 48.761
1 7 22 0.9534 -0.532 0 0 26.991 -20.023 44.987
1 8 22 0.9593 -0.241 0 0 27.598 -23.227 43.011
1 9 22 0.9302 0.2885 0 0 28.971 -22.646 39.499
1 10 9 0.8662 0.0000 0 0 30.249 -24.861 36.712
1 11 0 0.5988 -0.564 0 0 29.388 -26.262 33.283
1 12 9 0.4069 0.0000 0 0 26.066 -27.900 32.579
1 13 9 0.3255 0.0000 0 0 25.931 -31.513 33.746
1 14 22 0.5872 0.7259 0 0 28.856 -31.448 36.209
1 15 9 0.6395 0.0000 0 0 26.481 -32.117 39.132
1 16 13 0.8023 0.1329 0 0 25.768 -28.720 40.689
1 17 17 0.6220 -0.598 0 0 22.143 -29.678 41.438
1 18 0 0.5232 -0.373 0 0 23.056 -33.117 42.814
1 19 12 0.7441 0.6034 0 0 25.693 -31.575 45.123
1 20 18 0.7558 0.2431 0 0 23.200 -28.998 46.381
1 21 11 0.4767 -0.600 0 0 20.473 -31.599 46.979
1 22 6 0.4709 -0.472 0 0 22.952 -33.783 48.844
1 23 12 0.6337 0.7179 0 0 23.921 -31.015 51.138
1 24 11 0.4418 0.2528 0 0 20.382 -29.894 51.705
1 25 6 0.2209 -0.521 0 0 18.279 -33.065 51.820
1 26 2 0.2151 -0.015 0 0 20.961 -35.663 52.431
1 27 10 0.1104 -0.315 0 0 20.193 -37.952 49.487
1 28 15 0.1569 0.1287 0 0 21.152 -38.509 45.852
0 29 22 0 0 0 0 21.152 -38.509 45.852
0 30 3 0 0 0 0 21.152 -38.509 45.852
0 31 7 0 0 0 0 21.152 -38.509 45.852
0 32 20 0 0 0 0 21.152 -38.509 45.852
0 33 3 0 0 0 0 21.152 -38.509 45.852
0 34 16 0 0 0 0 21.152 -38.509 45.852
0 35 18 0 0 0 0 21.152 -38.509 45.852
0 36 11 0 0 0 0 21.152 -38.509 45.852
0 37 7 0 0 0 0 21.152 -38.509 45.852
1 38 3 0.3372 -0.216 0 0 16.272 -21.876 43.288
1 39 17 0.5523 -0.127 0 0 18.287 -20.698 46.298
1 40 20 0.4651 -0.577 0 0 17.693 -22.420 49.630
1 41 1 0.3837 -0.097 0 0 18.287 -21.399 53.268
1 42 13 0.3604 0.0760 0 0 19.578 -24.193 55.544
1 43 6 0.2616 -0.864 0 0 20.739 -24.076 59.173
1 44 22 0.3081 0.8556 0 0 23.994 -25.994 59.720
1 45 22 0.25 -0.975 0 0 26.469 -26.482 62.572
1 46 11 0.3720 0.9886 0 0 30.048 -25.908 61.361
1 47 3 0.2383 0.6885 0 0 32.919 -25.954 63.865
1 48 9 0.0930 0.0000 0 0 30.343 -25.792 66.662
1 49 7 0.1279 0.1273 0 0 28.918 -22.537 65.282
1 50 18 0.1627 -0.756 0 0 25.338 -22.486 63.977
1 51 5 0.3430 0.5895 0 0 25.392 -21.124 60.408
1 52 12 0.4011 -0.486 0 0 22.607 -20.189 58.026
1 53 12 0.6860 0.4295 0 0 23.661 -21.281 54.530
1 54 3 0.6918 -0.358 0 0 21.922 -19.582 51.604
1 55 11 0.8430 0.1828 0 0 22.866 -21.906 48.730
1 56 12 0.8139 -0.370 0 0 22.303 -21.094 45.077
1 57 3 0.7965 -0.533 0 0 22.537 -23.759 42.402
1 58 18 0.75 0.7170 0 0 23.157 -21.654 39.272
1 59 0 0.5697 -0.215 0 0 22.071 -24.371 36.797
1 60 9 0.2965 0.0000 0 0 18.930 -22.436 35.886
1 61 6 0.3779 0.2975 0 0 20.050 -18.808 36.132
1 62 7 0.4883 0.1583 0 0 23.481 -18.894 34.429
1 63 7 0.2267 -0.637 0 0 22.203 -18.155 30.917
1 64 20 0.1337 -0.403 0 0 20.519 -14.850 31.944
1 65 17 0.1395 -0.715 0 0 22.926 -11.913 32.146
1 66 0 0.1162 -0.805 0 0 21.169 -9.906 34.841
1 67 14 0.2790 -0.357 0 0 20.744 -13.065 36.934
1 68 1 0.5058 -0.261 0 0 24.382 -14.135 36.591
1 69 3 0.3895 -0.724 0 0 25.618 -10.644 37.442
1 70 6 0.3953 -0.421 0 0 23.334 -10.536 40.483
1 71 20 0.6976 0.3442 0 0 24.438 -13.870 41.945
1 72 14 0.7674 0.0841 0 0 28.070 -13.021 41.325
1 73 1 0.5639 -0.915 0 0 27.539 -9.712 43.141
1 74 18 0.6453 -0.408 0 0 25.647 -11.193 46.091
1 75 9 0.8779 0.0000 0 0 27.499 -14.507 46.401
1 76 7 0.8895 -0.674 0 0 30.011 -14.457 49.231
1 77 9 0.9651 0.0000 0 0 31.774 -17.689 48.261
1 78 15 0.9883 -0.982 0 0 31.763 -19.861 45.166
1 79 12 0.9941 -0.063 0 0 32.012 -23.600 44.602
1 80 5 0.9709 -0.023 0 0 33.581 -23.925 41.146
1 81 22 0.9127 0.0682 0 0 32.592 -27.444 40.080
1 82 15 0.7616 -0.144 0 0 33.917 -29.557 37.234
1 83 0 0.5465 -0.507 0 0 33.421 -33.267 36.597
1 84 11 0.3139 -0.125 0 0 36.460 -35.532 36.673
1 85 2 0.1453 -0.026 0 0 35.356 -37.429 33.532
1 86 2 0.1976 0.1643 0 0 34.791 -34.268 31.471
1 87 18 0.1802 -0.800 0 0 37.898 -32.375 30.373
1 88 13 0.1918 -0.115 0 0 36.003 -29.516 28.819
1 89 17 0.4593 0.2594 0 0 34.223 -28.805 32.128
1 90 15 0.5290 -0.088 0 0 37.642 -28.528 33.775
1 91 7 0.3197 -0.948 0 0 38.780 -26.113 31.054
1 92 3 0.5116 -0.404 0 0 35.652 -24.016 31.656
1 93 11 0.7325 0.6112 0 0 36.680 -23.404 35.272
1 94 10 0.6279 -0.970 0 0 38.857 -20.429 34.467
1 95 10 0.5581 -0.568 0 0 35.997 -18.743 32.626
1 96 20 0.7848 0.0693 0 0 33.851 -18.872 35.778
1 97 1 0.8197 0.1112 0 0 36.655 -17.666 38.018
1 98 7 0.5813 -0.796 0 0 37.450 -14.786 35.643
1 99 6 0.5930 -0.009 0 0 33.842 -13.769 35.461
1 100 11 0.7790 0.9961 0 0 33.340 -13.731 39.218
1 101 13 0.6627 0.1182 0 0 36.493 -11.741 39.737
1 102 1 0.3662 -0.345 0 0 35.567 -9.140 37.165
1 103 22 0.4244 0.4385 0 0 32.036 -8.763 38.549
1 104 13 0.5348 0.8224 0 0 33.414 -8.474 42.047
1 105 3 0.2848 -0.983 0 0 36.433 -6.376 40.954
1 106 17 0.4186 0.4701 0 0 38.534 -8.320 43.434
1 107 7 0.4941 -0.623 0 0 41.313 -10.884 43.173
1 108 3 0.6569 -0.162 0 0 40.510 -12.369 46.590
1 109 22 0.8604 0.2286 0 0 37.085 -14.029 46.256
1 110 16 0.9186 -0.517 0 0 36.453 -16.994 48.606
1 111 14 0.9767 -0.146 0 0 36.350 -20.023 46.338
1 112 22 0.9825 -0.040 0 0 36.768 -23.821 46.440
1 113 12 0.9360 -0.859 0 0 37.621 -25.963 43.402
1 114 22 0.9069 0.5246 0 0 35.407 -29.075 43.310
1 115 9 0.7383 0.0000 0 0 36.091 -32.141 41.185
1 116 2 0.6802 0.0887 0 0 32.804 -34.028 41.242
1 117 13 0.3488 -0.007 0 0 31.822 -37.586 40.179
1 118 5 0.2732 -0.099 0 0 34.962 -39.085 41.693
1 119 3 0.1046 0.2254 0 0 33.040 -42.353 41.997
1 120 12 0.0755 0.3066 0 0 33.571 -42.867 38.211
1 121 16 0.0523 -0.539 0 0 36.600 -44.922 37.010
1 122 17 0.0465 0.0768 0 0 36.686 -43.251 33.555
1 123 1 0.0697 0.6150 0 0 38.661 -40.290 34.906
1 124 18 0.0813 -0.030 0 0 39.984 -37.801 32.332
1 125 22 0.1860 0.8670 0 0 41.133 -34.996 34.669
1 126 3 0.1220 -0.936 0 0 44.023 -36.008 36.930
1 127 18 0.2558 -0.029 0 0 43.842 -35.032 40.580
1 128 13 0.1686 -0.831 0 0 47.333 -33.538 40.252
1 129 6 0.2325 -0.206 0 0 46.328 -31.182 37.459
1 130 0 0.5 0.4170 0 0 43.253 -30.074 39.451
1 131 6 0.4360 -0.406 0 0 45.511 -29.578 42.469
1 132 3 0.2906 -0.949 0 0 47.865 -27.508 40.324
1 133 12 0.5174 0.5161 0 0 45.029 -25.281 39.172
1 134 0 0.7093 0.4050 0 0 43.853 -24.690 42.741
1 135 1 0.4534 -0.793 0 0 47.414 -24.016 43.943
1 136 17 0.3546 0.1171 0 0 47.837 -21.422 41.206
1 137 20 0.6511 0.4198 0 0 44.653 -19.773 42.490
1 138 9 0.6046 0.0000 0 0 45.575 -20.246 46.154
1 139 11 0.8255 0.6873 0 0 42.274 -21.994 46.942
1 140 16 0.8546 0.4329 0 0 41.401 -25.438 48.329
1 141 15 0.8081 -0.457 0 0 40.641 -28.354 46.026
1 142 11 0.7906 0.4073 0 0 38.159 -31.052 47.078
1 143 7 0.6744 -0.751 0 0 36.976 -34.185 45.248
1 144 18 0.6686 0.9320 0 0 33.340 -35.125 45.656
1 145 17 0.4302 -0.997 0 0 30.772 -37.670 44.614
1 146 0 0.4825 0.3903 0 0 27.194 -36.443 44.796
1 147 13 0.2034 -0.801 0 0 26.330 -40.083 44.077
1 148 18 0.1511 -0.143 0 0 27.931 -41.460 47.256
1 149 1 0.3023 0.1657 0 0 28.042 -38.133 49.235
1 150 6 0.3313 -0.315 0 0 31.854 -38.330 49.516
1 151 9 0.6162 0.0000 0 0 33.369 -34.903 50.207
1 152 22 0.7151 -0.323 0 0 30.034 -33.066 49.918
1 153 3 0.7034 -0.861 0 0 29.970 -31.543 53.413
1 154 3 0.7267 -0.249 0 0 33.734 -31.012 53.290
1 155 0 0.9011 0.2788 0 0 33.346 -28.897 50.131
1 156 15 0.9244 0.1630 0 0 30.604 -26.601 51.464
1 157 20 0.8372 -0.720 0 0 32.064 -26.321 54.973
1 158 18 0.8837 -0.064 0 0 35.514 -25.585 53.577
1 159 12 0.9476 0.9171 0 0 33.989 -22.755 51.543
1 160 22 0.8953 -0.536 0 0 32.274 -21.376 54.636
1 161 1 0.7732 -0.272 0 0 35.643 -21.408 56.391
1 162 7 0.8720 0.2519 0 0 37.124 -19.521 53.427
1 163 11 0.8488 0.5350 0 0 34.449 -16.836 53.734
1 164 1 0.6104 -0.690 0 0 34.998 -16.570 57.484
1 165 13 0.5406 0.1745 0 0 38.750 -16.064 56.952
1 166 10 0.5755 0.3016 0 0 38.118 -13.373 54.338
1 167 13 0.4127 0.3338 0 0 35.533 -11.582 56.516
1 168 7 0.2441 0.0659 0 0 37.883 -11.634 59.503
1 169 13 0.2093 0.3354 0 0 40.568 -10.093 57.283
1 170 14 0.1744 0.6652 0 0 38.325 -7.267 56.055
1 171 17 0.0872 0.0900 0 0 37.046 -6.310 59.513
1 172 13 0.0639 0.0198 0 0 40.677 -5.882 60.628
1 173 3 0.0581 0.4803 0 0 41.880 -3.954 57.552
0 174 9 0 0 0 0 41.880 -3.954 57.552
0 175 13 0 0 0 0 41.880 -3.954 57.552
0 176 13 0 0 0 0 41.880 -3.954 57.552
1 177 13 0.0406 -0.238 0 0 44.077 3.001 63.793
1 178 13 0.0348 0.0331 0 0 43.117 5.610 61.200
1 179 13 0.0290 0.4608 0 0 46.206 7.788 61.072
1 180 13 0.0232 0.1169 0 0 46.634 11.442 62.114
1 181 17 0.0174 -0.424 0 0 49.367 14.055 61.632
1 182 13 0.0116 0.2946 0 0 52.020 15.357 64.010
1 183 18 0.0 0.3186 0 0 52.863 18.229 61.656
1 184 13 0.0058 -0.234 0 0 49.552 19.373 60.090
0 185 21 0 0 0 0 49.552 19.373 60.090
