0 1 9 0 0 0 0 0 0 0
1 2 18 0.2339 0.3494 0 0 25.216 -22.653 77.772
1 3 7 0.3742 -0.166 0 0 26.369 -21.717 81.284
1 4 20 0.7076 -0.206 0 0 24.419 -22.905 84.339
1 5 13 0.8187 -0.692 0 0 25.512 -22.006 87.864
1 6 12 0.9356 0.0139 0 0 24.072 -24.594 90.260
1 7 22 0.9590 -0.486 0 0 24.283 -24.277 94.031
1 8 22 0.9766 -0.213 0 0 23.739 -27.115 96.498
1 9 22 0.9473 0.3068 0 0 22.423 -25.945 99.898
1 10 9 0.8947 0.0000 0 0 21.090 -27.686 103.010
1 11 0 0.6608 -0.556 0 0 21.962 -28.620 106.610
1 12 9 0.4678 0.0000 0 0 25.315 -30.174 107.470
1 13 9 0.4093 0.0000 0 0 25.566 -33.884 106.777
1 14 22 0.6491 0.7183 0 0 22.655 -34.134 104.319
1 15 9 0.6783 0.0000 0 0 25.019 -35.172 101.510
1 16 13 0.8771 0.1340 0 0 25.680 -31.987 99.539
1 17 17 0.6549 -0.592 0 0 29.289 -33.061 99.008
1 18 0 0.5497 -0.382 0 0 28.390 -36.692 98.248
1 19 12 0.7485 0.6443 0 0 25.757 -35.559 95.725
1 20 18 0.7426 0.2172 0 0 28.214 -33.163 94.067
1 21 11 0.4736 -0.521 0 0 31.033 -35.715 93.843
1 22 6 0.4561 -0.371 0 0 28.715 -38.513 92.717
1 23 12 0.5847 0.7363 0 0 27.474 -36.391 89.816
1 24 11 0.4035 0.3709 0 0 30.995 -35.388 88.758
1 25 6 0.2105 -0.287 0 0 33.300 -38.250 89.793
1 26 2 0.1988 -0.437 0 0 30.681 -41.018 89.308
1 27 10 0.1169 -0.207 0 0 31.519 -42.631 92.657
1 28 15 0.1520 0.2684 0 0 30.635 -42.572 96.351
1 29 22 0.0760 -0.007 0 0 33.403 -42.594 98.969
1 30 3 0.0584 -0.054 0 0 33.085 -43.828 102.572
0 31 7 0 0 0 0 33.085 -43.828 102.572
0 32 20 0 0 0 0 33.085 -43.828 102.572
0 33 3 0 0 0 0 33.085 -43.828 102.572
0 34 16 0 0 0 0 33.085 -43.828 102.572
0 35 18 0 0 0 0 33.085 -43.828 102.572
0 36 11 0 0 0 0 33.085 -43.828 102.572
0 37 7 0 0 0 0 33.085 -43.828 102.572
1 38 3 0.3859 0.1408 0 0 34.764 -25.355 95.981
1 39 17 0.5380 -0.177 0 0 33.025 -25.066 92.656
1 40 20 0.4619 -0.526 0 0 33.584 -27.445 89.822
1 41 1 0.3508 -0.095 0 0 32.957 -27.238 86.125
1 42 13 0.3333 0.1881 0 0 31.629 -30.255 84.394
1 43 6 0.2397 -0.871 0 0 30.507 -30.377 80.754
1 44 22 0.2690 0.8452 0 0 27.550 -32.522 79.901
1 45 22 0.1871 -0.812 0 0 24.748 -32.974 77.396
1 46 11 0.3099 0.9448 0 0 21.294 -32.195 78.801
1 47 3 0.1812 0.6136 0 0 18.353 -33.150 76.578
1 48 9 0.0701 0.0000 0 0 19.711 -32.061 73.217
1 49 7 0.0994 0.4899 0 0 22.401 -29.538 74.158
1 50 18 0.1111 -0.754 0 0 25.885 -29.255 75.630
1 51 5 0.2865 0.5799 0 0 26.092 -27.466 78.981
1 52 12 0.3216 -0.464 0 0 28.825 -26.139 81.246
1 53 12 0.6432 0.3769 0 0 27.687 -26.656 84.846
1 54 3 0.6725 -0.312 0 0 29.395 -24.470 87.464
1 55 11 0.8421 0.2868 0 0 28.391 -26.494 90.518
1 56 12 0.8596 -0.312 0 0 28.957 -25.194 94.033
1 57 3 0.8538 -0.498 0 0 28.782 -27.438 97.065
1 58 18 0.7777 0.7550 0 0 28.210 -24.972 99.902
1 59 0 0.6257 -0.207 0 0 29.263 -27.288 102.758
1 60 9 0.3567 0.0000 0 0 32.292 -25.157 103.569
1 61 6 0.4444 0.3026 0 0 31.277 -21.704 102.378
1 62 7 0.5321 0.4911 0 0 27.976 -21.568 104.294
1 63 7 0.2573 -0.387 0 0 29.688 -20.522 107.568
1 64 20 0.1754 -0.360 0 0 31.000 -17.288 106.017
1 65 17 0.1695 -0.784 0 0 28.542 -14.421 105.553
1 66 0 0.1461 -0.821 0 0 30.275 -12.970 102.507
1 67 14 0.2982 -0.355 0 0 30.666 -16.377 100.844
1 68 1 0.5263 -0.267 0 0 27.050 -17.298 101.657
1 69 3 0.3918 -0.780 0 0 25.683 -13.996 100.359
1 70 6 0.4327 -0.432 0 0 27.868 -14.409 97.275
1 71 20 0.7134 0.3789 0 0 26.711 -17.834 96.131
1 72 14 0.7660 0.1078 0 0 23.067 -17.033 96.816
1 73 1 0.5906 -0.724 0 0 23.199 -14.198 94.277
1 74 18 0.6315 -0.320 0 0 25.334 -15.944 91.648
1 75 9 0.8888 0.0000 0 0 23.460 -19.245 91.701
1 76 7 0.8830 -0.715 0 0 20.851 -19.542 88.968
1 77 9 0.9532 0.0000 0 0 19.382 -22.730 90.400
1 78 15 0.9883 -0.885 0 0 19.490 -24.183 93.895
1 79 12 0.9941 -0.257 0 0 19.306 -27.772 95.035
1 80 5 0.9824 -0.079 0 0 17.735 -27.595 98.516
1 81 22 0.9239 0.1040 0 0 18.825 -30.869 100.102
1 82 15 0.7836 -0.132 0 0 17.589 -32.611 103.213
1 83 0 0.5730 -0.551 0 0 18.139 -36.174 104.351
1 84 11 0.3684 -0.157 0 0 15.044 -38.370 104.622
1 85 2 0.1929 0.0012 0 0 16.300 -39.709 107.974
1 86 2 0.2514 0.1396 0 0 16.920 -36.294 109.603
1 87 18 0.2163 -0.952 0 0 13.747 -34.341 110.416
1 88 13 0.2456 -0.162 0 0 15.799 -31.336 111.536
1 89 17 0.5146 0.2462 0 0 17.339 -31.016 108.058
1 90 15 0.5555 -0.184 0 0 13.851 -31.117 106.519
1 91 7 0.3625 -0.975 0 0 12.735 -28.352 108.896
1 92 3 0.5438 -0.344 0 0 15.880 -26.398 107.945
1 93 11 0.7543 0.6000 0 0 14.736 -26.260 104.308
1 94 10 0.6374 -0.944 0 0 12.476 -23.237 104.614
1 95 10 0.5672 -0.837 0 0 15.300 -21.250 106.234
1 96 20 0.8304 0.1061 0 0 17.470 -21.902 103.203
1 97 1 0.8479 0.1034 0 0 14.551 -21.089 100.920
1 98 7 0.5789 -0.986 0 0 13.823 -17.802 102.689
1 99 6 0.6023 -0.049 0 0 17.483 -16.768 102.743
1 100 11 0.7719 0.9987 0 0 17.576 -17.321 98.979
1 101 13 0.6198 -0.872 0 0 14.271 -15.504 98.379
1 102 1 0.3450 -0.651 0 0 15.384 -12.531 100.448
1 103 22 0.3976 0.5869 0 0 18.750 -11.942 98.757
1 104 13 0.4853 0.8340 0 0 17.185 -12.420 95.309
1 105 3 0.2748 -0.991 0 0 13.856 -10.640 96.008
1 106 17 0.3801 0.4911 0 0 11.840 -13.065 93.893
1 107 7 0.4502 -0.615 0 0 9.184 -15.665 94.621
1 108 3 0.5964 -0.125 0 0 10.344 -17.562 91.502
1 109 22 0.8362 0.2779 0 0 13.928 -18.721 91.955
1 110 16 0.9064 -0.511 0 0 14.700 -21.977 90.081
1 111 14 0.9649 -0.070 0 0 14.844 -24.617 92.813
1 112 22 0.9707 -0.112 0 0 14.529 -28.351 93.254
1 113 12 0.9415 -0.796 0 0 13.698 -29.853 96.639
1 114 22 0.9181 0.5532 0 0 15.916 -32.874 97.218
1 115 9 0.7368 0.0000 0 0 15.328 -35.628 99.730
1 116 2 0.7192 0.1276 0 0 18.696 -37.384 99.825
1 117 13 0.4210 0.0395 0 0 19.723 -40.767 101.259
1 118 5 0.2923 0.6141 0 0 16.770 -42.666 99.767
1 119 3 0.1286 0.1648 0 0 18.845 -45.880 99.716
1 120 12 0.0818 0.3799 0 0 18.128 -46.245 103.427
1 121 16 0.0467 -0.544 0 0 15.061 -48.390 104.222
1 122 17 0.0526 -0.811 0 0 14.111 -46.361 107.298
1 123 1 0.0935 0.4924 0 0 13.081 -42.713 107.214
1 124 18 0.0877 -0.009 0 0 11.636 -40.005 109.437
1 125 22 0.2046 0.9345 0 0 10.251 -37.593 106.798
1 126 3 0.1228 -0.825 0 0 7.035 -38.617 105.045
1 127 18 0.2631 -0.348 0 0 7.259 -38.245 101.277
1 128 13 0.1403 -0.771 0 0 3.781 -36.667 101.358
1 129 6 0.2222 -0.241 0 0 5.170 -34.015 103.727
1 130 0 0.4795 0.4052 0 0 8.083 -33.356 101.379
1 131 6 0.4269 -0.489 0 0 5.811 -33.379 98.323
1 132 3 0.2807 -0.939 0 0 3.458 -30.867 99.946
1 133 12 0.4912 0.5647 0 0 6.306 -28.510 100.872
1 134 0 0.6842 0.3552 0 0 7.434 -28.549 97.236
1 135 1 0.4152 -0.793 0 0 3.896 -28.024 95.947
1 136 17 0.3274 0.1559 0 0 3.530 -24.995 98.217
1 137 20 0.6140 0.4560 0 0 6.758 -23.716 96.642
1 138 9 0.5614 0.0000 0 0 5.746 -24.749 93.132
1 139 11 0.8011 0.7235 0 0 9.051 -26.574 92.589
1 140 16 0.8245 0.3865 0 0 9.915 -30.196 91.771
1 141 15 0.8128 -0.409 0 0 10.682 -32.703 94.515
1 142 11 0.7894 0.3528 0 0 13.168 -35.463 93.664
1 143 7 0.6666 -0.829 0 0 14.331 -38.353 95.829
1 144 18 0.6959 0.9593 0 0 18.075 -38.901 95.440
1 145 17 0.4970 -0.996 0 0 20.791 -41.168 96.766
1 146 0 0.5087 0.3761 0 0 24.448 -40.206 96.460
1 147 13 0.2280 -0.857 0 0 25.423 -43.794 97.292
1 148 18 0.1637 -0.185 0 0 23.333 -45.598 94.702
1 149 1 0.3040 0.1310 0 0 23.275 -42.910 91.958
1 150 6 0.3391 -0.511 0 0 19.461 -42.919 91.886
1 151 9 0.6081 0.0000 0 0 17.900 -39.559 90.991
1 152 22 0.7309 -0.274 0 0 21.201 -37.661 91.105
1 153 3 0.6900 -0.847 0 0 21.367 -36.658 87.444
1 154 3 0.7251 -0.304 0 0 17.599 -36.111 87.382
1 155 0 0.9005 0.3330 0 0 17.927 -33.730 90.342
1 156 15 0.9122 0.2566 0 0 20.623 -31.687 88.631
1 157 20 0.7953 -0.573 0 0 19.172 -31.664 85.111
1 158 18 0.8654 -0.005 0 0 15.646 -30.910 86.327
1 159 12 0.9298 0.8989 0 0 17.211 -27.862 87.990
1 160 22 0.8713 -0.493 0 0 18.934 -26.994 84.705
1 161 1 0.7017 -0.180 0 0 15.563 -27.280 82.976
1 162 7 0.8070 0.2577 0 0 13.999 -25.071 85.672
1 163 11 0.7602 0.6001 0 0 16.599 -22.386 84.910
1 164 1 0.5204 -0.271 0 0 15.948 -22.551 81.158
1 165 13 0.4385 0.2558 0 0 12.198 -22.125 81.582
1 166 10 0.5029 0.3325 0 0 12.934 -19.206 83.856
1 167 13 0.3157 0.2585 0 0 15.318 -17.700 81.369
1 168 7 0.1578 0.1198 0 0 12.635 -17.809 78.671
1 169 13 0.1345 0.0602 0 0 10.183 -15.962 80.892
1 170 14 0.1052 0.6034 0 0 12.539 -13.051 81.270
1 171 17 0.0643 0.2524 0 0 12.885 -13.036 77.480
0 172 13 0 0 0 0 12.885 -13.036 77.480
0 173 3 0 0 0 0 12.885 -13.036 77.480
0 174 9 0 0 0 0 12.885 -13.036 77.480
0 175 13 0 0 0 0 12.885 -13.036 77.480
0 176 13 0 0 0 0 12.885 -13.036 77.480
1 177 13 0.0409 -0.863 0 0 9.600 0.674 78.645
1 178 13 0.0350 -0.412 0 0 10.469 3.797 80.647
1 179 13 0.0292 0.5205 0 0 7.704 5.801 82.346
1 180 13 0.0233 0.0568 0 0 6.819 9.225 80.973
1 181 17 0.0175 -0.353 0 0 4.152 11.766 81.698
1 182 13 0.0116 0.3274 0 0 1.562 13.562 79.651
1 183 18 0.0 0.3143 0 0 0.632 15.983 82.440
1 184 13 0.0058 -0.336 0 0 3.901 16.686 84.364
0 185 21 0 0 0 0 3.901 16.686 84.364
