0 1 14 0 0 0 0 0 0 0
0 2 9 0 0 0 0 0 0 0
0 3 17 0 0 0 0 0 0 0
0 4 17 0 0 0 0 0 0 0
0 5 10 0 0 0 0 0 0 0
0 6 10 0 0 0 0 0 0 0
0 7 10 0 0 0 0 0 0 0
0 8 10 0 0 0 0 0 0 0
0 9 10 0 0 0 0 0 0 0
0 10 10 0 0 0 0 0 0 0
0 11 17 0 0 0 0 0 0 0
0 12 17 0 0 0 0 0 0 0
0 13 9 0 0 0 0 0 0 0
0 14 12 0 0 0 0 0 0 0
0 15 22 0 0 0 0 0 0 0
0 16 16 0 0 0 0 0 0 0
0 17 1 0 0 0 0 0 0 0
0 18 9 0 0 0 0 0 0 0
0 19 17 0 0 0 0 0 0 0
0 20 10 0 0 0 0 0 0 0
1 21 14 0.0 0.3342 0 0 39.784 -50.303 20.851
1 22 18 0.0714 0.1722 0 0 43.051 -52.012 19.871
1 23 7 0.3154 -0.471 0 0 46.020 -51.798 22.309
1 24 20 0.5892 -0.254 0 0 49.699 -52.446 21.471
1 25 13 0.7142 -0.555 0 0 52.080 -53.274 24.373
1 26 12 0.9166 0.1461 0 0 55.670 -52.205 23.561
1 27 22 0.9583 -0.718 0 0 58.895 -52.457 25.508
1 28 22 0.9880 0.3768 0 0 62.007 -50.242 25.023
1 29 22 0.9642 -0.223 0 0 65.368 -51.809 25.782
1 30 9 0.9107 0.0000 0 0 69.033 -51.128 25.239
1 31 0 0.7380 -0.551 0 0 72.209 -49.953 26.993
1 32 22 0.6190 -0.932 0 0 72.213 -47.063 29.398
1 33 9 0.5773 0.0000 0 0 72.466 -43.644 27.836
1 34 22 0.8035 0.6215 0 0 71.235 -44.549 24.342
1 35 9 0.8511 0.0000 0 0 68.015 -42.453 24.647
1 36 13 0.9404 0.0628 0 0 65.322 -44.924 25.644
1 37 17 0.8333 -0.653 0 0 63.761 -42.465 28.034
1 38 0 0.7678 -0.349 0 0 64.224 -39.466 25.704
1 39 12 0.8988 0.6143 0 0 62.585 -41.409 22.827
1 40 18 0.8869 0.3356 0 0 59.637 -42.480 24.961
1 41 11 0.6726 -0.554 0 0 59.047 -39.009 26.350
1 42 6 0.6369 -0.398 0 0 59.213 -37.430 22.844
1 43 12 0.7440 0.6109 0 0 56.612 -39.979 21.780
1 44 11 0.5535 0.3253 0 0 54.321 -39.385 24.767
1 45 6 0.3571 -0.097 0 0 54.822 -35.731 25.713
1 46 2 0.3273 -0.147 0 0 56.323 -34.214 22.523
1 47 10 0.2380 -0.155 0 0 59.413 -32.628 24.044
1 48 15 0.375 0.0908 0 0 63.088 -33.556 24.401
1 49 22 0.2916 0.2611 0 0 64.193 -34.124 28.001
1 50 3 0.1190 -0.874 0 0 67.717 -32.859 28.896
1 51 7 0.1369 -0.711 0 0 68.094 -35.303 31.710
1 52 20 0.3214 0.5987 0 0 66.009 -38.170 33.008
1 53 3 0.1845 -0.557 0 0 67.335 -40.333 35.822
1 54 16 0.4285 -0.688 0 0 68.980 -43.391 34.160
1 55 18 0.3035 -0.990 0 0 67.577 -45.697 36.846
1 56 11 0.3928 -0.505 0 0 63.895 -44.804 36.526
1 57 7 0.5297 0.2358 0 0 61.651 -47.338 34.889
1 58 3 0.5178 -0.803 0 0 58.062 -46.492 34.159
1 59 17 0.6130 -0.643 0 0 55.242 -47.189 31.808
1 60 20 0.6011 0.1311 0 0 53.460 -44.747 29.589
1 61 1 0.4702 -0.372 0 0 50.229 -44.788 27.701
1 62 13 0.4166 0.2545 0 0 48.779 -42.729 24.858
1 63 6 0.1726 -0.935 0 0 45.920 -42.876 22.384
1 64 22 0.2738 0.9977 0 0 47.252 -42.342 18.864
1 65 22 0.1309 -0.969 0 0 46.157 -42.849 15.251
1 66 11 0.2976 0.9318 0 0 48.475 -45.144 13.299
1 67 3 0.1011 0.6720 0 0 47.591 -45.519 9.627
1 68 9 0.0059 0.0000 0 0 44.023 -44.380 10.370
1 69 7 0.0416 0.4809 0 0 43.632 -46.866 13.211
1 70 18 0.0476 -0.707 0 0 42.848 -45.271 16.562
1 71 5 0.1607 0.7552 0 0 44.661 -47.300 19.190
1 72 12 0.3333 -0.864 0 0 46.243 -47.309 22.595
1 73 12 0.625 0.5010 0 0 50.010 -47.670 23.077
1 74 3 0.6547 -0.549 0 0 51.213 -49.073 26.374
1 75 11 0.8571 0.5410 0 0 55.003 -48.712 26.674
1 76 12 0.8630 -0.488 0 0 57.616 -49.766 29.180
1 77 3 0.8809 -0.161 0 0 60.738 -47.617 29.344
1 78 18 0.8452 0.4808 0 0 63.171 -50.039 30.887
1 79 0 0.6607 -0.617 0 0 66.082 -49.145 33.147
1 80 9 0.5119 0.0000 0 0 67.877 -52.440 33.901
1 81 6 0.2321 -0.074 0 0 67.564 -52.271 37.705
1 82 7 0.0595 -0.510 0 0 67.711 -55.246 40.121
1 83 7 0.0297 -0.375 0 0 64.758 -54.656 42.441
1 84 20 0.0357 -0.249 0 0 61.744 -56.821 41.645
1 85 17 0.0952 0.8488 0 0 58.961 -55.143 39.704
1 86 0 0.0535 -0.782 0 0 55.930 -57.224 38.954
1 87 14 0.2261 0.4095 0 0 55.186 -54.622 36.302
1 88 1 0.4523 -0.069 0 0 58.482 -55.272 34.524
1 89 3 0.2857 -0.751 0 0 57.802 -59.015 34.588
1 90 6 0.2678 -0.925 0 0 54.244 -58.497 33.214
1 91 20 0.5714 0.2542 0 0 55.519 -56.362 30.325
1 92 14 0.5952 0.4569 0 0 58.191 -58.926 29.382
1 93 1 0.3690 -0.847 0 0 55.577 -61.712 29.528
1 94 18 0.4226 -0.516 0 0 52.727 -59.988 27.632
1 95 9 0.6904 0.0000 0 0 54.622 -57.303 25.722
1 96 7 0.6964 -0.512 0 0 54.023 -57.730 22.032
1 97 9 0.875 0.0000 0 0 56.959 -55.935 20.473
1 98 15 0.9702 -0.737 0 0 60.372 -54.531 21.441
1 99 12 0.9940 0.6849 0 0 62.425 -51.556 20.439
1 100 5 0.9821 -0.695 0 0 66.132 -52.414 20.697
1 101 22 0.9761 0.5092 0 0 67.958 -49.082 20.935
1 102 15 0.8690 -0.339 0 0 71.591 -48.149 20.412
1 103 0 0.7023 -0.400 0 0 73.162 -44.752 19.787
1 104 11 0.4821 -0.136 0 0 74.995 -44.116 16.497
1 105 2 0.2559 0.1273 0 0 77.861 -42.446 18.407
1 106 2 0.3511 0.3585 0 0 78.326 -45.281 20.852
1 107 18 0.2083 -0.901 0 0 79.892 -48.342 19.446
1 108 13 0.25 -0.229 0 0 79.623 -50.299 22.725
1 109 17 0.5595 0.4596 0 0 75.876 -49.750 22.760
1 110 15 0.5476 -0.251 0 0 75.691 -51.280 19.277
1 111 7 0.3809 -0.847 0 0 77.833 -54.262 20.467
1 112 3 0.5059 -0.237 0 0 75.400 -54.757 23.369
1 113 11 0.7321 0.6463 0 0 72.269 -55.060 21.060
1 114 10 0.5238 -0.839 0 0 72.632 -58.766 20.601
1 115 10 0.4940 -0.052 0 0 72.414 -59.470 24.392
1 116 20 0.7738 0.3053 0 0 69.086 -57.678 24.528
1 117 1 0.7261 -0.170 0 0 67.660 -59.505 21.503
1 118 7 0.4583 -0.733 0 0 68.766 -62.847 23.055
1 119 6 0.5 0.2380 0 0 67.060 -61.991 26.379
1 120 11 0.6666 0.9830 0 0 63.888 -61.234 24.467
1 121 13 0.4345 -0.041 0 0 64.032 -64.492 22.540
1 122 1 0.1964 -0.074 0 0 64.310 -66.400 25.827
1 123 22 0.3452 0.6727 0 0 61.356 -64.652 27.449
1 124 13 0.3095 0.7788 0 0 59.198 -65.538 24.421
1 125 3 0.0892 -0.999 0 0 60.887 -68.823 23.645
1 126 17 0.1488 0.2511 0 0 60.672 -67.655 20.025
1 127 7 0.2142 -0.943 0 0 62.999 -66.481 17.250
1 128 3 0.3630 -0.416 0 0 60.003 -64.612 15.826
1 129 22 0.6071 0.3087 0 0 59.278 -61.671 18.188
1 130 16 0.7797 -0.524 0 0 58.201 -58.326 16.752
1 131 14 0.9047 -0.032 0 0 61.173 -56.022 17.040
1 132 22 0.9464 0.1037 0 0 62.759 -52.952 15.582
1 133 12 0.9285 -0.737 0 0 66.384 -51.923 15.677
1 134 22 0.9523 0.7532 0 0 66.700 -48.236 16.514
1 135 9 0.8392 0.0000 0 0 69.791 -46.195 15.929
1 136 2 0.8273 0.2992 0 0 69.267 -43.026 17.987
1 137 13 0.5654 0.1014 0 0 71.098 -39.649 18.213
1 138 5 0.4464 0.1747 0 0 71.260 -39.317 14.455
1 139 3 0.1785 0.3502 0 0 71.484 -35.521 14.922
1 140 12 0.1071 0.3602 0 0 75.065 -36.004 16.052
1 141 16 0.0119 -0.473 0 0 77.869 -35.786 13.508
1 142 17 0.0178 0.0799 0 0 80.343 -38.099 15.249
1 143 1 0.0773 0.5038 0 0 78.849 -41.328 13.985
1 144 18 0.0654 -0.026 0 0 80.868 -44.435 14.666
1 145 22 0.2023 0.8267 0 0 78.151 -46.957 13.798
1 146 3 0.125 -0.730 0 0 77.360 -46.554 10.105
1 147 18 0.2202 -0.084 0 0 73.996 -47.088 8.395
1 148 13 0.0833 -0.870 0 0 75.289 -50.080 6.526
1 149 6 0.1428 -0.284 0 0 76.496 -51.769 9.723
1 150 0 0.4642 0.5654 0 0 73.116 -51.365 11.346
1 151 6 0.3869 -0.352 0 0 71.177 -52.197 8.234
1 152 3 0.1547 -0.906 0 0 73.189 -55.380 7.941
1 153 12 0.4107 0.5826 0 0 72.617 -56.448 11.567
1 154 0 0.5357 0.4167 0 0 68.885 -55.860 11.173
1 155 1 0.2797 -0.847 0 0 68.839 -57.835 7.938
1 156 17 0.1666 0.2008 0 0 70.552 -60.682 9.867
1 157 20 0.4404 0.4961 0 0 67.796 -60.522 12.560
1 158 9 0.3988 0.0000 0 0 65.067 -60.087 9.925
1 159 11 0.6488 0.7070 0 0 63.709 -56.922 11.476
1 160 16 0.7083 0.2184 0 0 63.449 -53.251 10.463
1 161 15 0.7857 -0.190 0 0 66.099 -50.648 11.215
1 162 11 0.8154 0.4413 0 0 64.994 -47.056 11.915
1 163 7 0.7202 -0.886 0 0 67.280 -44.071 12.470
1 164 18 0.7916 0.9840 0 0 66.081 -41.577 15.100
1 165 17 0.6428 -0.976 0 0 66.828 -38.489 17.010
1 166 0 0.6785 0.4992 0 0 64.891 -37.802 20.194
1 167 13 0.4047 -0.775 0 0 66.476 -34.299 20.040
1 168 18 0.2619 -0.200 0 0 65.002 -33.223 16.690
1 169 1 0.4761 0.1496 0 0 62.136 -35.677 16.912
1 170 6 0.4880 -0.331 0 0 63.359 -37.281 13.742
1 171 9 0.6845 0.0000 0 0 62.044 -40.791 13.144
1 172 22 0.8214 -0.100 0 0 60.402 -41.014 16.562
1 173 3 0.75 -0.781 0 0 56.884 -41.873 15.489
1 174 3 0.7619 -0.422 0 0 58.270 -44.002 12.667
1 175 0 0.9226 0.6021 0 0 60.205 -46.185 15.136
1 176 15 0.9345 0.5328 0 0 57.182 -46.876 17.458
1 177 20 0.7976 -0.503 0 0 54.681 -47.093 14.587
1 178 18 0.8095 0.0449 0 0 56.862 -49.429 12.633
1 179 12 0.8928 0.7799 0 0 56.966 -51.724 15.665
1 180 22 0.7559 -0.323 0 0 53.160 -51.648 15.753
1 181 1 0.5416 -0.051 0 0 53.101 -52.608 12.071
1 182 7 0.6309 0.2405 0 0 55.423 -55.541 12.929
1 183 11 0.5833 0.5836 0 0 52.991 -56.570 15.644
1 184 1 0.3392 0.0983 0 0 50.065 -56.418 13.212
1 185 13 0.1904 0.3385 0 0 51.933 -58.873 10.885
1 186 10 0.2440 0.3405 0 0 52.645 -61.347 13.709
1 187 13 0.1130 0.3375 0 0 48.981 -61.261 14.707
1 188 7 0.0238 0.1159 0 0 48.101 -62.539 11.238
0 189 13 0 0 0 0 48.101 -62.539 11.238
