0 1 14 0 0 0 0 0 0 0
0 2 9 0 0 0 0 0 0 0
0 3 17 0 0 0 0 0 0 0
0 4 17 0 0 0 0 0 0 0
0 5 10 0 0 0 0 0 0 0
0 6 10 0 0 0 0 0 0 0
0 7 10 0 0 0 0 0 0 0
0 8 10 0 0 0 0 0 0 0
0 9 10 0 0 0 0 0 0 0
0 10 10 0 0 0 0 0 0 0
0 11 17 0 0 0 0 0 0 0
0 12 17 0 0 0 0 0 0 0
0 13 9 0 0 0 0 0 0 0
0 14 12 0 0 0 0 0 0 0
0 15 22 0 0 0 0 0 0 0
0 16 16 0 0 0 0 0 0 0
0 17 1 0 0 0 0 0 0 0
0 18 9 0 0 0 0 0 0 0
0 19 17 0 0 0 0 0 0 0
0 20 10 0 0 0 0 0 0 0
1 21 14 0.0 0.2510 0 0 26.173 -64.729 1.262
1 22 18 0.0451 0.1846 0 0 29.548 -63.221 0.765
1 23 7 0.2129 -0.544 0 0 30.152 -60.314 3.059
1 24 20 0.5032 -0.147 0 0 32.205 -57.273 1.933
1 25 13 0.6451 -0.856 0 0 33.893 -55.158 4.608
1 26 12 0.8838 0.2429 0 0 33.887 -51.635 3.187
1 27 22 0.9161 -0.743 0 0 35.450 -48.581 4.871
1 28 22 0.9806 0.4179 0 0 34.609 -44.938 4.149
1 29 22 0.9290 -0.213 0 0 37.394 -42.448 4.865
1 30 9 0.8903 0.0000 0 0 38.075 -38.840 4.116
1 31 0 0.6709 -0.519 0 0 38.150 -35.432 5.821
1 32 22 0.5483 -0.979 0 0 35.515 -34.364 8.325
1 33 9 0.5354 0.0000 0 0 32.576 -32.777 6.626
1 34 22 0.7612 0.5888 0 0 32.895 -34.426 3.180
1 35 9 0.8193 0.0000 0 0 29.700 -36.486 3.465
1 36 13 0.9225 -0.018 0 0 30.884 -39.932 4.651
1 37 17 0.7806 -0.724 0 0 27.979 -40.351 7.018
1 38 0 0.7161 -0.269 0 0 25.382 -38.954 4.603
1 39 12 0.9096 0.7312 0 0 26.692 -41.291 1.872
1 40 18 0.8709 0.1077 0 0 26.474 -44.252 4.179
1 41 11 0.6387 -0.562 0 0 22.942 -43.416 5.294
1 42 6 0.6516 -0.327 0 0 21.889 -42.916 1.740
1 43 12 0.7290 0.5521 0 0 23.188 -46.304 0.754
1 44 11 0.5161 0.2000 0 0 21.551 -48.036 3.704
1 45 6 0.3161 -0.125 0 0 18.304 -46.148 4.376
1 46 2 0.3354 -0.074 0 0 17.751 -44.345 1.045
1 47 10 0.2193 -0.262 0 0 17.280 -40.821 2.381
1 48 15 0.3612 0.1580 0 0 19.491 -37.764 2.950
1 49 22 0.2645 0.0486 0 0 20.416 -36.982 6.547
1 50 3 0.1290 -0.835 0 0 21.320 -33.212 6.971
1 51 7 0.0838 -0.942 0 0 22.873 -33.431 10.305
1 52 20 0.1935 0.5300 0 0 24.573 -36.493 11.798
1 53 3 0.1032 -0.586 0 0 27.105 -36.237 14.658
1 54 16 0.3032 -0.707 0 0 30.505 -35.591 13.030
1 55 18 0.1483 -0.984 0 0 32.147 -37.577 15.856
1 56 11 0.2387 -0.409 0 0 30.248 -40.934 15.638
1 57 7 0.4516 0.2748 0 0 32.117 -43.847 14.058
1 58 3 0.4387 -0.729 0 0 29.912 -46.917 13.488
1 59 17 0.4838 -0.234 0 0 29.364 -49.926 11.235
1 60 20 0.4774 0.1891 0 0 26.174 -50.451 9.261
1 61 1 0.4 -0.640 0 0 24.980 -53.517 7.342
1 62 13 0.3935 0.3037 0 0 22.859 -53.771 4.207
1 63 6 0.1677 -0.962 0 0 21.865 -56.661 1.966
1 64 22 0.2709 0.9990 0 0 22.077 -55.779 -1.735
1 65 22 0.1161 -0.961 0 0 22.181 -57.420 -5.166
1 66 11 0.2838 0.9383 0 0 25.212 -56.469 -7.310
1 67 3 0.0645 0.6159 0 0 25.435 -57.943 -10.831
1 68 9 0.0064 0.0000 0 0 23.142 -60.802 -9.766
1 69 7 0.0258 0.4512 0 0 25.105 -61.671 -6.622
1 70 18 0.0322 -0.730 0 0 23.226 -61.074 -3.440
1 71 5 0.1354 0.7678 0 0 25.617 -60.054 -0.648
1 72 12 0.2903 -0.809 0 0 25.968 -58.191 2.633
1 73 12 0.6064 0.5488 0 0 27.850 -54.872 2.840
1 74 3 0.5870 -0.618 0 0 29.381 -54.152 6.257
1 75 11 0.8 0.5629 0 0 30.181 -50.474 6.057
1 76 12 0.7677 -0.448 0 0 32.496 -48.724 8.533
1 77 3 0.8258 -0.117 0 0 31.655 -44.961 8.549
1 78 18 0.7419 0.4857 0 0 34.844 -43.440 10.061
1 79 0 0.5419 -0.453 0 0 35.086 -40.353 12.195
0 80 9 0 0 0 0 35.086 -40.353 12.195
0 81 6 0 0 0 0 35.086 -40.353 12.195
0 82 7 0 0 0 0 35.086 -40.353 12.195
0 83 7 0 0 0 0 35.086 -40.353 12.195
0 84 20 0 0 0 0 35.086 -40.353 12.195
0 85 17 0 0 0 0 35.086 -40.353 12.195
0 86 0 0 0 0 0 35.086 -40.353 12.195
0 87 14 0 0 0 0 35.086 -40.353 12.195
0 88 1 0 0 0 0 35.086 -40.353 12.195
0 89 3 0 0 0 0 35.086 -40.353 12.195
0 90 6 0 0 0 0 35.086 -40.353 12.195
0 91 20 0 0 0 0 35.086 -40.353 12.195
1 92 14 0.5290 0.4505 0 0 39.753 -50.400 9.622
1 93 1 0.3483 -0.884 0 0 42.620 -52.817 9.334
1 94 18 0.3419 -0.299 0 0 40.059 -55.558 8.505
1 95 9 0.6258 0.0000 0 0 38.707 -53.510 5.589
1 96 7 0.6193 -0.535 0 0 38.585 -55.222 2.157
1 97 9 0.8387 0.0000 0 0 37.822 -52.103 0.176
1 98 15 0.9548 -0.818 0 0 37.949 -48.365 0.834
1 99 12 0.9935 0.8046 0 0 35.992 -45.362 -0.389
1 100 5 0.9870 -0.752 0 0 38.264 -42.328 -0.317
1 101 22 0.9741 0.5355 0 0 35.884 -39.373 -0.169
1 102 15 0.8580 -0.241 0 0 36.458 -35.706 -0.848
1 103 0 0.7032 -0.469 0 0 33.940 -32.942 -1.500
1 104 11 0.4967 -0.099 0 0 34.021 -31.159 -4.854
1 105 2 0.2774 0.0980 0 0 33.715 -27.786 -3.086
1 106 2 0.3548 0.3179 0 0 36.542 -28.374 -0.620
1 107 18 0.1999 -0.902 0 0 40.008 -28.210 -2.164
1 108 13 0.2258 -0.321 0 0 41.690 -29.173 1.114
1 109 17 0.5677 0.5006 0 0 39.627 -32.378 1.270
1 110 15 0.5806 -0.178 0 0 40.856 -33.298 -2.158
1 111 7 0.3677 -0.842 0 0 44.467 -32.502 -1.183
1 112 3 0.4580 -0.262 0 0 44.050 -34.808 1.807
1 113 11 0.6903 0.7090 0 0 43.132 -37.839 -0.412
1 114 10 0.4645 -0.820 0 0 46.787 -38.959 -0.847
1 115 10 0.4451 -0.135 0 0 47.201 -39.058 2.947
1 116 20 0.6838 0.3043 0 0 44.204 -41.312 3.351
1 117 1 0.6645 -0.054 0 0 45.304 -43.585 0.514
1 118 7 0.3870 -0.629 0 0 48.817 -43.883 1.971
1 119 6 0.4193 0.1741 0 0 47.348 -44.686 5.406
1 120 11 0.6 0.9800 0 0 45.286 -47.516 3.822
1 121 13 0.3741 -0.038 0 0 48.287 -48.986 2.030
1 122 1 0.1225 -0.060 0 0 50.178 -49.014 5.370
1 123 22 0.2064 0.6747 0 0 47.366 -50.449 7.431
1 124 13 0.2322 0.6917 0 0 46.804 -53.261 4.973
1 125 3 0.0387 -0.988 0 0 50.511 -53.859 4.348
1 126 17 0.0709 0.3395 0 0 49.902 -53.588 0.585
1 127 7 0.1096 -0.489 0 0 50.421 -51.227 -2.362
1 128 3 0.2580 -0.336 0 0 47.389 -53.018 -3.988
1 129 22 0.5225 0.2580 0 0 44.157 -52.426 -1.994
1 130 16 0.7096 -0.601 0 0 40.653 -52.176 -3.477
1 131 14 0.8967 -0.275 0 0 39.743 -48.449 -3.488
1 132 22 0.9612 0.1860 0 0 37.391 -46.024 -5.177
1 133 12 0.9419 -0.753 0 0 37.858 -42.204 -5.373
1 134 22 0.9677 0.8208 0 0 34.569 -40.433 -4.521
1 135 9 0.8774 0.0000 0 0 33.911 -36.780 -5.217
1 136 2 0.8451 0.2378 0 0 30.843 -35.969 -3.160
1 137 13 0.6129 0.0164 0 0 28.420 -32.977 -3.072
1 138 5 0.4709 0.2420 0 0 28.151 -32.807 -6.881
1 139 3 0.2516 0.2954 0 0 24.787 -31.219 -6.490
1 140 12 0.0967 0.3123 0 0 26.415 -27.925 -5.479
1 141 16 0.0129 -0.416 0 0 27.194 -25.209 -8.077
1 142 17 0.0193 0.1904 0 0 30.273 -24.132 -6.074
1 143 1 0.0774 0.5621 0 0 32.768 -26.639 -7.543
1 144 18 0.0516 -0.073 0 0 36.464 -26.005 -7.033
1 145 22 0.2451 0.8099 0 0 37.734 -29.530 -7.837
1 146 3 0.1419 -0.663 0 0 36.934 -30.196 -11.413
1 147 18 0.3225 -0.040 0 0 36.028 -33.611 -12.825
1 148 13 0.0903 -0.890 0 0 39.192 -33.764 -14.921
1 149 6 0.1548 -0.121 0 0 41.478 -33.113 -11.895
1 150 0 0.4903 0.6293 0 0 39.835 -35.884 -9.939
1 151 6 0.4322 -0.414 0 0 39.816 -38.331 -12.871
1 152 3 0.1806 -0.866 0 0 43.507 -37.673 -13.381
1 153 12 0.4064 0.5077 0 0 44.292 -38.486 -9.770
1 154 0 0.5935 0.5366 0 0 42.243 -41.660 -9.923
1 155 1 0.3096 -0.308 0 0 44.139 -42.642 -13.088
1 156 17 0.1612 -0.227 0 0 47.437 -42.002 -11.213
1 157 20 0.4258 0.4663 0 0 46.306 -44.500 -8.547
1 158 9 0.3806 0.0000 0 0 44.747 -46.884 -11.116
1 159 11 0.6580 0.6741 0 0 41.397 -46.723 -9.286
1 160 16 0.7354 0.1910 0 0 37.854 -45.769 -10.351
1 161 15 0.8064 -0.196 0 0 36.437 -42.215 -9.802
1 162 11 0.8645 0.3393 0 0 32.689 -41.782 -9.030
1 163 7 0.7741 -0.761 0 0 30.928 -38.400 -8.667
1 164 18 0.8322 0.9730 0 0 28.291 -38.556 -5.946
1 165 17 0.6774 -0.988 0 0 25.700 -36.499 -4.133
1 166 0 0.6967 0.3825 0 0 24.341 -37.838 -0.818
1 167 13 0.4129 -0.814 0 0 21.670 -35.145 -1.223
1 168 18 0.3290 -0.100 0 0 20.228 -36.261 -4.590
1 169 1 0.5096 0.1058 0 0 21.453 -39.875 -4.427
1 170 6 0.5548 -0.091 0 0 23.463 -39.358 -7.619
1 171 9 0.7483 0.0000 0 0 26.224 -42.005 -7.799
1 172 22 0.8516 -0.190 0 0 25.714 -43.446 -4.331
1 173 3 0.7548 -0.850 0 0 24.896 -47.050 -5.266
1 174 3 0.7935 -0.344 0 0 27.542 -46.864 -8.105
1 175 0 0.9483 0.7066 0 0 30.274 -45.841 -5.669
1 176 15 0.9354 0.4901 0 0 29.641 -48.696 -3.239
1 177 20 0.7870 -0.500 0 0 28.910 -51.256 -5.978
1 178 18 0.8129 0.0798 0 0 32.031 -50.217 -7.905
1 179 12 0.9032 0.6699 0 0 34.069 -50.809 -4.819
1 180 22 0.7225 -0.371 0 0 32.592 -54.351 -4.431
1 181 1 0.5741 -0.020 0 0 33.578 -54.923 -8.084
1 182 7 0.6322 0.2809 0 0 37.110 -53.832 -7.289
1 183 11 0.5612 0.5069 0 0 37.176 -56.303 -4.358
1 184 1 0.2967 0.1007 0 0 36.006 -59.137 -6.607
1 185 13 0.1741 0.2924 0 0 38.730 -58.359 -9.169
1 186 10 0.1870 0.2329 0 0 41.284 -58.431 -6.398
1 187 13 0.0580 0.3889 0 0 40.091 -61.753 -5.033
0 188 7 0 0 0 0 40.091 -61.753 -5.033
0 189 13 0 0 0 0 40.091 -61.753 -5.033
