0 1 14 0 0 0 0 0 0 0
0 2 9 0 0 0 0 0 0 0
0 3 17 0 0 0 0 0 0 0
0 4 17 0 0 0 0 0 0 0
0 5 10 0 0 0 0 0 0 0
0 6 10 0 0 0 0 0 0 0
0 7 10 0 0 0 0 0 0 0
0 8 10 0 0 0 0 0 0 0
0 9 10 0 0 0 0 0 0 0
0 10 10 0 0 0 0 0 0 0
0 11 17 0 0 0 0 0 0 0
0 12 17 0 0 0 0 0 0 0
0 13 9 0 0 0 0 0 0 0
0 14 12 0 0 0 0 0 0 0
0 15 22 0 0 0 0 0 0 0
0 16 16 0 0 0 0 0 0 0
0 17 1 0 0 0 0 0 0 0
0 18 9 0 0 0 0 0 0 0
0 19 17 0 0 0 0 0 0 0
0 20 10 0 0 0 0 0 0 0
1 21 14 0.0182 0.3114 0 0 -6.686 43.039 2.026
1 22 18 0.0792 0.1100 0 0 -10.088 44.559 1.345
1 23 7 0.3048 -0.402 0 0 -12.964 43.609 3.653
1 24 20 0.5731 -0.165 0 0 -16.444 42.965 2.283
1 25 13 0.7012 -0.502 0 0 -19.304 42.578 4.725
1 26 12 0.9085 0.1978 0 0 -21.911 40.141 3.419
1 27 22 0.9451 -0.715 0 0 -25.202 39.031 4.938
1 28 22 0.9878 0.3032 0 0 -27.020 35.797 3.947
1 29 22 0.9573 -0.165 0 0 -30.820 36.079 4.524
1 30 9 0.8963 0.0000 0 0 -33.947 34.119 3.671
1 31 0 0.7134 -0.542 0 0 -36.416 31.652 5.139
1 32 3 0.5914 -0.484 0 0 -35.259 28.915 7.479
1 33 9 0.5304 0.0000 0 0 -34.512 25.712 5.547
1 34 22 0.7743 0.6019 0 0 -33.418 27.198 2.201
1 35 9 0.8231 0.0000 0 0 -29.724 26.406 2.560
1 36 13 0.9207 0.0255 0 0 -28.166 29.651 3.872
1 37 17 0.8170 -0.671 0 0 -25.867 27.651 6.154
1 38 0 0.7256 -0.335 0 0 -25.114 24.882 3.654
1 39 12 0.8902 0.6733 0 0 -24.168 27.567 1.099
1 40 18 0.8780 0.2334 0 0 -21.958 29.445 3.594
1 41 11 0.6524 -0.507 0 0 -20.238 26.223 4.683
1 42 6 0.6280 -0.377 0 0 -19.587 25.222 1.058
1 43 12 0.7317 0.5961 0 0 -17.928 28.552 0.521
1 44 11 0.5243 0.2201 0 0 -15.824 28.311 3.673
1 45 6 0.3170 -0.271 0 0 -15.030 24.551 3.894
1 46 2 0.3231 -0.150 0 0 -15.854 23.021 0.522
1 47 10 0.1829 -0.227 0 0 -18.233 20.374 1.800
1 48 15 0.3414 0.0959 0 0 -21.934 19.871 2.017
1 49 22 0.2378 0.0593 0 0 -23.286 19.774 5.546
1 50 3 0.1341 -0.806 0 0 -26.610 17.955 5.742
1 51 7 0.0975 -0.997 0 0 -28.097 19.166 9.006
1 52 20 0.2804 0.4649 0 0 -26.392 22.259 10.349
1 53 3 0.1402 -0.534 0 0 -28.155 23.447 13.512
1 54 16 0.3536 -0.799 0 0 -30.946 25.703 12.114
1 55 18 0.1768 -0.998 0 0 -30.738 27.975 15.197
1 56 11 0.3353 -0.423 0 0 -27.035 28.892 14.850
1 57 7 0.4939 0.1990 0 0 -26.423 32.449 13.623
1 58 3 0.4817 -0.796 0 0 -22.776 33.394 13.246
1 59 17 0.5548 -0.545 0 0 -20.182 35.107 11.125
1 60 20 0.5365 0.1654 0 0 -17.406 33.532 9.109
1 61 1 0.4512 -0.284 0 0 -14.372 34.893 7.350
1 62 13 0.4329 0.2509 0 0 -12.856 33.854 4.074
1 63 6 0.2073 -0.985 0 0 -9.783 35.090 2.240
1 64 22 0.3109 0.9024 0 0 -10.308 34.916 -1.518
1 65 22 0.1036 -0.989 0 0 -8.821 36.551 -4.617
1 66 11 0.2439 0.9850 0 0 -11.533 38.081 -6.853
1 67 3 0.0609 0.6401 0 0 -10.440 39.925 -10.071
1 68 9 0.0060 0.0000 0 0 -6.890 40.352 -8.748
1 69 7 0.0304 0.5058 0 0 -8.052 41.814 -5.387
1 70 18 0.0365 -0.715 0 0 -7.389 39.933 -2.114
1 71 5 0.2743 0.5649 0 0 -10.719 40.021 -0.262
1 72 12 0.3475 -0.491 0 0 -11.492 39.190 3.343
1 73 12 0.6219 0.5339 0 0 -15.174 38.318 3.305
1 74 3 0.6341 -0.471 0 0 -17.038 38.878 6.592
1 75 11 0.8536 0.5081 0 0 -20.227 36.845 6.234
1 76 12 0.8414 -0.460 0 0 -23.203 36.675 8.591
1 77 3 0.8719 -0.149 0 0 -25.211 33.443 8.245
1 78 18 0.8048 0.5316 0 0 -28.550 34.559 9.695
1 79 0 0.6097 -0.544 0 0 -30.866 32.149 11.562
0 80 9 0 0 0 0 -30.866 32.149 11.562
0 81 6 0 0 0 0 -30.866 32.149 11.562
0 82 7 0 0 0 0 -30.866 32.149 11.562
0 83 7 0 0 0 0 -30.866 32.149 11.562
0 84 20 0 0 0 0 -30.866 32.149 11.562
1 85 17 0.1097 0.8082 0 0 -30.056 39.687 17.581
1 86 0 0.0426 -0.774 0 0 -27.645 42.449 18.521
1 87 14 0.2012 0.4119 0 0 -25.154 41.063 16.048
1 88 1 0.4634 0.4466 0 0 -27.752 40.661 13.286
1 89 3 0.2987 -0.811 0 0 -28.936 44.245 13.780
1 90 6 0.2256 -0.912 0 0 -25.399 45.528 13.339
1 91 20 0.5426 0.2168 0 0 -24.806 43.430 10.212
1 92 14 0.5975 0.4072 0 0 -28.069 44.702 8.726
1 93 1 0.3658 -0.817 0 0 -27.091 48.289 9.432
1 94 18 0.3902 -0.508 0 0 -23.476 48.051 8.245
1 95 9 0.6707 0.0000 0 0 -23.603 45.055 5.842
1 96 7 0.6829 -0.574 0 0 -22.483 46.009 2.314
1 97 9 0.8841 0.0000 0 0 -24.231 43.329 0.375
1 98 15 0.9695 -0.804 0 0 -26.988 40.751 0.752
1 99 12 0.9939 0.7865 0 0 -27.540 37.233 -0.554
1 100 5 0.9817 -0.664 0 0 -31.337 36.776 -0.544
1 101 22 0.9756 0.4259 0 0 -31.793 33.022 -0.725
1 102 15 0.8658 -0.288 0 0 -34.881 30.911 -1.492
1 103 0 0.6951 -0.412 0 0 -35.105 27.228 -2.452
1 104 11 0.5060 -0.040 0 0 -36.429 26.316 -5.877
1 105 2 0.2317 0.0682 0 0 -38.648 23.554 -4.311
1 106 2 0.3597 0.3598 0 0 -40.084 25.904 -1.601
1 107 18 0.1890 -0.907 0 0 -42.672 28.303 -3.095
1 108 13 0.2195 -0.191 0 0 -43.201 29.869 0.305
1 109 17 0.5487 0.4539 0 0 -39.494 30.759 0.612
1 110 15 0.5670 -0.240 0 0 -39.658 32.425 -2.808
1 111 7 0.3841 -0.859 0 0 -42.802 34.406 -1.920
1 112 3 0.5121 -0.229 0 0 -41.041 35.467 1.367
1 113 11 0.7195 0.7084 0 0 -38.211 37.168 -0.630
1 114 10 0.4756 -0.941 0 0 -40.457 40.238 -0.725
1 115 10 0.4573 -0.012 0 0 -40.250 40.506 3.082
1 116 20 0.7378 0.3193 0 0 -36.426 40.203 3.102
1 117 1 0.6890 -0.137 0 0 -36.035 42.736 0.326
1 118 7 0.4268 -0.753 0 0 -38.342 45.185 2.189
1 119 6 0.4695 0.4793 0 0 -36.330 44.695 5.408
1 120 11 0.6402 0.9756 0 0 -33.119 45.574 3.586
1 121 13 0.4146 -0.158 0 0 -34.617 48.590 1.775
1 122 1 0.1524 -0.338 0 0 -35.905 49.917 5.058
1 123 22 0.2560 0.5255 0 0 -32.614 49.546 7.022
1 124 13 0.2682 0.8118 0 0 -30.686 51.235 4.201
1 125 3 0.0548 -0.998 0 0 -33.400 53.785 3.172
1 126 17 0.1280 0.2878 0 0 -32.620 52.951 -0.448
1 127 7 0.2134 -0.676 0 0 -33.749 50.908 -3.458
1 128 3 0.3719 -0.408 0 0 -30.162 50.646 -4.518
1 129 22 0.6036 0.2456 0 0 -28.549 48.036 -2.262
1 130 16 0.7865 -0.563 0 0 -26.038 45.431 -3.423
1 131 14 0.9146 -0.101 0 0 -28.011 42.206 -3.564
1 132 22 0.9512 0.1124 0 0 -28.163 38.886 -5.350
1 133 12 0.9390 -0.749 0 0 -31.257 36.677 -5.589
1 134 22 0.9634 0.7540 0 0 -30.154 33.105 -5.058
1 135 9 0.8597 0.0000 0 0 -32.294 30.089 -5.988
1 136 2 0.8353 0.2684 0 0 -30.770 27.188 -4.082
1 137 13 0.5609 0.0272 0 0 -31.214 23.369 -4.130
1 138 5 0.4451 0.3440 0 0 -31.050 23.327 -7.941
1 139 3 0.1707 0.3206 0 0 -29.893 19.675 -7.772
1 140 12 0.0914 0.3519 0 0 -33.419 18.641 -6.685
1 141 16 0.0121 -0.410 0 0 -36.010 17.400 -9.174
1 142 17 0.0 -0.762 0 0 -39.303 18.959 -10.153
1 143 1 0.0731 0.5367 0 0 -38.752 22.506 -8.962
1 144 18 0.0487 -0.038 0 0 -41.867 24.453 -7.956
1 145 22 0.1951 0.8276 0 0 -40.287 27.881 -8.706
1 146 3 0.1158 -0.770 0 0 -39.219 28.062 -12.330
1 147 18 0.25 -0.225 0 0 -36.155 29.971 -13.485
1 148 13 0.0853 -0.631 0 0 -38.269 32.521 -15.382
1 149 6 0.1463 -0.293 0 0 -40.288 33.404 -12.260
1 150 0 0.4878 0.6194 0 0 -37.032 34.125 -10.396
1 151 6 0.4024 -0.435 0 0 -35.598 36.086 -13.315
1 152 3 0.1585 -0.888 0 0 -38.803 38.138 -13.303
1 153 12 0.4207 0.5044 0 0 -38.554 38.992 -9.635
1 154 0 0.5853 0.5075 0 0 -34.829 39.826 -9.802
1 155 1 0.3292 -0.714 0 0 -35.485 42.026 -12.883
1 156 17 0.1646 -0.233 0 0 -38.130 43.930 -10.928
1 157 20 0.4390 0.4747 0 0 -35.626 44.526 -8.120
1 158 9 0.4085 0.0000 0 0 -32.770 45.413 -10.543
1 159 11 0.6646 0.6859 0 0 -30.481 42.610 -9.196
1 160 16 0.7439 0.2451 0 0 -28.852 39.447 -10.512
1 161 15 0.7926 -0.201 0 0 -30.430 35.991 -10.172
1 162 11 0.8292 0.3229 0 0 -28.152 32.984 -9.709
1 163 7 0.7560 -0.843 0 0 -29.067 29.319 -9.242
1 164 18 0.7987 0.9792 0 0 -27.039 27.284 -6.742
1 165 17 0.6463 -0.980 0 0 -26.711 23.895 -5.170
1 166 0 0.6768 0.3960 0 0 -25.008 23.711 -1.772
1 167 13 0.3963 -0.820 0 0 -25.026 19.918 -2.362
1 168 18 0.2865 -0.116 0 0 -23.054 19.885 -5.663
1 169 1 0.5182 0.0420 0 0 -21.436 23.339 -5.205
1 170 6 0.5 -0.161 0 0 -22.867 24.479 -8.497
1 171 9 0.7073 0.0000 0 0 -23.007 28.308 -8.504
1 172 22 0.8475 -0.094 0 0 -21.747 28.828 -4.935
1 173 3 0.75 -0.802 0 0 -18.610 30.766 -5.835
1 174 3 0.7682 -0.473 0 0 -20.542 32.612 -8.545
1 175 0 0.9329 0.6312 0 0 -23.185 33.841 -6.087
1 176 15 0.9268 0.5014 0 0 -20.682 35.180 -3.598
1 177 20 0.7804 -0.539 0 0 -18.249 36.653 -6.197
1 178 18 0.8109 0.0157 0 0 -21.123 38.288 -8.038
1 179 12 0.9024 0.7611 0 0 -22.229 39.890 -4.725
1 180 22 0.7621 -0.361 0 0 -18.692 41.265 -4.180
1 181 1 0.5792 -0.170 0 0 -18.835 42.675 -7.740
1 182 7 0.6585 0.2316 0 0 -22.236 44.242 -7.081
1 183 11 0.6158 0.5123 0 0 -20.800 45.955 -3.972
1 184 1 0.3780 0.0822 0 0 -17.944 47.381 -6.089
1 185 13 0.2621 0.2571 0 0 -20.465 48.548 -8.675
1 186 10 0.2926 0.3225 0 0 -22.252 50.492 -5.919
1 187 13 0.1219 0.4831 0 0 -19.347 51.952 -3.855
1 188 7 0.0243 -0.959 0 0 -15.637 52.517 -3.915
1 189 13 0.0670 0.8805 0 0 -13.750 49.789 -2.102
