0 1 14 0 0 0 0 0 0 0
0 2 9 0 0 0 0 0 0 0
0 3 17 0 0 0 0 0 0 0
0 4 17 0 0 0 0 0 0 0
0 5 10 0 0 0 0 0 0 0
0 6 10 0 0 0 0 0 0 0
0 7 10 0 0 0 0 0 0 0
0 8 10 0 0 0 0 0 0 0
0 9 10 0 0 0 0 0 0 0
0 10 10 0 0 0 0 0 0 0
0 11 17 0 0 0 0 0 0 0
0 12 17 0 0 0 0 0 0 0
0 13 9 0 0 0 0 0 0 0
0 14 12 0 0 0 0 0 0 0
0 15 22 0 0 0 0 0 0 0
0 16 16 0 0 0 0 0 0 0
0 17 1 0 0 0 0 0 0 0
0 18 9 0 0 0 0 0 0 0
0 19 17 0 0 0 0 0 0 0
0 20 10 0 0 0 0 0 0 0
1 21 14 0.0123 0.3091 0 0 -33.967 27.307 -26.211
1 22 18 0.0740 0.1286 0 0 -33.528 31.010 -25.516
1 23 7 0.2777 -0.476 0 0 -31.318 33.063 -27.813
1 24 20 0.5555 -0.149 0 0 -28.974 35.715 -26.456
1 25 13 0.6790 -0.511 0 0 -27.229 38.016 -28.906
1 26 12 0.9012 0.2209 0 0 -23.814 39.065 -27.608
1 27 22 0.9382 -0.732 0 0 -21.208 41.361 -29.112
1 28 22 0.9876 0.3295 0 0 -17.503 41.334 -28.134
1 29 22 0.9506 -0.173 0 0 -15.830 44.765 -28.702
1 30 9 0.8950 0.0000 0 0 -12.542 46.435 -27.799
1 31 0 0.6975 -0.536 0 0 -9.194 47.380 -29.303
1 32 3 0.5740 -0.540 0 0 -7.396 45.019 -31.650
1 33 9 0.5370 0.0000 0 0 -5.026 42.751 -29.729
1 34 22 0.7654 0.6018 0 0 -6.835 42.554 -26.394
1 35 9 0.8271 0.0000 0 0 -8.007 38.956 -26.732
1 36 13 0.9197 0.0107 0 0 -11.585 39.218 -28.076
1 37 17 0.8024 -0.694 0 0 -11.027 36.250 -30.372
1 38 0 0.7160 -0.313 0 0 -9.028 34.216 -27.859
1 39 12 0.8888 0.6943 0 0 -11.801 34.724 -25.285
1 40 18 0.8765 0.2217 0 0 -14.531 33.728 -27.767
1 41 11 0.6419 -0.526 0 0 -12.594 30.658 -28.873
1 42 6 0.6358 -0.364 0 0 -12.059 29.590 -25.261
1 43 12 0.7283 0.5982 0 0 -15.773 29.802 -24.711
1 44 11 0.5185 0.1953 0 0 -16.621 27.835 -27.869
1 45 6 0.3148 -0.294 0 0 -13.758 25.307 -28.044
1 46 2 0.3209 -0.171 0 0 -11.996 25.251 -24.681
1 47 10 0.1790 -0.223 0 0 -8.541 25.943 -26.007
1 48 15 0.3333 0.1038 0 0 -6.233 28.934 -26.178
1 49 22 0.2407 0.0603 0 0 -5.477 30.080 -29.702
1 50 3 0.1358 -0.967 0 0 -2.498 32.356 -29.667
1 51 7 0.0925 -0.867 0 0 -2.490 33.893 -33.162
1 52 20 0.2345 0.4569 0 0 -6.023 33.987 -34.566
1 53 3 0.1234 -0.536 0 0 -6.228 36.128 -37.714
1 54 16 0.3518 -0.776 0 0 -6.772 39.652 -36.309
1 55 18 0.1481 -0.997 0 0 -8.832 40.601 -39.401
1 56 11 0.2962 -0.424 0 0 -11.524 37.874 -39.103
1 57 7 0.4753 0.1904 0 0 -14.894 39.104 -37.813
1 58 3 0.4691 -0.776 0 0 -17.540 36.442 -37.415
1 59 17 0.5432 -0.552 0 0 -20.343 35.053 -35.348
1 60 20 0.5246 0.1563 0 0 -20.353 31.888 -33.308
1 61 1 0.4320 -0.301 0 0 -23.049 29.884 -31.593
1 62 13 0.4382 0.2639 0 0 -22.874 28.080 -28.267
1 63 6 0.1913 -0.984 0 0 -25.497 26.038 -26.447
1 64 22 0.3086 0.9060 0 0 -25.088 26.379 -22.664
1 65 22 0.1049 -0.986 0 0 -27.233 25.937 -19.541
1 66 11 0.2654 0.9808 0 0 -27.219 29.043 -17.319
1 67 3 0.0555 0.6471 0 0 -29.371 29.018 -14.105
1 68 9 0.0061 0.0000 0 0 -31.496 26.161 -15.479
1 69 7 0.0308 0.4958 0 0 -32.210 27.908 -18.801
1 70 18 0.0370 -0.699 0 0 -30.905 26.356 -22.051
1 71 5 0.2592 0.5637 0 0 -29.292 29.284 -23.915
1 72 12 0.3395 -0.502 0 0 -28.183 29.526 -27.528
1 73 12 0.6172 0.5593 0 0 -25.586 32.291 -27.511
1 74 3 0.6234 -0.478 0 0 -25.148 34.180 -30.795
1 75 11 0.8333 0.5215 0 0 -21.803 35.936 -30.434
1 76 12 0.8209 -0.460 0 0 -20.165 38.436 -32.778
1 77 3 0.8641 -0.145 0 0 -16.366 38.562 -32.409
1 78 18 0.7901 0.5315 0 0 -15.647 42.012 -33.851
1 79 0 0.5925 -0.472 0 0 -12.502 42.876 -35.824
0 80 9 0 0 0 0 -12.502 42.876 -35.824
0 81 6 0 0 0 0 -12.502 42.876 -35.824
0 82 7 0 0 0 0 -12.502 42.876 -35.824
0 83 7 0 0 0 0 -12.502 42.876 -35.824
0 84 20 0 0 0 0 -12.502 42.876 -35.824
0 85 17 0 0 0 0 -12.502 42.876 -35.824
0 86 0 0 0 0 0 -12.502 42.876 -35.824
1 87 14 0.1543 0.4242 0 0 -22.975 42.392 -40.334
1 88 1 0.4259 0.4535 0 0 -21.329 44.406 -37.544
1 89 3 0.2469 -0.831 0 0 -23.910 47.190 -37.953
1 90 6 0.2037 -0.750 0 0 -26.754 44.764 -37.471
1 91 20 0.5308 0.2116 0 0 -25.219 43.238 -34.370
1 92 14 0.5617 0.4200 0 0 -24.692 46.694 -32.906
1 93 1 0.3456 -0.815 0 0 -28.300 47.661 -33.589
1 94 18 0.3827 -0.509 0 0 -29.873 44.386 -32.425
1 95 9 0.6543 0.0000 0 0 -27.227 42.983 -30.019
1 96 7 0.6666 -0.569 0 0 -28.597 42.465 -26.503
1 97 9 0.8827 0.0000 0 0 -25.419 42.636 -24.519
1 98 15 0.9691 -0.813 0 0 -21.811 43.761 -24.924
1 99 12 0.9938 0.8271 0 0 -18.493 42.476 -23.633
1 100 5 0.9814 -0.671 0 0 -16.184 45.547 -23.663
1 101 22 0.9753 0.4326 0 0 -12.705 44.056 -23.456
1 102 15 0.8703 -0.272 0 0 -9.341 45.677 -22.664
1 103 0 0.7037 -0.434 0 0 -6.035 44.008 -21.738
1 104 11 0.5 -0.023 0 0 -4.578 44.714 -18.315
1 105 2 0.2530 0.0702 0 0 -1.075 45.228 -19.854
1 106 2 0.3641 0.3460 0 0 -2.385 47.659 -22.534
1 107 18 0.1851 -0.904 0 0 -3.182 51.114 -21.080
1 108 13 0.2160 -0.199 0 0 -4.295 52.362 -24.443
1 109 17 0.5493 0.4687 0 0 -6.900 49.580 -24.788
1 110 15 0.5679 -0.227 0 0 -8.268 50.566 -21.380
1 111 7 0.3765 -0.854 0 0 -8.397 54.284 -22.270
1 112 3 0.4876 -0.238 0 0 -10.199 53.276 -25.549
1 113 11 0.7098 0.7293 0 0 -13.086 51.676 -23.538
1 114 10 0.4814 -0.944 0 0 -14.635 55.171 -23.432
1 115 10 0.4506 -0.016 0 0 -14.955 55.101 -27.255
1 116 20 0.7345 0.3109 0 0 -16.597 51.638 -27.260
1 117 1 0.6913 -0.121 0 0 -18.989 52.584 -24.487
1 118 7 0.4135 -0.754 0 0 -19.961 55.813 -26.331
1 119 6 0.4629 0.4811 0 0 -20.539 53.841 -29.541
1 120 11 0.6296 0.9788 0 0 -22.901 51.461 -27.768
1 121 13 0.3950 -0.141 0 0 -24.784 54.238 -25.970
1 122 1 0.1296 -0.082 0 0 -25.291 56.055 -29.242
1 123 22 0.2222 0.5468 0 0 -26.610 53.026 -31.185
1 124 13 0.2283 0.8110 0 0 -29.051 52.198 -28.398
1 125 3 0.0432 -0.997 0 0 -29.860 55.808 -27.362
1 126 17 0.1172 0.2843 0 0 -29.506 54.698 -23.744
1 127 7 0.2098 -0.676 0 0 -27.190 54.663 -20.738
1 128 3 0.3580 -0.407 0 0 -28.804 51.448 -19.695
1 129 22 0.6049 0.2462 0 0 -27.329 48.742 -21.922
1 130 16 0.7777 -0.563 0 0 -26.318 45.289 -20.706
1 131 14 0.9135 -0.134 0 0 -22.550 45.377 -20.622
1 132 22 0.9567 0.1399 0 0 -19.606 43.831 -18.839
1 133 12 0.9444 -0.757 0 0 -16.148 45.388 -18.596
1 134 22 0.9629 0.7626 0 0 -13.595 42.661 -19.132
1 135 9 0.8580 0.0000 0 0 -9.904 43.005 -18.183
1 136 2 0.8395 0.2498 0 0 -8.185 40.246 -20.147
1 137 13 0.5864 0.0162 0 0 -4.649 38.715 -20.059
1 138 5 0.4567 0.3381 0 0 -4.675 38.558 -16.229
1 139 3 0.1728 0.3104 0 0 -2.091 35.715 -16.404
1 140 12 0.0802 0.3328 0 0 0.552 38.250 -17.506
1 141 16 0.0185 -0.388 0 0 2.952 39.869 -15.031
1 142 17 0.0 -0.762 0 0 3.244 43.531 -14.014
1 143 1 0.0679 0.5080 0 0 -0.109 44.814 -15.216
1 144 18 0.0493 -0.060 0 0 -0.250 48.488 -16.188
1 145 22 0.1975 0.8261 0 0 -4.006 48.815 -15.461
1 146 3 0.1111 -0.745 0 0 -4.735 48.162 -11.788
1 147 18 0.2901 -0.229 0 0 -7.890 46.291 -10.714
1 148 13 0.0864 -0.596 0 0 -9.055 49.402 -8.832
1 149 6 0.1419 -0.293 0 0 -8.768 51.581 -11.947
1 150 0 0.4938 0.6647 0 0 -11.045 49.161 -13.822
1 151 6 0.4012 -0.423 0 0 -13.453 48.886 -10.891
1 152 3 0.1604 -0.900 0 0 -13.675 52.672 -10.868
1 153 12 0.4197 0.5021 0 0 -14.497 52.877 -14.562
1 154 0 0.5987 0.5322 0 0 -17.094 50.076 -14.386
1 155 1 0.3271 -0.717 0 0 -18.676 51.738 -11.300
1 156 17 0.1666 -0.213 0 0 -18.952 54.968 -13.283
1 157 20 0.4444 0.4718 0 0 -20.752 53.117 -16.043
1 158 9 0.4074 0.0000 0 0 -22.924 51.072 -13.622
1 159 11 0.6728 0.6745 0 0 -21.651 47.706 -15.015
1 160 16 0.7407 0.2426 0 0 -19.740 44.717 -13.665
1 161 15 0.7962 -0.201 0 0 -15.940 44.354 -14.026
1 162 11 0.8456 0.3296 0 0 -14.497 40.857 -14.490
1 163 7 0.7592 -0.848 0 0 -10.858 39.843 -14.938
1 164 18 0.8086 0.9775 0 0 -10.086 37.083 -17.433
1 165 17 0.6481 -0.985 0 0 -7.330 35.074 -19.027
1 166 0 0.6851 0.3784 0 0 -8.044 33.515 -22.407
1 167 13 0.3888 -0.815 0 0 -4.754 31.627 -21.820
1 168 18 0.3024 -0.109 0 0 -5.688 29.923 -18.511
1 169 1 0.5123 0.0292 0 0 -9.498 30.227 -18.970
1 170 6 0.5061 -0.170 0 0 -9.779 32.055 -15.665
1 171 9 0.7222 0.0000 0 0 -13.017 34.086 -15.645
1 172 22 0.8518 -0.100 0 0 -14.089 33.223 -19.218
1 173 3 0.7469 -0.809 0 0 -17.343 31.510 -18.375
1 174 3 0.7716 -0.458 0 0 -17.974 34.076 -15.624
1 175 0 0.9320 0.6513 0 0 -17.720 36.984 -18.105
1 176 15 0.9259 0.4900 0 0 -20.131 35.477 -20.597
1 177 20 0.7839 -0.543 0 0 -22.607 34.130 -17.994
1 178 18 0.8148 0.0294 0 0 -22.604 37.447 -16.133
1 179 12 0.9074 0.7420 0 0 -23.418 39.192 -19.469
1 180 22 0.7530 -0.365 0 0 -26.386 36.828 -19.984
1 181 1 0.5802 -0.151 0 0 -27.562 37.654 -16.416
1 182 7 0.6604 0.2431 0 0 -27.203 41.393 -17.109
1 183 11 0.6111 0.5029 0 0 -29.390 40.988 -20.195
1 184 1 0.3703 0.0956 0 0 -32.083 39.234 -18.084
1 185 13 0.2716 0.2669 0 0 -31.806 41.997 -15.503
1 186 10 0.2839 0.3035 0 0 -32.598 44.505 -18.264
1 187 13 0.0987 0.4757 0 0 -35.313 42.763 -20.319
1 188 7 0.0246 -0.957 0 0 -37.597 39.779 -20.206
1 189 13 0.0617 0.9086 0 0 -36.182 36.763 -22.075
