0 1 14 0 0 0 0 0 0 0
0 2 9 0 0 0 0 0 0 0
0 3 17 0 0 0 0 0 0 0
0 4 17 0 0 0 0 0 0 0
0 5 10 0 0 0 0 0 0 0
0 6 10 0 0 0 0 0 0 0
0 7 10 0 0 0 0 0 0 0
0 8 10 0 0 0 0 0 0 0
0 9 10 0 0 0 0 0 0 0
0 10 10 0 0 0 0 0 0 0
0 11 17 0 0 0 0 0 0 0
0 12 17 0 0 0 0 0 0 0
0 13 9 0 0 0 0 0 0 0
0 14 12 0 0 0 0 0 0 0
0 15 22 0 0 0 0 0 0 0
0 16 16 0 0 0 0 0 0 0
0 17 1 0 0 0 0 0 0 0
1 18 9 0.0059 0.0000 0 0 13.167 3.964 -47.024
1 19 17 0.0 -0.647 0 0 15.084 7.228 -46.905
1 20 10 0.0119 0.6551 0 0 12.761 7.912 -43.927
1 21 14 0.0238 0.3878 0 0 14.074 7.040 -40.467
1 22 18 0.1071 0.2582 0 0 11.351 5.569 -38.273
1 23 7 0.3392 -0.625 0 0 10.580 7.410 -35.089
1 24 20 0.5952 -0.169 0 0 8.821 5.748 -32.200
1 25 13 0.7202 -0.883 0 0 6.994 7.859 -29.619
1 26 12 0.9107 0.1435 0 0 7.270 6.074 -26.238
1 27 22 0.9523 -0.691 0 0 5.675 7.204 -23.027
1 28 22 0.9880 0.2589 0 0 6.732 6.015 -19.540
1 29 22 0.9642 -0.134 0 0 3.921 5.979 -16.917
1 30 9 0.8988 0.0000 0 0 3.463 4.717 -13.370
1 31 0 0.7023 -0.579 0 0 3.178 5.813 -9.787
1 32 3 0.5773 -0.985 0 0 5.407 8.372 -8.190
1 33 9 0.5416 0.0000 0 0 8.823 7.124 -7.156
1 34 22 0.7738 0.6029 0 0 8.737 3.843 -9.141
1 35 9 0.8392 0.0000 0 0 11.822 4.760 -11.194
1 36 13 0.9226 0.0604 0 0 10.421 6.083 -14.462
1 37 17 0.8095 -0.636 0 0 13.017 8.832 -14.686
1 38 0 0.7261 -0.337 0 0 15.873 6.639 -13.479
1 39 12 0.8869 0.6623 0 0 15.056 4.009 -16.153
1 40 18 0.875 0.3309 0 0 15.027 6.597 -18.900
1 41 11 0.6309 -0.435 0 0 18.248 8.342 -17.801
1 42 6 0.6011 -0.406 0 0 19.985 4.957 -17.552
1 43 12 0.6904 0.6163 0 0 18.870 4.218 -21.118
1 44 11 0.5178 0.2993 0 0 20.074 7.566 -22.514
1 45 6 0.2797 -0.296 0 0 23.149 8.455 -20.506
1 46 2 0.2857 -0.264 0 0 24.079 5.184 -18.764
1 47 10 0.2202 -0.526 0 0 23.886 7.043 -15.515
1 48 15 0.2916 0.0761 0 0 21.989 6.041 -12.325
1 49 22 0.2619 0.6385 0 0 20.257 8.887 -10.548
1 50 3 0.1130 -0.767 0 0 20.175 8.309 -6.758
1 51 7 0.0773 -0.172 0 0 18.307 11.479 -5.834
1 52 20 0.1607 0.4294 0 0 14.552 11.664 -6.012
1 53 3 0.1666 -0.226 0 0 13.597 14.646 -8.197
1 54 16 0.2976 -0.857 0 0 9.842 14.618 -9.039
1 55 18 0.4583 0.9076 0 0 9.054 14.974 -12.696
1 56 11 0.3630 -0.983 0 0 6.359 17.155 -14.309
1 57 7 0.5 -0.137 0 0 7.022 16.316 -17.917
1 58 3 0.5297 -0.335 0 0 10.409 15.664 -19.643
1 59 17 0.5714 -0.238 0 0 11.371 14.400 -23.073
1 60 20 0.5595 0.3164 0 0 14.411 12.582 -24.381
1 61 1 0.4761 -0.664 0 0 15.611 11.289 -27.703
1 62 13 0.4166 0.2711 0 0 18.070 8.555 -28.728
1 63 6 0.2380 -0.920 0 0 18.956 6.757 -31.961
1 64 22 0.3273 0.9911 0 0 19.155 2.969 -31.541
1 65 22 0.1547 -0.970 0 0 19.311 -0.315 -33.441
1 66 11 0.3452 0.9599 0 0 16.631 -2.765 -32.474
1 67 3 0.1369 0.5898 0 0 16.523 -6.108 -34.272
1 68 9 0.0357 0.0000 0 0 18.571 -4.656 -37.078
1 69 7 0.0595 0.5172 0 0 16.438 -1.555 -37.616
1 70 18 0.0654 -0.765 0 0 17.969 1.832 -37.072
1 71 5 0.2083 0.8054 0 0 15.360 4.094 -35.461
1 72 12 0.3511 -0.503 0 0 14.836 7.203 -33.318
1 73 12 0.6190 0.5128 0 0 13.216 6.900 -29.910
1 74 3 0.6488 -0.897 0 0 11.296 9.900 -28.594
1 75 11 0.8690 0.4524 0 0 10.702 9.179 -24.906
1 76 12 0.8571 -0.563 0 0 8.239 11.087 -22.755
1 77 3 0.8809 -0.120 0 0 8.879 10.739 -18.979
1 78 18 0.8273 0.5668 0 0 5.653 11.559 -17.045
1 79 0 0.6369 -0.919 0 0 4.679 12.620 -13.516
1 80 9 0.6547 0.0000 0 0 3.407 9.933 -11.117
0 81 6 0 0 0 0 3.407 9.933 -11.117
0 82 7 0 0 0 0 3.407 9.933 -11.117
0 83 7 0 0 0 0 3.407 9.933 -11.117
1 84 20 0.0416 0.4569 0 0 -5.663 17.928 -13.588
1 85 17 0.125 0.5866 0 0 -5.025 16.173 -16.857
1 86 0 0.0535 -0.956 0 0 -6.381 18.054 -19.896
1 87 14 0.0892 -0.584 0 0 -2.727 18.690 -20.647
1 88 1 0.3809 0.7281 0 0 -1.761 15.124 -19.635
1 89 3 0.3035 -0.503 0 0 -4.390 13.507 -21.930
1 90 6 0.1964 -0.922 0 0 -3.010 15.473 -24.853
1 91 20 0.4404 0.4920 0 0 0.640 14.483 -24.445
1 92 14 0.6428 0.4398 0 0 -0.474 10.877 -23.743
1 93 1 0.4285 -0.823 0 0 -2.437 10.762 -26.984
1 94 18 0.4642 0.0335 0 0 0.866 11.508 -28.825
1 95 9 0.7380 0.0000 0 0 2.316 8.222 -27.568
1 96 7 0.6964 -0.532 0 0 2.550 5.109 -29.678
1 97 9 0.8928 0.0000 0 0 3.480 2.813 -26.918
1 98 15 0.9761 -0.781 0 0 3.663 2.805 -23.200
1 99 12 0.9940 0.7356 0 0 5.915 1.387 -20.478
1 100 5 0.9821 -0.617 0 0 3.734 0.843 -17.420
1 101 22 0.9702 0.4223 0 0 6.085 0.844 -14.514
1 102 15 0.8630 -0.268 0 0 5.695 -0.321 -10.887
1 103 0 0.6845 -0.452 0 0 8.308 -1.035 -8.191
1 104 11 0.4880 -0.081 0 0 8.514 -4.593 -6.932
1 105 2 0.2440 0.0839 0 0 8.760 -3.386 -3.338
1 106 2 0.3214 0.3386 0 0 5.607 -1.192 -3.576
1 107 18 0.2261 -0.890 0 0 2.361 -3.058 -3.706
1 108 13 0.2559 -0.175 0 0 0.291 0.049 -4.239
1 109 17 0.5535 0.4062 0 0 2.279 0.938 -7.419
1 110 15 0.5654 -0.218 0 0 1.452 -2.520 -8.731
1 111 7 0.3928 -0.880 0 0 -2.225 -2.095 -7.880
1 112 3 0.5357 -0.215 0 0 -2.084 1.276 -9.762
1 113 11 0.7440 0.6616 0 0 -1.119 -0.389 -13.051
1 114 10 0.5238 -0.890 0 0 -4.682 -1.258 -13.920
1 115 10 0.4940 -0.752 0 0 -5.566 2.407 -13.669
1 116 20 0.7619 0.3209 0 0 -2.680 3.528 -15.921
1 117 1 0.7321 -0.344 0 0 -3.764 0.984 -18.440
1 118 7 0.4523 -0.749 0 0 -7.347 2.249 -18.360
1 119 6 0.5119 0.4290 0 0 -6.085 5.817 -18.693
1 120 11 0.6666 0.9589 0 0 -4.104 4.826 -21.759
1 121 13 0.4345 -0.126 0 0 -7.055 3.001 -23.355
1 122 1 0.2321 -0.023 0 0 -9.363 5.960 -22.667
1 123 22 0.3333 0.4851 0 0 -7.081 8.606 -24.204
1 124 13 0.3571 0.7158 0 0 -6.093 6.460 -27.211
1 125 3 0.1190 -0.992 0 0 -9.720 5.302 -27.577
1 126 17 0.1726 0.4782 0 0 -8.449 1.838 -28.326
1 127 7 0.1904 -0.688 0 0 -8.458 -1.557 -26.693
1 128 3 0.375 -0.344 0 0 -5.202 -2.576 -28.360
1 129 22 0.6130 0.2761 0 0 -2.420 -0.131 -27.426
1 130 16 0.7976 -0.532 0 0 1.262 -1.309 -27.473
1 131 14 0.9166 -0.245 0 0 2.347 -1.652 -23.860
1 132 22 0.9583 0.1607 0 0 4.924 -3.371 -21.702
1 133 12 0.9345 -0.757 0 0 4.606 -4.049 -17.914
1 134 22 0.9464 0.7658 0 0 7.873 -3.217 -16.125
1 135 9 0.8511 0.0000 0 0 8.649 -4.322 -12.558
1 136 2 0.8154 0.2832 0 0 11.478 -2.026 -11.441
1 137 13 0.5476 0.0514 0 0 13.860 -1.919 -8.457
1 138 5 0.4226 0.3865 0 0 14.549 -5.636 -8.706
1 139 3 0.1785 0.3216 0 0 17.973 -5.138 -7.143
1 140 12 0.1011 0.2916 0 0 16.188 -4.424 -3.805
1 141 16 0.0297 -0.428 0 0 15.568 -7.089 -1.143
1 142 17 0.0178 -0.723 0 0 12.150 -7.862 0.328
1 143 1 0.0833 0.4840 0 0 10.011 -7.596 -2.760
1 144 18 0.0714 0.1340 0 0 6.356 -7.355 -2.067
1 145 22 0.2142 0.8529 0 0 5.211 -8.215 -5.608
1 146 3 0.1309 -0.991 0 0 6.081 -11.737 -6.788
1 147 18 0.25 -0.046 0 0 7.234 -12.440 -10.320
1 148 13 0.0952 -0.856 0 0 4.378 -14.873 -10.934
1 149 6 0.1488 -0.062 0 0 1.767 -12.447 -9.850
1 150 0 0.4702 0.6168 0 0 3.120 -9.766 -12.330
1 151 6 0.3988 -0.399 0 0 3.596 -12.332 -15.078
1 152 3 0.1845 -0.886 0 0 -0.064 -13.315 -14.676
1 153 12 0.4047 0.4683 0 0 -1.347 -9.773 -14.812
1 154 0 0.5833 0.4246 0 0 0.673 -9.156 -17.991
1 155 1 0.3095 -0.720 0 0 -0.789 -12.332 -19.401
1 156 17 0.2023 0.1103 0 0 -4.299 -11.104 -18.685
1 157 20 0.4464 0.4611 0 0 -3.544 -7.923 -20.660
1 158 9 0.4107 0.0000 0 0 -1.820 -9.846 -23.444
1 159 11 0.6785 0.6740 0 0 1.414 -7.800 -22.988
1 160 16 0.75 0.2337 0 0 5.072 -8.561 -22.136
1 161 15 0.7916 -0.214 0 0 6.432 -8.417 -18.603
1 162 11 0.8333 0.3893 0 0 9.997 -7.384 -17.788
1 163 7 0.7083 -0.819 0 0 11.851 -7.124 -14.466
1 164 18 0.7857 0.9820 0 0 14.245 -4.204 -14.387
1 165 17 0.625 -0.984 0 0 16.626 -2.251 -12.214
1 166 0 0.6607 0.3299 0 0 17.629 1.275 -13.082
1 167 13 0.3869 -0.781 0 0 20.554 0.815 -10.670
1 168 18 0.2678 -0.103 0 0 22.123 -2.333 -12.030
1 169 1 0.4821 -0.038 0 0 20.818 -1.824 -15.552
1 170 6 0.5059 -0.176 0 0 19.047 -5.171 -15.589
1 171 9 0.7142 0.0000 0 0 16.274 -5.145 -18.214
1 172 22 0.8452 -0.219 0 0 16.679 -1.459 -19.204
1 173 3 0.7559 -0.854 0 0 17.397 -1.815 -22.896
1 174 3 0.7678 -0.381 0 0 15.142 -4.858 -23.101
1 175 0 0.9285 0.6137 0 0 12.158 -2.923 -21.707
1 176 15 0.9404 0.4839 0 0 12.339 -0.148 -24.330
1 177 20 0.8035 -0.551 0 0 13.274 -2.451 -27.147
1 178 18 0.8214 0.0183 0 0 10.525 -4.906 -26.306
1 179 12 0.9047 0.7441 0 0 8.035 -2.027 -26.426
1 180 22 0.7797 -0.351 0 0 9.288 -1.099 -29.920
1 181 1 0.5892 -0.068 0 0 8.714 -4.710 -30.942
1 182 7 0.6726 0.2363 0 0 5.118 -4.458 -29.647
1 183 11 0.6071 0.5740 0 0 4.615 -1.280 -31.730
1 184 1 0.3690 0.1029 0 0 5.902 -3.129 -34.859
1 185 13 0.2738 0.3088 0 0 3.495 -6.021 -34.229
1 186 10 0.3154 0.2427 0 0 0.712 -3.445 -33.880
1 187 13 0.1428 0.3687 0 0 1.681 -1.724 -37.182
1 188 7 0.0476 -0.167 0 0 2.012 -5.135 -38.989
0 189 13 0 0 0 0 2.012 -5.135 -38.989
