0 1 14 0 0 0 0 0 0 0
0 2 9 0 0 0 0 0 0 0
0 3 17 0 0 0 0 0 0 0
0 4 17 0 0 0 0 0 0 0
0 5 10 0 0 0 0 0 0 0
0 6 10 0 0 0 0 0 0 0
0 7 10 0 0 0 0 0 0 0
0 8 10 0 0 0 0 0 0 0
0 9 10 0 0 0 0 0 0 0
0 10 10 0 0 0 0 0 0 0
0 11 17 0 0 0 0 0 0 0
0 12 17 0 0 0 0 0 0 0
0 13 9 0 0 0 0 0 0 0
0 14 12 0 0 0 0 0 0 0
0 15 22 0 0 0 0 0 0 0
0 16 16 0 0 0 0 0 0 0
1 17 1 0.0 -0.147 0 0 -17.304 -10.166 -23.033
1 18 9 0.0116 0.0000 0 0 -18.584 -8.255 -26.078
1 19 17 0.0058 -0.654 0 0 -19.744 -5.182 -24.168
1 20 10 0.0175 0.6595 0 0 -17.223 -2.985 -26.042
1 21 14 0.0292 0.1953 0 0 -18.461 -0.572 -28.749
1 22 18 0.0877 0.2031 0 0 -16.180 -0.768 -31.765
1 23 7 0.2923 0.2388 0 0 -14.743 2.580 -32.881
1 24 20 0.5964 -0.189 0 0 -12.947 3.416 -36.203
1 25 13 0.7192 -0.887 0 0 -10.618 6.393 -36.802
1 26 12 0.9122 0.0806 0 0 -11.167 7.571 -40.377
1 27 22 0.9590 -0.633 0 0 -9.289 10.344 -42.040
1 28 22 0.9883 0.2581 0 0 -10.276 12.272 -45.182
1 29 22 0.9649 -0.085 0 0 -7.282 13.600 -47.173
1 30 9 0.9064 0.0000 0 0 -6.649 15.217 -50.575
1 31 0 0.7368 -0.571 0 0 -5.901 18.535 -52.332
1 32 3 0.5906 -0.865 0 0 -7.562 21.787 -51.470
1 33 9 0.5555 0.0000 0 0 -11.042 22.037 -52.904
1 34 22 0.7953 0.5953 0 0 -11.689 18.397 -53.834
1 35 9 0.8421 0.0000 0 0 -14.744 18.150 -51.582
1 36 13 0.9356 0.1072 0 0 -13.387 16.494 -48.406
1 37 17 0.8304 -0.587 0 0 -15.603 18.617 -46.152
1 38 0 0.7426 -0.404 0 0 -18.646 18.422 -48.401
1 39 12 0.8888 0.6406 0 0 -18.376 14.583 -48.499
1 40 18 0.8771 0.3710 0 0 -18.142 14.391 -44.684
1 41 11 0.6491 -0.468 0 0 -20.975 16.830 -44.083
1 42 6 0.6081 -0.427 0 0 -23.157 14.881 -46.525
1 43 12 0.7017 0.6156 0 0 -22.406 11.699 -44.603
1 44 11 0.5204 0.2941 0 0 -23.106 13.229 -41.161
1 45 6 0.3040 -0.202 0 0 -25.856 15.746 -41.837
1 46 2 0.2807 -0.285 0 0 -27.299 14.900 -45.217
1 47 10 0.2163 -0.504 0 0 -26.607 18.432 -46.306
1 48 15 0.3157 0.0923 0 0 -24.657 19.722 -49.300
1 49 22 0.2690 0.5884 0 0 -22.412 22.689 -48.565
1 50 3 0.1111 -0.813 0 0 -22.075 25.126 -51.450
1 51 7 0.0701 -0.238 0 0 -19.819 27.554 -49.555
1 52 20 0.1345 0.3658 0 0 -16.071 27.610 -49.855
1 53 3 0.1578 -0.103 0 0 -14.615 27.368 -46.389
1 54 16 0.3625 -0.916 0 0 -11.117 25.923 -46.332
1 55 18 0.4970 0.8775 0 0 -10.375 23.499 -43.499
1 56 11 0.3918 -0.998 0 0 -7.613 23.434 -40.934
1 57 7 0.5146 0.1314 0 0 -8.675 20.286 -39.092
1 58 3 0.5380 -0.227 0 0 -12.294 19.332 -38.127
1 59 17 0.5497 -0.687 0 0 -13.618 16.333 -36.295
1 60 20 0.5789 0.3440 0 0 -16.873 14.438 -36.608
1 61 1 0.4619 -0.572 0 0 -18.395 11.502 -34.724
1 62 13 0.3859 0.0185 0 0 -21.384 9.329 -35.410
1 63 6 0.1988 -0.909 0 0 -22.712 5.841 -34.707
1 64 22 0.2865 0.9886 0 0 -23.664 3.807 -37.704
1 65 22 0.1403 -0.971 0 0 -24.487 0.225 -38.665
1 66 11 0.3216 0.9668 0 0 -22.206 -1.264 -41.274
1 67 3 0.1169 0.6185 0 0 -22.702 -4.815 -42.532
1 68 9 0.0409 0.0000 0 0 -24.602 -5.554 -39.363
1 69 7 0.0467 0.4885 0 0 -22.014 -4.169 -36.930
1 70 18 0.0526 -0.742 0 0 -22.774 -1.149 -34.787
1 71 5 0.1871 0.7828 0 0 -19.833 1.156 -34.633
1 72 12 0.3508 -0.524 0 0 -18.649 4.563 -33.853
1 73 12 0.6198 0.4793 0 0 -16.883 6.564 -36.620
1 74 3 0.6432 -0.897 0 0 -14.498 9.294 -35.587
1 75 11 0.8654 0.4389 0 0 -13.873 11.163 -38.843
1 76 12 0.8596 -0.518 0 0 -11.057 13.704 -39.171
1 77 3 0.8830 -0.111 0 0 -11.506 16.128 -42.066
1 78 18 0.8538 0.5799 0 0 -8.066 17.515 -42.938
1 79 0 0.6608 -0.911 0 0 -6.511 20.568 -44.588
1 80 9 0.6842 0.0000 0 0 -5.921 20.404 -48.347
1 81 6 0.3801 -0.474 0 0 -3.857 23.622 -48.464
1 82 7 0.2280 0.2214 0 0 -0.150 22.890 -48.592
1 83 7 0.0643 -0.293 0 0 0.662 25.371 -45.830
1 84 20 0.2222 -0.109 0 0 -0.883 22.925 -43.291
1 85 17 0.3333 -0.580 0 0 1.232 19.938 -44.374
1 86 0 0.1228 -0.910 0 0 3.235 19.729 -41.079
1 87 14 0.3391 0.0770 0 0 -0.033 18.493 -39.502
1 88 1 0.5087 0.2850 0 0 0.054 15.219 -41.498
1 89 3 0.3450 -0.875 0 0 2.489 13.226 -39.451
1 90 6 0.2982 -0.631 0 0 0.300 13.311 -36.336
1 91 20 0.6023 0.6735 0 0 -3.057 12.519 -38.000
1 92 14 0.6549 0.2839 0 0 -1.524 9.783 -40.138
1 93 1 0.4152 -0.832 0 0 -0.120 8.152 -36.942
1 94 18 0.4678 -0.208 0 0 -3.552 8.307 -35.309
1 95 9 0.7485 0.0000 0 0 -5.838 7.348 -38.201
1 96 7 0.7134 -0.554 0 0 -6.676 3.751 -39.012
1 97 9 0.8947 0.0000 0 0 -8.042 4.283 -42.508
1 98 15 0.9766 -0.782 0 0 -7.847 6.960 -45.102
1 99 12 0.9941 0.6562 0 0 -10.235 8.264 -47.755
1 100 5 0.9824 -0.603 0 0 -8.034 9.675 -50.509
1 101 22 0.9707 0.4371 0 0 -10.124 12.067 -52.441
1 102 15 0.8713 -0.316 0 0 -9.494 13.841 -55.774
1 103 0 0.6900 -0.382 0 0 -11.932 15.738 -57.961
1 104 11 0.4912 -0.082 0 0 -12.633 14.403 -61.427
1 105 2 0.2397 0.1445 0 0 -12.354 17.818 -63.038
1 106 2 0.3567 0.3715 0 0 -8.994 18.526 -61.401
1 107 18 0.2105 -0.955 0 0 -6.018 16.852 -62.907
1 108 13 0.2573 -0.250 0 0 -3.562 18.127 -60.413
1 109 17 0.5672 0.3884 0 0 -5.698 16.746 -57.547
1 110 15 0.5614 -0.208 0 0 -5.353 13.281 -59.112
1 111 7 0.3976 -0.891 0 0 -1.562 13.629 -59.449
1 112 3 0.5321 -0.318 0 0 -1.567 14.804 -55.763
1 113 11 0.7719 0.6341 0 0 -3.047 11.462 -54.551
1 114 10 0.5263 -0.831 0 0 0.343 9.696 -54.943
1 115 10 0.4853 0.0714 0 0 2.165 11.844 -52.424
1 116 20 0.7602 0.4487 0 0 -0.638 11.399 -49.801
1 117 1 0.7251 -0.259 0 0 -0.465 7.618 -50.379
1 118 7 0.4444 -0.509 0 0 3.331 7.498 -50.121
1 119 6 0.4561 0.0841 0 0 3.516 9.555 -46.972
1 120 11 0.6374 0.9869 0 0 0.757 7.522 -45.277
1 121 13 0.4385 -0.203 0 0 2.710 4.375 -46.118
1 122 1 0.1637 -0.072 0 0 5.892 5.891 -44.620
1 123 22 0.2631 0.4865 0 0 4.188 6.741 -41.349
1 124 13 0.3099 0.8075 0 0 2.489 3.463 -40.792
1 125 3 0.0935 -0.992 0 0 5.433 1.450 -42.153
1 126 17 0.1520 0.4826 0 0 3.056 -0.771 -44.123
1 127 7 0.2046 -0.784 0 0 2.174 -1.599 -47.733
1 128 3 0.4035 -0.163 0 0 -1.426 -2.519 -46.808
1 129 22 0.6140 0.2901 0 0 -2.806 0.556 -45.029
1 130 16 0.8070 -0.559 0 0 -6.653 0.703 -45.208
1 131 14 0.9181 -0.130 0 0 -7.424 3.127 -47.943
1 132 22 0.9532 0.1116 0 0 -10.089 3.975 -50.506
1 133 12 0.9415 -0.716 0 0 -9.611 6.072 -53.646
1 134 22 0.9473 0.7653 0 0 -12.464 8.533 -54.097
1 135 9 0.8479 0.0000 0 0 -13.245 10.347 -57.375
1 136 2 0.8245 0.2840 0 0 -15.536 13.169 -56.271
1 137 13 0.5438 0.0841 0 0 -17.571 15.741 -58.179
1 138 5 0.4327 0.3437 0 0 -18.833 13.047 -60.563
1 139 3 0.1754 0.3349 0 0 -21.926 15.180 -61.165
1 140 12 0.1052 0.3497 0 0 -19.941 17.817 -63.116
1 141 16 0.0350 -0.422 0 0 -19.502 17.792 -66.972
1 142 17 0.0233 -0.481 0 0 -15.945 18.486 -68.248
1 143 1 0.0760 0.4264 0 0 -14.287 15.653 -66.394
1 144 18 0.0584 0.0944 0 0 -10.540 15.584 -66.998
1 145 22 0.1929 0.8660 0 0 -9.650 12.377 -65.176
1 146 3 0.1286 -0.683 0 0 -11.298 9.389 -66.644
1 147 18 0.2456 -0.049 0 0 -12.622 6.441 -64.729
1 148 13 0.0994 -0.867 0 0 -10.273 3.879 -66.246
1 149 6 0.1461 -0.045 0 0 -7.249 5.775 -65.255
1 150 0 0.4795 0.6213 0 0 -8.406 5.988 -61.572
1 151 6 0.4093 -0.376 0 0 -9.468 2.355 -61.597
1 152 3 0.1695 -0.850 0 0 -5.952 1.514 -62.830
1 153 12 0.4269 0.5488 0 0 -4.221 3.583 -60.090
1 154 0 0.5730 0.4614 0 0 -6.444 1.950 -57.443
1 155 1 0.3274 -0.615 0 0 -5.811 -1.558 -58.741
1 156 17 0.1812 0.1798 0 0 -2.052 -0.847 -58.654
1 157 20 0.4502 0.4936 0 0 -2.384 0.182 -54.975
1 158 9 0.4210 0.0000 0 0 -4.639 -2.757 -54.233
1 159 11 0.6783 0.7154 0 0 -7.507 -0.610 -52.878
1 160 16 0.7309 0.2802 0 0 -11.101 0.061 -53.903
1 161 15 0.8011 -0.215 0 0 -12.124 3.050 -56.052
1 162 11 0.8187 0.3089 0 0 -15.491 4.816 -55.763
1 163 7 0.7076 -0.855 0 0 -16.856 7.724 -57.795
1 164 18 0.7836 0.9776 0 0 -18.875 10.134 -55.608
1 165 17 0.6257 -0.981 0 0 -20.753 13.411 -55.645
1 166 0 0.6666 0.4276 0 0 -21.244 15.357 -52.421
1 167 13 0.3742 -0.783 0 0 -23.878 17.235 -54.342
1 168 18 0.2514 -0.108 0 0 -26.040 14.370 -55.483
1 169 1 0.4736 0.0929 0 0 -24.972 12.121 -52.628
1 170 6 0.5029 -0.191 0 0 -23.925 9.413 -55.050
1 171 9 0.6959 0.0000 0 0 -21.459 7.000 -53.401
1 172 22 0.8362 -0.106 0 0 -21.086 8.918 -50.146
1 173 3 0.7543 -0.863 0 0 -22.172 6.260 -47.717
1 174 3 0.7660 -0.376 0 0 -20.447 3.602 -49.807
1 175 0 0.9239 0.6476 0 0 -17.032 5.337 -49.667
1 176 15 0.9298 0.4801 0 0 -17.035 5.565 -45.831
1 177 20 0.7894 -0.545 0 0 -18.556 2.121 -45.322
1 178 18 0.8128 0.0296 0 0 -16.068 0.565 -47.761
1 179 12 0.9005 0.7967 0 0 -13.229 2.130 -45.842
1 180 22 0.7777 -0.338 0 0 -14.584 0.614 -42.622
1 181 1 0.5847 -0.084 0 0 -14.684 -2.761 -44.461
1 182 7 0.6725 0.2484 0 0 -11.032 -2.273 -45.421
1 183 11 0.6315 0.5453 0 0 -10.093 -1.554 -41.794
1 184 1 0.3684 0.0500 0 0 -11.812 -4.724 -40.664
1 185 13 0.2339 0.4196 0 0 -10.266 -7.034 -43.178
1 186 10 0.2748 0.2794 0 0 -7.015 -5.593 -41.899
1 187 13 0.0818 0.5432 0 0 -7.818 -7.519 -38.667
0 188 7 0 0 0 0 -7.818 -7.519 -38.667
0 189 13 0 0 0 0 -7.818 -7.519 -38.667
