0 1 14 0 0 0 0 0 0 0
0 2 9 0 0 0 0 0 0 0
0 3 17 0 0 0 0 0 0 0
0 4 17 0 0 0 0 0 0 0
0 5 10 0 0 0 0 0 0 0
0 6 10 0 0 0 0 0 0 0
0 7 10 0 0 0 0 0 0 0
0 8 10 0 0 0 0 0 0 0
0 9 10 0 0 0 0 0 0 0
0 10 10 0 0 0 0 0 0 0
0 11 17 0 0 0 0 0 0 0
0 12 17 0 0 0 0 0 0 0
0 13 9 0 0 0 0 0 0 0
0 14 12 0 0 0 0 0 0 0
0 15 22 0 0 0 0 0 0 0
0 16 16 0 0 0 0 0 0 0
0 17 1 0 0 0 0 0 0 0
0 18 9 0 0 0 0 0 0 0
1 19 17 0.0 -0.541 0 0 -23.047 17.873 -36.364
1 20 10 0.0061 0.6855 0 0 -21.685 17.330 -32.839
1 21 14 0.0123 0.3695 0 0 -23.011 14.247 -30.930
1 22 18 0.0679 0.1471 0 0 -23.667 15.016 -27.279
1 23 7 0.2777 -0.528 0 0 -21.748 12.789 -24.885
1 24 20 0.5432 -0.175 0 0 -22.281 12.412 -21.168
1 25 13 0.6851 -0.878 0 0 -19.613 11.197 -18.717
1 26 12 0.9012 0.1619 0 0 -21.378 9.183 -16.036
1 27 22 0.9320 -0.673 0 0 -19.642 7.661 -13.043
1 28 22 0.9876 0.2958 0 0 -21.198 4.892 -10.834
1 29 22 0.9506 -0.188 0 0 -19.979 5.031 -7.169
1 30 9 0.8950 0.0000 0 0 -20.887 3.263 -3.943
1 31 0 0.7037 -0.527 0 0 -19.665 0.703 -1.464
1 32 3 0.5555 -0.957 0 0 -18.397 -2.670 -2.564
1 33 9 0.5370 0.0000 0 0 -20.970 -5.281 -3.482
1 34 22 0.7654 0.5821 0 0 -23.986 -2.932 -3.835
1 35 9 0.8271 0.0000 0 0 -24.338 -3.772 -7.494
1 36 13 0.9197 0.0073 0 0 -22.639 -0.884 -9.425
1 37 17 0.8086 -0.652 0 0 -21.365 -3.386 -11.952
1 38 0 0.7283 -0.335 0 0 -24.549 -5.475 -12.086
1 39 12 0.8888 0.7018 0 0 -26.545 -2.200 -12.877
1 40 18 0.8765 0.3076 0 0 -24.120 -1.145 -15.577
1 41 11 0.6358 -0.545 0 0 -23.948 -4.542 -17.292
1 42 6 0.6172 -0.395 0 0 -27.689 -4.826 -17.225
1 43 12 0.7098 0.5874 0 0 -27.898 -1.389 -18.974
1 44 11 0.5061 0.2855 0 0 -25.311 -2.325 -21.642
1 45 6 0.2592 -0.271 0 0 -25.875 -6.063 -22.263
1 46 2 0.2716 -0.305 0 0 -29.326 -6.770 -20.812
1 47 10 0.1975 -0.515 0 0 -27.554 -9.389 -18.822
1 48 15 0.3148 0.0643 0 0 -27.668 -10.051 -14.991
1 49 22 0.2469 0.5909 0 0 -24.319 -11.035 -13.453
1 50 3 0.0864 -0.801 0 0 -24.849 -13.480 -10.545
1 51 7 0.0555 -0.521 0 0 -21.141 -13.732 -9.749
1 52 20 0.1481 0.4203 0 0 -19.294 -11.218 -7.625
1 53 3 0.1419 -0.329 0 0 -16.150 -10.121 -9.437
1 54 16 0.2839 -0.831 0 0 -14.748 -7.036 -7.694
1 55 18 0.4382 0.9135 0 0 -14.135 -4.099 -9.960
1 56 11 0.3209 -0.996 0 0 -10.946 -2.097 -10.195
1 57 7 0.4629 -0.195 0 0 -12.068 0.286 -12.902
1 58 3 0.4814 -0.211 0 0 -14.206 -0.554 -15.991
1 59 17 0.5246 -0.313 0 0 -15.587 1.691 -18.759
1 60 20 0.5308 0.3051 0 0 -18.572 1.275 -21.046
1 61 1 0.4444 -0.770 0 0 -20.367 3.195 -23.812
1 62 13 0.4197 0.3004 0 0 -23.908 3.177 -25.074
1 63 6 0.2222 -0.922 0 0 -25.965 5.394 -27.371
1 64 22 0.3086 0.9895 0 0 -29.504 6.151 -26.323
1 65 22 0.1358 -0.963 0 0 -32.396 8.471 -26.979
1 66 11 0.3024 0.9726 0 0 -33.474 10.501 -23.960
1 67 3 0.0802 0.5519 0 0 -36.431 12.929 -24.247
1 68 9 0.0308 0.0000 0 0 -35.932 12.839 -27.963
1 69 7 0.0370 0.4403 0 0 -32.217 13.691 -27.896
1 70 18 0.0432 -0.714 0 0 -29.689 11.101 -29.073
1 71 5 0.1790 0.7867 0 0 -26.628 10.814 -26.914
1 72 12 0.3395 -0.439 0 0 -23.595 8.708 -26.100
1 73 12 0.6296 0.5240 0 0 -23.201 7.644 -22.446
1 74 3 0.6234 -0.855 0 0 -19.602 6.958 -21.363
1 75 11 0.8395 0.4931 0 0 -20.029 5.076 -18.099
1 76 12 0.8148 -0.542 0 0 -17.229 4.602 -15.562
1 77 3 0.8703 -0.071 0 0 -17.832 1.759 -13.059
1 78 18 0.7901 0.5079 0 0 -15.644 2.223 -10.015
1 79 0 0.6111 -0.950 0 0 -14.249 0.219 -7.172
1 80 9 0.6419 0.0000 0 0 -16.177 0.078 -3.950
0 81 6 0 0 0 0 -16.177 0.078 -3.950
0 82 7 0 0 0 0 -16.177 0.078 -3.950
0 83 7 0 0 0 0 -16.177 0.078 -3.950
0 84 20 0 0 0 0 -16.177 0.078 -3.950
0 85 17 0 0 0 0 -16.177 0.078 -3.950
0 86 0 0 0 0 0 -16.177 0.078 -3.950
0 87 14 0 0 0 0 -16.177 0.078 -3.950
1 88 1 0.1851 -0.681 0 0 -8.245 7.836 -7.726
1 89 3 0.3580 -0.508 0 0 -10.428 10.879 -7.679
1 90 6 0.2160 -0.373 0 0 -9.590 12.352 -11.054
1 91 20 0.5123 0.5634 0 0 -12.680 10.514 -12.237
1 92 14 0.5679 0.1904 0 0 -14.418 12.851 -9.819
1 93 1 0.3518 -0.882 0 0 -13.040 15.887 -11.736
1 94 18 0.4074 -0.051 0 0 -13.719 14.134 -15.023
1 95 9 0.6913 0.0000 0 0 -17.269 12.748 -14.545
1 96 7 0.6604 -0.579 0 0 -20.159 15.034 -15.337
1 97 9 0.8827 0.0000 0 0 -22.766 13.164 -13.218
1 98 15 0.9691 -0.844 0 0 -22.726 10.436 -10.577
1 99 12 0.9938 0.8100 0 0 -24.992 7.565 -9.589
1 100 5 0.9814 -0.648 0 0 -24.522 7.066 -5.868
1 101 22 0.9753 0.4430 0 0 -25.563 3.516 -5.267
1 102 15 0.8641 -0.260 0 0 -26.376 1.674 -2.034
1 103 0 0.6975 -0.459 0 0 -28.094 -1.614 -1.447
1 104 11 0.4753 -0.030 0 0 -31.386 -1.633 0.473
1 105 2 0.2407 0.1124 0 0 -30.268 -4.667 2.590
1 106 2 0.3456 0.3560 0 0 -26.939 -3.076 3.527
1 107 18 0.2037 -0.973 0 0 -27.171 -0.306 6.110
1 108 13 0.2345 -0.076 0 0 -23.450 0.340 5.964
1 109 17 0.5493 0.4255 0 0 -23.659 1.124 2.223
1 110 15 0.5617 -0.175 0 0 -26.449 3.610 2.879
1 111 7 0.3703 -0.863 0 0 -24.439 5.360 5.630
1 112 3 0.4876 -0.206 0 0 -21.442 5.572 3.310
1 113 11 0.7222 0.6903 0 0 -23.439 7.626 0.819
1 114 10 0.5 -0.890 0 0 -22.723 10.953 2.516
1 115 10 0.4567 -0.657 0 0 -18.962 10.107 2.266
1 116 20 0.7160 0.3430 0 0 -19.061 9.557 -1.560
1 117 1 0.6790 -0.011 0 0 -21.067 12.754 -1.852
1 118 7 0.3827 -0.447 0 0 -19.012 15.215 0.250
1 119 6 0.4135 0.1356 0 0 -16.040 13.990 -1.621
1 120 11 0.6049 0.9861 0 0 -17.447 14.306 -5.129
1 121 13 0.3888 0.0371 0 0 -18.044 18.000 -4.375
1 122 1 0.1296 -0.137 0 0 -14.708 18.588 -2.621
1 123 22 0.1604 0.5136 0 0 -12.885 17.220 -5.622
1 124 13 0.2901 0.7849 0 0 -15.030 18.594 -8.492
1 125 3 0.0617 -0.979 0 0 -14.688 21.683 -6.375
1 126 17 0.1111 0.4881 0 0 -18.369 22.669 -6.673
1 127 7 0.1172 -0.664 0 0 -21.696 23.149 -5.001
1 128 3 0.3271 0.0485 0 0 -24.038 21.800 -7.719
1 129 22 0.5864 0.2524 0 0 -22.916 18.396 -9.076
1 130 16 0.7716 -0.535 0 0 -25.536 16.228 -10.943
1 131 14 0.9135 -0.218 0 0 -26.256 13.130 -8.959
1 132 22 0.9567 0.1844 0 0 -28.892 10.496 -8.478
1 133 12 0.9382 -0.756 0 0 -29.363 8.383 -5.385
1 134 22 0.9629 0.8005 0 0 -29.873 4.745 -6.228
1 135 9 0.8580 0.0000 0 0 -31.206 2.115 -3.917
1 136 2 0.8333 0.2906 0 0 -30.456 -1.242 -5.452
1 137 13 0.5740 0.0388 0 0 -31.408 -4.863 -4.800
1 138 5 0.4506 0.5784 0 0 -35.085 -3.995 -4.393
1 139 3 0.1913 0.3484 0 0 -36.036 -7.498 -5.500
1 140 12 0.0925 0.3613 0 0 -34.685 -8.975 -2.266
1 141 16 0.0246 -0.461 0 0 -36.726 -9.537 0.888
1 142 17 0.0185 -0.742 0 0 -35.655 -8.146 4.317
1 143 1 0.0740 0.4992 0 0 -34.673 -4.642 3.453
1 144 18 0.0493 -0.010 0 0 -32.924 -2.792 6.229
1 145 22 0.2098 0.8330 0 0 -33.050 0.661 4.558
1 146 3 0.1234 -0.964 0 0 -36.522 2.308 4.267
1 147 18 0.2654 -0.164 0 0 -37.804 4.024 1.170
1 148 13 0.1049 -0.837 0 0 -38.659 6.921 3.418
1 149 6 0.1543 -0.118 0 0 -35.176 7.404 4.845
1 150 0 0.4691 0.6488 0 0 -33.510 7.380 1.404
1 151 6 0.4012 -0.467 0 0 -36.186 9.756 0.091
1 152 3 0.1666 -0.846 0 0 -35.379 12.172 2.866
1 153 12 0.4259 0.4592 0 0 -31.602 11.936 2.188
1 154 0 0.5925 0.5225 0 0 -32.139 12.631 -1.540
1 155 1 0.3333 -0.700 0 0 -34.529 15.505 -0.759
1 156 17 0.1728 0.1144 0 0 -31.941 16.979 1.639
1 157 20 0.4320 0.4393 0 0 -29.382 16.940 -1.198
1 158 9 0.3950 0.0000 0 0 -31.762 18.234 -3.882
1 159 11 0.6666 0.6632 0 0 -31.377 15.097 -6.045
1 160 16 0.7469 0.2694 0 0 -33.655 12.295 -7.327
1 161 15 0.8024 -0.211 0 0 -33.944 8.888 -5.615
1 162 11 0.8456 0.3995 0 0 -34.643 5.687 -7.614
1 163 7 0.7407 -0.839 0 0 -35.133 2.153 -6.348
1 164 18 0.7962 0.9783 0 0 -33.538 -0.393 -8.663
1 165 17 0.6481 -0.989 0 0 -32.882 -4.037 -9.178
1 166 0 0.6728 0.3651 0 0 -30.138 -5.160 -11.530
1 167 13 0.3765 -0.783 0 0 -31.752 -8.608 -11.366
1 168 18 0.2962 -0.098 0 0 -35.217 -7.736 -12.569
1 169 1 0.4938 0.0298 0 0 -34.076 -4.643 -14.356
1 170 6 0.5185 -0.139 0 0 -36.466 -2.416 -12.324
1 171 9 0.7345 0.0000 0 0 -35.327 1.222 -12.477
1 172 22 0.8518 -0.217 0 0 -32.097 0.491 -14.487
1 173 3 0.7592 -0.852 0 0 -32.806 2.615 -17.541
1 174 3 0.7777 -0.344 0 0 -34.578 5.155 -15.347
1 175 0 0.9444 0.6500 0 0 -31.549 5.637 -13.088
1 176 15 0.9259 0.4777 0 0 -29.265 6.418 -16.025
1 177 20 0.7839 -0.557 0 0 -31.737 8.494 -17.984
1 178 18 0.8209 0.0673 0 0 -32.617 10.511 -14.882
1 179 12 0.9074 0.7102 0 0 -28.942 11.246 -14.321
1 180 22 0.7530 -0.373 0 0 -28.666 12.484 -17.927
1 181 1 0.5802 -0.098 0 0 -31.699 14.735 -17.292
1 182 7 0.6543 0.2431 0 0 -29.934 16.079 -14.155
1 183 11 0.5987 0.5394 0 0 -26.795 16.972 -16.188
1 184 1 0.3641 0.0637 0 0 -28.931 18.732 -18.841
1 185 13 0.2283 0.3367 0 0 -30.504 20.930 -16.168
1 186 10 0.2530 0.2171 0 0 -27.050 21.837 -14.835
1 187 13 0.0987 0.4977 0 0 -25.715 22.772 -18.334
0 188 7 0 0 0 0 -25.715 22.772 -18.334
0 189 13 0 0 0 0 -25.715 22.772 -18.334
