0 1 14 0 0 0 0 0 0 0
0 2 9 0 0 0 0 0 0 0
0 3 17 0 0 0 0 0 0 0
0 4 17 0 0 0 0 0 0 0
0 5 10 0 0 0 0 0 0 0
0 6 10 0 0 0 0 0 0 0
0 7 10 0 0 0 0 0 0 0
0 8 10 0 0 0 0 0 0 0
0 9 10 0 0 0 0 0 0 0
0 10 10 0 0 0 0 0 0 0
0 11 17 0 0 0 0 0 0 0
0 12 17 0 0 0 0 0 0 0
0 13 9 0 0 0 0 0 0 0
0 14 12 0 0 0 0 0 0 0
0 15 22 0 0 0 0 0 0 0
0 16 16 0 0 0 0 0 0 0
0 17 1 0 0 0 0 0 0 0
1 18 9 0.0058 0.0000 0 0 15.036 48.418 -44.946
1 19 17 0.0 -0.652 0 0 12.202 48.526 -47.441
1 20 10 0.0117 -0.414 0 0 10.593 45.530 -45.645
1 21 14 0.0176 0.4533 0 0 9.089 46.260 -42.215
1 22 18 0.0705 0.2010 0 0 9.990 43.683 -39.541
1 23 7 0.2823 -0.104 0 0 7.197 41.315 -38.556
1 24 20 0.5529 -0.223 0 0 6.819 39.217 -35.389
1 25 13 0.7235 -0.782 0 0 4.397 36.291 -34.980
1 26 12 0.9176 -0.006 0 0 3.383 36.258 -31.287
1 27 22 0.9588 -0.688 0 0 1.305 33.342 -30.021
1 28 22 0.9882 0.2835 0 0 -0.805 33.510 -26.825
1 29 22 0.9647 -0.196 0 0 -1.259 30.139 -25.116
1 30 9 0.9117 0.0000 0 0 -2.618 28.792 -21.863
1 31 0 0.7470 -0.558 0 0 -5.604 27.168 -20.117
1 32 3 0.6117 -0.990 0 0 -9.086 28.013 -20.958
1 33 9 0.5705 0.0000 0 0 -10.436 31.120 -19.269
1 34 22 0.8117 0.6167 0 0 -7.110 32.576 -18.124
1 35 9 0.8470 0.0000 0 0 -7.646 35.736 -20.240
1 36 13 0.9411 0.0713 0 0 -5.764 35.145 -23.497
1 37 17 0.8352 -0.599 0 0 -8.332 36.914 -25.638
1 38 0 0.7705 -0.304 0 0 -8.939 39.632 -23.112
1 39 12 0.8941 0.6459 0 0 -5.178 40.424 -23.038
1 40 18 0.8764 0.2889 0 0 -5.087 40.520 -26.808
1 41 11 0.6529 -0.485 0 0 -8.083 42.805 -27.168
1 42 6 0.6176 -0.412 0 0 -6.761 45.180 -24.534
1 43 12 0.7117 0.5960 0 0 -3.592 45.346 -26.555
1 44 11 0.5176 0.2584 0 0 -5.313 45.931 -29.864
1 45 6 0.2941 -0.345 0 0 -8.406 47.935 -28.941
1 46 2 0.2647 -0.270 0 0 -7.899 49.331 -25.429
1 47 10 0.2176 -0.489 0 0 -11.118 47.469 -24.569
1 48 15 0.3176 0.0853 0 0 -11.864 45.063 -21.736
1 49 22 0.3000 0.3494 0 0 -13.964 42.085 -22.772
1 50 3 0.1176 -0.736 0 0 -15.974 41.165 -19.687
1 51 7 0.0647 -0.859 0 0 -18.149 38.485 -21.335
1 52 20 0.1764 0.0487 0 0 -16.462 35.100 -21.950
1 53 3 0.1647 -0.717 0 0 -16.645 33.777 -25.532
1 54 16 0.3588 -0.885 0 0 -14.254 30.838 -25.917
1 55 18 0.4705 0.9121 0 0 -11.827 30.944 -28.738
1 56 11 0.3647 -0.983 0 0 -11.290 28.565 -31.681
1 57 7 0.5058 -0.426 0 0 -8.553 30.737 -33.175
1 58 3 0.5294 -0.354 0 0 -8.156 34.420 -34.001
1 59 17 0.5882 -0.651 0 0 -5.361 36.644 -35.265
1 60 20 0.5411 0.2846 0 0 -4.762 40.358 -35.033
1 61 1 0.4352 -0.390 0 0 -2.238 42.797 -36.512
1 62 13 0.4117 0.3027 0 0 -0.812 45.927 -34.882
1 63 6 0.2117 -0.955 0 0 2.075 48.176 -35.638
1 64 22 0.2882 0.9929 0 0 4.103 49.321 -32.661
1 65 22 0.1235 -0.973 0 0 7.475 50.888 -31.809
1 66 11 0.2470 0.9668 0 0 9.644 48.960 -29.396
1 67 3 0.0764 0.5278 0 0 13.125 50.169 -28.511
1 68 9 0.0294 0.0000 0 0 12.886 52.627 -31.332
1 69 7 0.0411 0.3786 0 0 12.153 50.012 -34.040
1 70 18 0.0470 -0.677 0 0 8.799 50.040 -35.782
1 71 5 0.1705 0.7864 0 0 7.440 46.543 -36.271
1 72 12 0.3117 -0.420 0 0 4.245 44.802 -37.151
1 73 12 0.6058 0.4863 0 0 2.868 42.297 -34.670
1 74 3 0.6411 -0.432 0 0 0.769 39.378 -35.825
1 75 11 0.8588 0.3976 0 0 -0.948 38.081 -32.707
1 76 12 0.8647 -0.490 0 0 -2.264 34.550 -32.763
1 77 3 0.8882 -0.091 0 0 -4.858 33.990 -30.030
1 78 18 0.8411 0.4798 0 0 -5.287 30.232 -29.396
1 79 0 0.6705 -0.925 0 0 -7.975 28.048 -27.779
1 80 9 0.6647 0.0000 0 0 -7.734 26.829 -24.240
1 81 6 0.3705 -0.453 0 0 -10.251 24.045 -25.160
1 82 7 0.1941 -0.641 0 0 -8.664 20.637 -25.756
1 83 7 0.0588 -0.522 0 0 -10.982 20.210 -28.810
1 84 20 0.2294 -0.249 0 0 -8.951 22.723 -30.815
1 85 17 0.3529 -0.609 0 0 -5.433 21.597 -29.990
1 86 0 0.1411 -0.971 0 0 -4.393 20.591 -33.488
1 87 14 0.3294 -0.401 0 0 -5.127 24.223 -34.578
1 88 1 0.5941 0.2204 0 0 -3.353 25.518 -31.530
1 89 3 0.4647 -0.443 0 0 -0.278 23.389 -32.434
1 90 6 0.3882 -0.748 0 0 -0.253 24.751 -35.941
1 91 20 0.6235 0.1445 0 0 -0.194 28.342 -34.589
1 92 14 0.7 0.3107 0 0 2.682 27.230 -32.425
1 93 1 0.4294 -0.692 0 0 4.545 25.955 -35.466
1 94 18 0.4588 -0.095 0 0 4.162 29.341 -37.128
1 95 9 0.7411 0.0000 0 0 4.830 31.512 -34.047
1 96 7 0.6823 -0.576 0 0 8.212 32.998 -33.225
1 97 9 0.8823 0.0000 0 0 7.524 33.685 -29.590
1 98 15 0.9705 -0.727 0 0 5.003 32.748 -26.936
1 99 12 0.9941 0.5964 0 0 3.081 34.306 -24.051
1 100 5 0.9823 -0.662 0 0 2.391 31.471 -21.608
1 101 22 0.9764 0.4636 0 0 -0.555 32.716 -19.691
1 102 15 0.8705 -0.326 0 0 -2.011 31.571 -16.385
1 103 0 0.6882 -0.363 0 0 -4.435 33.234 -13.960
1 104 11 0.4823 -0.086 0 0 -3.197 34.055 -10.455
1 105 2 0.2411 0.1167 0 0 -6.495 32.845 -8.892
1 106 2 0.3352 0.3978 0 0 -6.384 29.481 -10.747
1 107 18 0.2235 -0.875 0 0 -3.726 27.016 -9.493
1 108 13 0.2588 -0.333 0 0 -4.570 24.456 -12.226
1 109 17 0.5764 0.3947 0 0 -3.722 27.027 -14.961
1 110 15 0.5647 -0.256 0 0 -0.389 27.715 -13.279
1 111 7 0.3941 -0.921 0 0 0.272 23.957 -13.095
1 112 3 0.5352 -0.127 0 0 -0.505 23.714 -16.864
1 113 11 0.7588 0.6516 0 0 2.351 26.100 -17.743
1 114 10 0.5117 -0.880 0 0 5.132 23.501 -17.694
1 115 10 0.4764 -0.779 0 0 3.018 21.465 -20.116
1 116 20 0.7764 0.3678 0 0 2.412 24.373 -22.579
1 117 1 0.7294 -0.257 0 0 6.130 25.002 -22.541
1 118 7 0.4470 -0.745 0 0 6.879 21.333 -23.317
1 119 6 0.5 -0.265 0 0 4.329 21.363 -25.995
1 120 11 0.6588 0.9585 0 0 5.891 24.406 -27.644
1 121 13 0.4235 -0.091 0 0 9.366 22.763 -27.487
1 122 1 0.1823 -0.095 0 0 7.897 19.530 -28.991
1 123 22 0.3058 0.6186 0 0 6.002 21.242 -31.828
1 124 13 0.3235 0.7539 0 0 8.916 23.552 -32.701
1 125 3 0.0882 -0.976 0 0 11.511 20.762 -32.145
1 126 17 0.1294 0.5127 0 0 13.787 23.124 -30.215
1 127 7 0.1470 -0.775 0 0 14.980 23.655 -26.675
1 128 3 0.3470 -0.165 0 0 15.247 27.458 -26.762
1 129 22 0.6 0.2762 0 0 12.073 29.193 -27.775
1 130 16 0.7882 -0.472 0 0 11.391 32.875 -26.920
1 131 14 0.9058 -0.217 0 0 8.688 33.076 -24.318
1 132 22 0.9470 0.0837 0 0 7.336 35.082 -21.425
1 133 12 0.9352 -0.754 0 0 5.442 33.740 -18.377
1 134 22 0.9529 0.7641 0 0 2.332 35.896 -17.833
1 135 9 0.8529 0.0000 0 0 0.327 35.838 -14.613
1 136 2 0.8294 0.2996 0 0 -2.979 37.394 -15.509
1 137 13 0.5588 0.0827 0 0 -5.963 38.724 -13.495
1 138 5 0.4411 0.3158 0 0 -3.717 40.414 -10.940
1 139 3 0.1882 0.3224 0 0 -6.590 42.813 -10.186
1 140 12 0.0999 0.3538 0 0 -8.588 40.034 -8.452
1 141 16 0.0352 -0.398 0 0 -8.553 39.245 -4.748
1 142 17 0.0235 -0.568 0 0 -8.085 35.572 -3.543
1 143 1 0.0823 0.3986 0 0 -4.881 34.850 -5.467
1 144 18 0.0529 0.0096 0 0 -3.825 31.245 -5.125
1 145 22 0.1999 0.8629 0 0 -0.511 31.583 -6.961
1 146 3 0.1058 -0.901 0 0 2.189 33.539 -5.144
1 147 18 0.2352 -0.066 0 0 4.395 35.944 -7.099
1 148 13 0.0941 -0.877 0 0 7.415 34.114 -5.745
1 149 6 0.1352 -0.222 0 0 6.250 30.738 -7.154
1 150 0 0.4529 0.5708 0 0 5.827 32.366 -10.518
1 151 6 0.3823 -0.461 0 0 9.152 34.177 -10.456
1 152 3 0.1529 -0.863 0 0 10.887 30.940 -9.446
1 153 12 0.4058 0.5135 0 0 9.316 28.979 -12.334
1 154 0 0.5470 0.4876 0 0 10.219 31.725 -14.731
1 155 1 0.2764 -0.671 0 0 13.810 31.820 -13.458
1 156 17 0.1588 0.2502 0 0 14.055 27.962 -13.832
1 157 20 0.4176 0.5097 0 0 13.258 28.404 -17.554
1 158 9 0.3764 0.0000 0 0 15.407 31.586 -17.914
1 159 11 0.6352 0.6739 0 0 12.523 33.684 -19.118
1 160 16 0.7058 0.2627 0 0 10.807 36.865 -17.968
1 161 15 0.7941 -0.221 0 0 7.714 36.869 -15.713
1 162 11 0.8176 0.3766 0 0 5.085 39.634 -15.953
1 163 7 0.7176 -0.812 0 0 1.952 40.072 -13.791
1 164 18 0.8 0.9830 0 0 -0.928 41.471 -15.837
1 165 17 0.6470 -0.984 0 0 -4.507 42.519 -15.752
1 166 0 0.6764 0.4197 0 0 -6.498 42.653 -18.924
1 167 13 0.4 -0.788 0 0 -9.027 44.633 -16.896
1 168 18 0.2705 -0.117 0 0 -6.787 47.405 -15.629
1 169 1 0.4882 0.0695 0 0 -4.248 47.186 -18.481
1 170 6 0.4941 -0.197 0 0 -1.423 46.615 -15.931
1 171 9 0.6941 0.0000 0 0 1.481 44.904 -17.653
1 172 22 0.8235 -0.096 0 0 -0.330 44.391 -20.990
1 173 3 0.7352 -0.837 0 0 1.961 46.319 -23.329
1 174 3 0.7647 -0.392 0 0 4.925 45.183 -21.216
1 175 0 0.9235 0.6498 0 0 4.070 41.551 -21.768
1 176 15 0.9294 0.5182 0 0 3.970 41.793 -25.538
1 177 20 0.7823 -0.541 0 0 6.876 44.210 -25.904
1 178 18 0.8058 0.0764 0 0 9.052 42.084 -23.669
1 179 12 0.9 0.7562 0 0 8.247 39.081 -25.766
1 180 22 0.7529 -0.351 0 0 9.388 40.978 -28.854
1 181 1 0.5235 -0.125 0 0 12.621 41.903 -27.097
1 182 7 0.6294 0.2534 0 0 13.104 38.159 -26.317
1 183 11 0.5823 0.5755 0 0 12.595 37.225 -29.983
1 184 1 0.3411 0.0392 0 0 15.145 39.853 -31.014
1 185 13 0.2058 0.2966 0 0 17.685 38.464 -28.553
1 186 10 0.2529 0.2824 0 0 17.089 35.007 -30.014
1 187 13 0.1117 0.3679 0 0 17.466 36.236 -33.605
0 188 7 0 0 0 0 17.466 36.236 -33.605
0 189 13 0 0 0 0 17.466 36.236 -33.605
