0 1 14 0 0 0 0 0 0 0
0 2 9 0 0 0 0 0 0 0
0 3 17 0 0 0 0 0 0 0
0 4 17 0 0 0 0 0 0 0
0 5 10 0 0 0 0 0 0 0
0 6 10 0 0 0 0 0 0 0
0 7 10 0 0 0 0 0 0 0
0 8 10 0 0 0 0 0 0 0
0 9 10 0 0 0 0 0 0 0
0 10 10 0 0 0 0 0 0 0
0 11 17 0 0 0 0 0 0 0
0 12 17 0 0 0 0 0 0 0
0 13 9 0 0 0 0 0 0 0
0 14 12 0 0 0 0 0 0 0
0 15 22 0 0 0 0 0 0 0
0 16 16 0 0 0 0 0 0 0
0 17 1 0 0 0 0 0 0 0
1 18 9 0.0 0.0000 0 0 24.189 16.116 -21.437
1 19 17 0.0059 -0.555 0 0 21.123 13.968 -22.324
1 20 10 0.0118 0.6945 0 0 20.141 16.214 -25.195
1 21 14 0.0177 0.2387 0 0 20.926 15.053 -28.731
1 22 18 0.0828 0.0686 0 0 22.196 17.992 -30.798
1 23 7 0.3254 0.1127 0 0 20.203 18.561 -33.943
1 24 20 0.5621 -0.241 0 0 20.955 20.873 -36.795
1 25 13 0.7100 -0.831 0 0 18.186 22.067 -39.000
1 26 12 0.9112 0.0892 0 0 19.523 22.352 -42.472
1 27 22 0.9585 -0.657 0 0 17.640 23.760 -45.433
1 28 22 0.9881 0.2668 0 0 18.487 23.117 -49.090
1 29 22 0.9644 -0.222 0 0 17.418 25.896 -51.492
1 30 9 0.9289 0.0000 0 0 17.914 26.793 -55.069
1 31 0 0.7633 -0.515 0 0 16.180 27.018 -58.433
1 32 3 0.6094 -0.864 0 0 14.103 24.204 -59.977
1 33 9 0.5798 0.0000 0 0 16.277 21.408 -61.343
1 34 22 0.8106 0.6247 0 0 19.623 22.247 -59.782
1 35 9 0.8461 0.0000 0 0 19.774 18.918 -57.890
1 36 13 0.9408 0.1185 0 0 18.567 19.739 -54.340
1 37 17 0.8284 -0.606 0 0 16.689 16.490 -53.922
1 38 0 0.7573 -0.288 0 0 19.394 14.484 -55.692
1 39 12 0.8934 0.6732 0 0 22.067 15.841 -53.326
1 40 18 0.8757 0.4081 0 0 19.967 14.980 -50.262
1 41 11 0.6390 -0.486 0 0 19.105 11.473 -51.528
1 42 6 0.6153 -0.417 0 0 22.753 10.894 -52.376
1 43 12 0.6982 0.5583 0 0 23.710 11.959 -48.818
1 44 11 0.5088 0.2670 0 0 21.117 9.733 -47.106
1 45 6 0.2721 -0.184 0 0 20.905 6.601 -49.358
1 46 2 0.2603 -0.358 0 0 24.053 6.600 -51.450
1 47 10 0.1834 -0.516 0 0 21.816 6.544 -54.466
1 48 15 0.3195 0.1270 0 0 21.655 8.732 -57.569
1 49 22 0.2544 0.6350 0 0 18.078 9.409 -58.623
1 50 3 0.1242 -0.516 0 0 17.607 10.223 -62.319
1 51 7 0.0710 -0.721 0 0 13.855 10.863 -62.555
1 52 20 0.1124 -0.125 0 0 12.009 14.148 -62.922
1 53 3 0.1597 -0.010 0 0 10.022 14.717 -59.724
1 54 16 0.3550 -0.892 0 0 9.485 18.297 -58.540
1 55 18 0.4792 0.8681 0 0 9.484 18.758 -54.771
1 56 11 0.3846 -0.985 0 0 6.921 20.536 -52.688
1 57 7 0.5147 0.0810 0 0 8.680 20.094 -49.328
1 58 3 0.5384 -0.275 0 0 10.338 16.955 -47.955
1 59 17 0.5502 -0.791 0 0 12.146 16.306 -44.607
1 60 20 0.5443 0.3354 0 0 14.977 13.816 -43.877
1 61 1 0.4615 -0.448 0 0 16.970 12.900 -40.828
1 62 13 0.4201 0.2709 0 0 20.455 11.447 -40.533
1 63 6 0.2071 -0.913 0 0 22.798 11.026 -37.640
1 64 22 0.2840 0.9818 0 0 26.454 11.734 -38.425
1 65 22 0.1183 -0.966 0 0 29.697 12.425 -36.514
1 66 11 0.2307 0.9884 0 0 31.347 15.684 -37.383
1 67 3 0.0532 0.5621 0 0 34.626 16.795 -35.638
1 68 9 0.0236 0.0000 0 0 33.901 14.240 -32.947
1 69 7 0.0414 0.3895 0 0 30.386 15.451 -32.202
1 70 18 0.0473 -0.711 0 0 27.354 13.284 -32.938
1 71 5 0.1656 0.7477 0 0 24.411 15.167 -34.271
1 72 12 0.3431 -0.366 0 0 21.169 14.653 -35.954
1 73 12 0.6272 0.4881 0 0 20.818 16.437 -39.323
1 74 3 0.6508 -0.474 0 0 17.279 17.454 -39.966
1 75 11 0.8579 0.4119 0 0 17.282 18.327 -43.596
1 76 12 0.8639 -0.489 0 0 14.528 20.248 -45.373
1 77 3 0.8875 -0.085 0 0 14.539 19.809 -49.115
1 78 18 0.8402 0.5579 0 0 12.507 22.753 -50.559
1 79 0 0.6686 -0.925 0 0 10.623 23.622 -53.763
1 80 9 0.6863 0.0000 0 0 12.537 25.345 -56.507
1 81 6 0.4023 -0.478 0 0 9.261 26.008 -58.325
1 82 7 0.2366 0.2076 0 0 8.058 29.576 -57.805
1 83 7 0.0650 -0.396 0 0 4.459 28.378 -57.385
1 84 20 0.2011 -0.163 0 0 5.413 27.277 -53.795
1 85 17 0.3313 -0.529 0 0 7.272 30.439 -52.858
1 86 0 0.1005 -0.884 0 0 4.726 31.399 -50.085
1 87 14 0.2899 0.0468 0 0 6.158 28.615 -47.915
1 88 1 0.4970 0.2951 0 0 9.641 30.166 -47.817
1 89 3 0.3372 -0.691 0 0 9.195 32.570 -44.910
1 90 6 0.3136 -0.538 0 0 8.242 29.688 -42.612
1 91 20 0.5739 0.6675 0 0 11.215 27.449 -43.509
1 92 14 0.6331 0.2725 0 0 13.589 30.327 -43.401
1 93 1 0.3727 -0.765 0 0 12.441 31.339 -39.932
1 94 18 0.4437 -0.208 0 0 12.870 27.707 -38.736
1 95 9 0.7218 0.0000 0 0 16.106 26.772 -40.483
1 96 7 0.6923 -0.588 0 0 19.521 27.231 -38.824
1 97 9 0.8816 0.0000 0 0 21.604 26.861 -41.943
1 98 15 0.9704 -0.763 0 0 21.209 26.934 -45.694
1 99 12 0.9940 0.5855 0 0 22.822 25.180 -48.654
1 100 5 0.9822 -0.662 0 0 22.367 27.564 -51.593
1 101 22 0.9763 0.4545 0 0 22.598 25.362 -54.633
1 102 15 0.8698 -0.326 0 0 23.060 26.259 -58.266
1 103 0 0.7041 -0.360 0 0 23.966 24.069 -61.228
1 104 11 0.5029 -0.050 0 0 27.239 24.833 -63.015
1 105 2 0.2662 0.1851 0 0 25.615 24.336 -66.466
1 106 2 0.3609 0.3272 0 0 22.785 26.786 -65.682
1 107 18 0.2485 -0.894 0 0 23.679 30.452 -65.491
1 108 13 0.2958 -0.326 0 0 20.187 31.533 -64.491
1 109 17 0.5917 0.4001 0 0 20.243 29.313 -61.360
1 110 15 0.5976 -0.248 0 0 23.497 31.048 -60.402
1 111 7 0.4082 -0.865 0 0 21.920 34.548 -60.847
1 112 3 0.5325 -0.260 0 0 18.968 33.341 -58.728
1 113 11 0.7810 0.6530 0 0 21.293 32.660 -55.728
1 114 10 0.5266 -0.934 0 0 21.277 36.288 -54.693
1 115 10 0.4911 -0.635 0 0 17.428 36.243 -54.346
1 116 20 0.7751 0.4435 0 0 17.554 33.328 -51.905
1 117 1 0.7337 -0.087 0 0 20.338 34.845 -49.971
1 118 7 0.4319 -0.535 0 0 18.581 38.229 -49.674
1 119 6 0.4556 0.1123 0 0 15.269 36.656 -48.569
1 120 11 0.6213 0.9819 0 0 16.997 34.574 -45.890
1 121 13 0.4260 -0.128 0 0 18.921 37.511 -44.421
1 122 1 0.1479 -0.142 0 0 15.631 39.467 -44.252
1 123 22 0.2248 0.4759 0 0 13.583 36.829 -42.643
1 124 13 0.3017 0.8009 0 0 16.394 36.137 -40.188
1 125 3 0.0769 -0.974 0 0 17.347 39.826 -39.619
1 126 17 0.1360 0.4475 0 0 20.996 38.884 -39.632
1 127 7 0.1775 -0.943 0 0 23.849 39.318 -42.034
1 128 3 0.3668 -0.428 0 0 25.591 36.377 -40.487
1 129 22 0.6035 0.3068 0 0 23.312 33.453 -41.332
1 130 16 0.7869 -0.548 0 0 25.168 30.099 -41.684
1 131 14 0.9053 -0.015 0 0 25.260 29.293 -45.410
1 132 22 0.9467 0.0887 0 0 27.229 27.397 -48.001
1 133 12 0.9349 -0.739 0 0 27.268 28.026 -51.735
1 134 22 0.9526 0.7184 0 0 27.032 24.778 -53.627
1 135 9 0.8520 0.0000 0 0 27.874 24.433 -57.357
1 136 2 0.8343 0.3178 0 0 26.263 21.129 -58.325
1 137 13 0.5680 0.0735 0 0 26.425 18.919 -61.417
1 138 5 0.4497 0.3161 0 0 30.278 19.218 -61.526
1 139 3 0.1952 0.3465 0 0 30.350 15.877 -63.349
1 140 12 0.1065 0.3377 0 0 28.909 17.452 -66.535
1 141 16 0.0355 -0.478 0 0 30.992 18.826 -69.328
1 142 17 0.0295 -0.547 0 0 29.455 22.005 -70.748
1 143 1 0.0887 0.4187 0 0 29.668 24.294 -67.734
1 144 18 0.0591 0.0330 0 0 28.564 27.891 -68.093
1 145 22 0.2130 0.8752 0 0 29.480 29.045 -64.590
1 146 3 0.1301 -0.972 0 0 33.190 29.201 -63.839
1 147 18 0.2426 -0.178 0 0 34.779 28.258 -60.513
1 148 13 0.0946 -0.774 0 0 36.343 31.697 -60.330
1 149 6 0.1420 -0.130 0 0 33.080 33.665 -60.270
1 150 0 0.4733 0.5558 0 0 31.357 31.235 -57.845
1 151 6 0.3786 -0.326 0 0 34.367 31.660 -55.587
1 152 3 0.1538 -0.858 0 0 34.196 35.480 -55.872
1 153 12 0.4142 0.5483 0 0 30.439 35.506 -55.092
1 154 0 0.5562 0.4376 0 0 31.018 33.290 -52.025
1 155 1 0.3076 -0.750 0 0 33.833 35.565 -50.987
1 156 17 0.1715 -0.141 0 0 31.428 38.520 -51.310
1 157 20 0.4378 0.5038 0 0 29.090 36.819 -48.947
1 158 9 0.3964 0.0000 0 0 31.641 35.546 -46.413
1 159 11 0.6627 0.6972 0 0 30.702 31.888 -46.842
1 160 16 0.7159 0.2335 0 0 32.357 28.703 -48.146
1 161 15 0.7928 -0.178 0 0 31.888 27.447 -51.700
1 162 11 0.8165 0.3851 0 0 31.985 23.827 -52.639
1 163 7 0.7455 -0.759 0 0 31.524 22.057 -55.940
1 164 18 0.7988 0.9835 0 0 29.474 18.906 -55.847
1 165 17 0.6568 -0.981 0 0 27.944 16.097 -57.879
1 166 0 0.6745 0.4931 0 0 24.983 14.213 -56.768
1 167 13 0.3905 -0.788 0 0 25.701 11.848 -59.639
1 168 18 0.2781 -0.142 0 0 29.172 10.823 -58.509
1 169 1 0.4852 0.0624 0 0 28.884 11.855 -54.842
1 170 6 0.4674 -0.288 0 0 31.944 14.209 -55.130
1 171 9 0.6804 0.0000 0 0 31.674 16.925 -52.448
1 172 22 0.8224 -0.134 0 0 28.312 15.761 -51.029
1 173 3 0.7278 -0.824 0 0 29.403 14.948 -47.461
1 174 3 0.7396 -0.407 0 0 31.742 17.935 -47.452
1 175 0 0.9230 0.6501 0 0 28.832 20.341 -48.378
1 176 15 0.9171 0.5115 0 0 26.646 19.194 -45.503
1 177 20 0.7692 -0.550 0 0 29.456 18.826 -42.950
1 178 18 0.8047 0.0173 0 0 30.789 22.287 -43.936
1 179 12 0.8994 0.7873 0 0 27.323 23.793 -43.281
1 180 22 0.7514 -0.375 0 0 27.223 22.159 -39.782
1 181 1 0.5207 -0.165 0 0 30.664 23.621 -39.043
1 182 7 0.6449 0.2347 0 0 29.327 27.057 -40.091
1 183 11 0.5857 0.5373 0 0 26.339 26.746 -37.744
1 184 1 0.3491 0.0369 0 0 28.752 25.770 -34.997
1 185 13 0.1893 0.3561 0 0 31.141 28.688 -35.491
1 186 10 0.2189 0.3551 0 0 28.133 30.990 -35.284
0 187 13 0 0 0 0 28.133 30.990 -35.284
0 188 7 0 0 0 0 28.133 30.990 -35.284
0 189 13 0 0 0 0 28.133 30.990 -35.284
