1 1 9 0.0 -0.585 0 0 10.905 12.079 3.192
1 2 14 0.0352 0.2664 0 0 7.857 12.786 1.059
1 3 18 0.1235 0.3062 0 0 7.013 12.983 -2.629
1 4 7 0.3411 -0.111 0 0 4.373 15.194 -4.239
1 5 20 0.6 -0.169 0 0 2.460 14.063 -7.335
1 6 13 0.7352 -0.077 0 0 0.328 16.179 -9.662
1 7 12 0.9235 0.0779 0 0 -2.601 14.017 -10.806
1 8 22 0.9588 -0.700 0 0 -5.243 15.011 -13.381
1 9 22 0.9882 0.2236 0 0 -8.716 13.449 -13.728
1 10 22 0.9647 -0.071 0 0 -10.222 13.567 -17.233
1 11 9 0.9058 0.4397 0 0 -13.239 12.102 -18.987
1 12 0 0.7470 -0.415 0 0 -16.669 13.021 -20.285
1 13 5 0.5941 -0.944 0 0 -19.281 15.018 -18.375
1 14 9 0.5823 -0.087 0 0 -20.968 12.926 -15.686
1 15 22 0.8 0.5759 0 0 -18.611 9.941 -15.552
1 16 9 0.8411 -0.680 0 0 -17.776 10.651 -11.882
1 17 13 0.9411 0.0538 0 0 -14.520 12.656 -11.903
1 18 17 0.8235 -0.670 0 0 -15.621 14.891 -9.014
1 19 0 0.7411 -0.312 0 0 -17.127 11.964 -7.064
1 20 12 0.8823 0.6378 0 0 -13.909 9.989 -7.426
1 21 18 0.8764 0.1825 0 0 -11.818 12.981 -6.332
1 22 11 0.6529 -0.574 0 0 -14.001 13.701 -3.288
1 23 6 0.6235 -0.227 0 0 -13.938 10.044 -2.251
1 24 12 0.7 0.6218 0 0 -10.156 10.291 -2.191
1 25 11 0.5352 0.3649 0 0 -9.921 13.656 -0.411
1 26 6 0.3294 -0.273 0 0 -12.897 13.372 1.975
1 27 2 0.3352 -0.317 0 0 -13.652 9.618 2.115
1 28 10 0.2176 -0.401 0 0 -17.322 9.872 1.189
1 29 15 0.3529 0.0919 0 0 -19.659 9.967 -1.812
1 30 22 0.2647 0.5351 0 0 -21.407 13.040 -3.235
1 31 3 0.1294 -0.831 0 0 -24.616 12.838 -5.203
1 32 7 0.1411 -0.879 0 0 -24.239 16.310 -6.674
1 33 20 0.3176 0.5500 0 0 -21.196 18.500 -7.282
1 34 3 0.1705 -0.603 0 0 -21.305 21.558 -9.563
1 35 16 0.3941 -0.753 0 0 -20.316 20.218 -13.029
1 36 18 0.2352 -0.953 0 0 -18.706 23.554 -13.859
1 37 11 0.3882 -0.403 0 0 -16.161 23.517 -11.003
1 38 7 0.5470 0.2020 0 0 -12.657 22.789 -12.306
1 39 3 0.5294 -0.728 0 0 -10.143 23.004 -9.475
1 40 17 0.6058 -0.469 0 0 -7.217 21.289 -7.781
1 41 20 0.5705 0.2499 0 0 -7.367 19.608 -4.394
1 42 1 0.4588 -0.545 0 0 -4.536 18.548 -2.075
1 43 13 0.4411 -0.097 0 0 -4.480 15.416 0.047
1 44 6 0.2117 -0.969 0 0 -1.700 13.793 2.068
1 45 22 0.2941 0.9814 0 0 -1.741 9.968 2.133
1 46 22 0.1352 -0.984 0 0 0.847 7.176 2.509
1 47 11 0.2823 0.9643 0 0 1.595 4.976 -0.518
1 48 3 0.0764 0.5843 0 0 3.823 1.902 -0.065
1 49 9 0.0058 0.3479 0 0 5.185 3.417 3.142
1 50 7 0.0529 0.1212 0 0 6.034 6.852 1.695
1 51 18 0.0588 -0.654 0 0 4.287 10.052 2.661
1 52 17 0.3000 0.3851 0 0 2.661 11.202 -0.575
1 53 12 0.3588 -0.618 0 0 1.126 14.607 -1.216
1 54 12 0.6352 0.4232 0 0 -1.425 14.350 -4.014
1 55 3 0.6647 -0.596 0 0 -2.426 17.490 -5.897
1 56 11 0.8705 0.3905 0 0 -5.483 16.398 -7.897
1 57 12 0.8647 -0.337 0 0 -6.864 18.499 -10.762
1 58 3 0.8882 -0.283 0 0 -10.530 17.636 -11.381
1 59 18 0.8529 0.5793 0 0 -11.401 18.871 -14.896
1 60 0 0.6470 -0.121 0 0 -14.832 20.308 -15.724
1 61 9 0.3764 0.4510 0 0 -16.595 23.075 -17.563
1 62 6 0.2411 -0.945 0 0 -16.477 22.882 -21.356
1 63 7 0.2764 5.5780 0 0 -14.027 22.021 -24.081
1 64 7 0.1117 -0.134 0 0 -11.794 25.021 -24.794
1 65 20 0.0941 0.4587 0 0 -8.057 25.610 -25.035
1 66 17 0.0470 0.2640 0 0 -6.185 28.522 -23.520
1 67 0 0.0294 -0.984 0 0 -2.584 29.116 -22.602
1 68 14 0.0647 0.1408 0 0 -3.737 28.997 -18.972
1 69 1 0.3058 0.4643 0 0 -5.397 25.621 -19.318
1 70 3 0.2882 -0.544 0 0 -2.814 23.964 -21.579
1 71 6 0.1764 -0.716 0 0 -0.143 25.009 -19.094
1 72 20 0.4352 0.1368 0 0 -1.805 23.570 -16.035
1 73 14 0.6411 0.4890 0 0 -2.804 20.396 -17.905
1 74 1 0.4941 -0.998 0 0 0.811 20.018 -19.021
1 75 18 0.4882 -0.532 0 0 2.020 20.242 -15.414
1 76 9 0.7647 -0.072 0 0 0.089 17.074 -14.636
1 77 7 0.7235 -0.561 0 0 2.412 14.118 -14.141
1 78 9 0.8941 -0.616 0 0 -0.233 11.423 -14.600
1 79 15 0.9764 -0.764 0 0 -3.801 11.229 -15.829
1 80 12 0.9941 0.6429 0 0 -6.852 9.123 -14.981
1 81 12 0.9823 -0.629 0 0 -8.833 8.444 -18.158
1 82 22 0.9705 0.5144 0 0 -12.324 8.021 -16.690
1 83 15 0.8588 -0.299 0 0 -15.386 6.593 -18.424
1 84 0 0.6941 -0.291 0 0 -18.582 5.193 -16.924
1 85 11 0.5058 -0.039 0 0 -19.250 1.496 -17.492
1 86 2 0.2588 -0.024 0 0 -22.940 2.263 -18.246
1 87 2 0.3470 0.1399 0 0 -22.157 4.923 -20.877
1 88 18 0.2058 -0.862 0 0 -20.706 3.809 -24.212
1 89 13 0.2705 -0.170 0 0 -20.290 7.390 -25.445
1 90 17 0.5882 0.2256 0 0 -17.936 8.138 -22.519
1 91 15 0.5764 -0.246 0 0 -15.889 5.068 -23.485
1 92 7 0.4058 -0.869 0 0 -15.784 6.175 -27.128
1 93 3 0.5411 -0.052 0 0 -14.565 9.603 -25.877
1 94 11 0.7588 0.6579 0 0 -11.444 8.138 -24.198
1 95 10 0.5235 -0.941 0 0 -9.478 8.297 -27.460
1 96 10 0.5117 -0.105 0 0 -10.069 12.063 -27.613
1 97 20 0.7941 0.3324 0 0 -8.789 12.542 -24.042
1 98 1 0.7529 -0.324 0 0 -5.668 10.456 -24.571
1 99 7 0.4764 -0.627 0 0 -4.793 12.317 -27.781
1 100 6 0.5176 -0.391 0 0 -5.257 15.730 -26.137
1 101 11 0.6882 0.9835 0 0 -3.008 14.673 -23.252
1 102 13 0.4647 -0.156 0 0 -0.355 13.421 -25.692
1 103 1 0.2470 -0.122 0 0 -0.584 16.756 -27.491
1 104 22 0.3705 0.7110 0 0 -0.186 18.952 -24.398
1 105 13 0.4176 0.7342 0 0 2.631 16.820 -22.933
1 106 3 0.1176 -0.905 0 0 4.284 16.498 -26.377
1 107 17 0.1647 0.4294 0 0 4.999 12.840 -25.644
1 108 7 0.1999 -0.847 0 0 3.837 9.323 -26.400
1 109 3 0.3647 -0.623 0 0 5.056 8.277 -22.883
1 110 22 0.6294 0.2880 0 0 2.674 9.800 -20.320
1 111 16 0.8058 -0.479 0 0 1.598 8.003 -17.114
1 112 14 0.9117 -0.289 0 0 -2.080 7.117 -17.431
1 113 22 0.9470 0.0881 0 0 -4.619 4.714 -15.928
1 114 12 0.9352 -0.741 0 0 -7.895 3.747 -17.607
1 115 22 0.9529 0.7606 0 0 -10.758 3.927 -15.082
1 116 9 0.8470 0.1397 0 0 -14.157 2.377 -15.610
1 117 2 0.8352 0.4213 0 0 -16.326 4.045 -12.980
1 118 13 0.5529 0.1070 0 0 -19.852 3.323 -11.635
1 119 17 0.4470 0.4858 0 0 -19.122 -0.405 -11.283
1 120 3 0.1823 0.3683 0 0 -21.876 -0.625 -8.645
1 121 12 0.1058 0.4160 0 0 -24.514 0.030 -11.326
1 122 16 0.0176 -0.441 0 0 -26.318 -2.954 -12.899
1 123 17 0.0235 0.0024 0 0 -26.808 -1.491 -16.399
1 124 1 0.0823 0.3990 0 0 -23.306 -2.041 -17.810
1 125 18 0.0705 -0.026 0 0 -22.861 -1.280 -21.526
1 126 22 0.1941 0.8602 0 0 -19.037 -1.559 -21.765
1 127 3 0.0999 -0.883 0 0 -17.701 -5.081 -21.332
1 128 18 0.2235 0.0365 0 0 -14.732 -5.331 -18.951
1 129 13 0.0882 -0.980 0 0 -12.862 -7.246 -21.666
1 130 6 0.1529 -0.105 0 0 -13.291 -4.429 -24.168
1 131 0 0.4823 0.4327 0 0 -11.765 -1.967 -21.698
1 132 6 0.4 -0.338 0 0 -8.952 -4.391 -20.825
1 133 3 0.1588 -0.795 0 0 -8.133 -4.785 -24.525
1 134 12 0.4235 0.5224 0 0 -8.044 -1.005 -24.988
1 135 0 0.5588 0.4869 0 0 -5.781 -0.530 -21.969
1 136 1 0.3117 -0.661 0 0 -3.506 -3.269 -23.304
1 137 17 0.1882 0.0324 0 0 -3.209 -1.474 -26.651
1 138 20 0.4529 0.5194 0 0 -2.358 1.723 -24.730
1 139 9 0.4294 -0.574 0 0 0.143 -0.051 -22.475
1 140 11 0.6705 0.6911 0 0 -1.567 1.173 -19.291
1 141 16 0.7058 0.2290 0 0 -3.376 -0.361 -16.311
1 142 15 0.7764 -0.235 0 0 -7.182 -0.645 -16.218
1 143 11 0.8176 0.3052 0 0 -9.129 -0.461 -12.921
1 144 7 0.7117 -0.719 0 0 -12.905 -0.577 -12.381
1 145 18 0.7882 0.9760 0 0 -14.118 1.740 -9.629
1 146 17 0.6117 -0.994 0 0 -17.208 2.871 -7.778
1 147 0 0.6823 0.6080 0 0 -17.121 6.325 -6.252
1 148 13 0.4117 -0.749 0 0 -20.356 5.362 -4.497
1 149 18 0.2529 -0.255 0 0 -19.097 2.222 -2.694
1 150 1 0.5 0.1179 0 0 -15.406 3.318 -2.817
1 151 6 0.4705 -0.336 0 0 -14.463 0.043 -4.577
1 152 9 0.6764 -0.993 0 0 -11.164 0.496 -6.425
1 153 22 0.8294 -0.092 0 0 -10.810 4.218 -5.690
1 154 3 0.7176 -0.866 0 0 -7.547 4.016 -3.726
1 155 3 0.7294 -0.502 0 0 -6.296 1.410 -6.233
1 156 0 0.9176 0.4101 0 0 -6.905 3.769 -9.175
1 157 15 0.9294 0.4908 0 0 -5.119 6.767 -7.662
1 158 20 0.7823 -0.543 0 0 -2.295 4.759 -6.084
1 159 18 0.8117 0.0621 0 0 -1.703 2.801 -9.301
1 160 12 0.9 0.8475 0 0 -1.372 6.110 -11.143
1 161 22 0.7705 -0.290 0 0 1.227 7.223 -8.561
1 162 1 0.5647 -0.105 0 0 3.149 3.997 -9.175
1 163 7 0.6588 0.4467 0 0 3.006 4.608 -12.941
1 164 11 0.6176 0.6232 0 0 4.446 8.088 -12.343
1 165 1 0.3823 0.0462 0 0 7.242 6.651 -10.204
1 166 13 0.2294 0.2916 0 0 8.215 4.305 -13.035
1 167 10 0.3235 0.3518 0 0 8.206 7.183 -15.531
1 168 13 0.1470 0.4093 0 0 10.350 9.387 -13.297
1 169 7 0.0411 0.1899 0 0 12.988 6.636 -13.098
1 170 13 0.0117 0.6694 0 0 13.663 6.981 -16.848
