0 1 9 0 0 0 0 0 0 0
0 2 14 0 0 0 0 0 0 0
1 3 18 0.0542 0.2170 0 0 13.799 3.633 29.738
1 4 7 0.2409 -0.065 0 0 10.541 2.557 28.037
1 5 20 0.5240 -0.163 0 0 10.182 1.766 24.325
1 6 13 0.6927 -0.105 0 0 7.000 1.393 22.272
1 7 12 0.9036 0.0798 0 0 7.390 -1.614 19.981
1 8 22 0.9518 -0.656 0 0 4.808 -2.356 17.274
1 9 22 0.9879 0.1760 0 0 4.337 -5.770 15.642
1 10 22 0.9698 -0.110 0 0 2.984 -5.534 12.068
1 11 9 0.9277 0.4454 0 0 2.427 -7.951 9.229
1 12 0 0.7771 -0.365 0 0 -0.261 -9.565 7.121
1 13 5 0.6325 -0.822 0 0 -3.141 -11.476 8.664
1 14 9 0.6084 -0.071 0 0 -2.089 -14.846 9.966
1 15 22 0.8132 0.6128 0 0 1.703 -14.450 9.903
1 16 9 0.8554 -0.636 0 0 1.995 -15.040 13.676
1 17 13 0.9337 0.0785 0 0 2.017 -11.532 15.224
1 18 17 0.8253 -0.655 0 0 -0.077 -12.580 18.236
1 19 0 0.7409 -0.281 0 0 1.581 -15.989 18.643
1 20 12 0.8734 0.6569 0 0 5.024 -14.347 18.676
1 21 18 0.8674 0.2828 0 0 3.981 -11.696 21.194
1 22 11 0.6204 -0.430 0 0 2.211 -14.125 23.515
1 23 6 0.5722 -0.221 0 0 5.238 -16.457 23.426
1 24 12 0.6867 0.6319 0 0 7.451 -13.531 24.378
1 25 11 0.4939 0.3754 0 0 5.206 -12.355 27.206
1 26 6 0.2771 0.0186 0 0 3.652 -15.563 28.559
1 27 2 0.2530 -0.681 0 0 5.933 -18.399 27.322
1 28 10 0.1506 -0.145 0 0 3.286 -20.487 25.569
1 29 15 0.3433 0.1430 0 0 2.136 -21.015 21.970
1 30 22 0.2831 0.5133 0 0 -1.458 -20.014 21.177
1 31 3 0.1325 -0.749 0 0 -3.015 -21.741 18.184
1 32 7 0.1445 -0.692 0 0 -5.532 -19.659 16.209
1 33 20 0.3132 0.4068 0 0 -5.819 -16.650 18.526
1 34 3 0.1385 -0.600 0 0 -8.812 -14.314 17.994
1 35 16 0.3795 -0.666 0 0 -7.742 -12.181 14.977
1 36 18 0.2168 -0.940 0 0 -9.754 -9.117 16.116
1 37 11 0.3554 -0.419 0 0 -7.948 -8.531 19.404
1 38 7 0.5180 0.2604 0 0 -5.422 -5.709 19.326
1 39 3 0.4879 -0.712 0 0 -3.755 -5.215 22.678
1 40 17 0.5481 -0.462 0 0 -0.541 -3.990 24.248
1 41 20 0.5421 0.2520 0 0 1.725 -6.035 26.466
1 42 1 0.4216 -0.887 0 0 4.323 -4.937 29.004
1 43 13 0.4156 0.2709 0 0 7.656 -6.633 29.616
1 44 6 0.1686 -0.792 0 0 10.845 -5.728 31.476
1 45 22 0.2951 0.9893 0 0 13.930 -7.140 29.777
1 46 22 0.0963 -0.986 0 0 17.689 -7.123 30.184
1 47 11 0.2048 0.9816 0 0 19.497 -6.938 26.848
1 48 3 0.0481 0.6151 0 0 23.278 -6.683 26.532
1 49 9 0.0 0.3244 0 0 23.398 -6.095 30.305
1 50 7 0.0180 0.2268 0 0 20.994 -3.112 30.246
1 51 18 0.0421 -0.752 0 0 17.358 -3.041 31.354
1 52 17 0.1867 0.5634 0 0 14.502 -1.673 29.219
1 53 12 0.3072 -0.504 0 0 10.724 -1.663 29.627
1 54 12 0.5602 0.4885 0 0 8.837 -2.680 26.493
1 55 3 0.5963 -0.525 0 0 5.313 -1.547 25.587
1 56 11 0.8313 0.3863 0 0 4.442 -3.936 22.762
1 57 12 0.8493 -0.364 0 0 1.471 -3.358 20.440
1 58 3 0.8795 -0.299 0 0 0.170 -6.498 18.724
1 59 18 0.8433 0.6116 0 0 -1.674 -4.951 15.770
1 60 0 0.6506 -0.260 0 0 -4.981 -6.249 14.464
1 61 9 0.4036 0.5621 0 0 -7.788 -4.810 12.343
1 62 6 0.2108 -0.687 0 0 -8.816 -4.067 8.776
1 63 7 0.2469 0.0471 0 0 -6.990 -3.090 5.585
1 64 7 0.0903 -0.264 0 0 -7.784 0.629 5.823
1 65 20 0.0783 0.5097 0 0 -6.213 3.955 6.766
1 66 17 0.0301 0.1546 0 0 -7.197 6.955 8.861
1 67 0 0.0060 -0.998 0 0 -5.724 10.063 10.441
1 68 14 0.0361 -0.149 0 0 -6.018 8.644 13.961
1 69 1 0.2349 0.7221 0 0 -4.363 5.358 12.974
1 70 3 0.2228 -0.581 0 0 -1.540 7.319 11.290
1 71 6 0.1204 -0.960 0 0 -1.022 9.332 14.487
1 72 20 0.3674 0.3309 0 0 -1.091 6.209 16.661
1 73 14 0.5903 0.4345 0 0 1.461 4.307 14.577
1 74 1 0.4277 -0.869 0 0 3.630 7.449 14.599
1 75 18 0.4337 -0.469 0 0 4.121 6.881 18.347
1 76 9 0.7108 -0.065 0 0 5.863 3.563 17.645
1 77 7 0.6987 -0.699 0 0 9.604 3.669 18.262
1 78 9 0.8855 -0.676 0 0 10.468 0.396 16.551
1 79 15 0.9638 -0.685 0 0 8.599 -2.104 14.399
1 80 12 0.9939 0.4237 0 0 8.781 -5.853 13.807
1 81 12 0.9819 -0.642 0 0 8.001 -6.494 10.131
1 82 22 0.9759 0.4753 0 0 6.656 -10.041 10.268
1 83 15 0.8915 -0.322 0 0 6.055 -12.347 7.324
1 84 0 0.7469 -0.224 0 0 5.522 -16.101 7.212
1 85 11 0.5120 -0.117 0 0 7.978 -18.232 5.261
1 86 2 0.3192 -0.005 0 0 5.131 -20.243 3.652
1 87 2 0.3915 0.5085 0 0 3.210 -17.134 2.505
1 88 18 0.3313 -0.930 0 0 4.752 -15.209 -0.387
1 89 13 0.3614 -0.320 0 0 2.091 -12.502 -0.323
1 90 17 0.6566 0.2151 0 0 3.025 -11.667 3.276
1 91 15 0.6445 -0.263 0 0 6.658 -11.263 2.215
1 92 7 0.4457 -0.867 0 0 5.746 -9.031 -0.720
1 93 3 0.6024 -0.033 0 0 3.604 -6.979 1.710
1 94 11 0.8012 0.6510 0 0 6.684 -6.135 3.834
1 95 10 0.5542 -0.939 0 0 7.623 -3.357 1.437
1 96 10 0.5301 -0.137 0 0 4.182 -1.774 1.870
1 97 20 0.7951 0.4423 0 0 4.444 -1.980 5.675
1 98 1 0.7590 -0.346 0 0 7.818 -0.239 5.615
1 99 7 0.4819 -0.640 0 0 6.528 2.453 3.256
1 100 6 0.5 -0.343 0 0 3.539 3.222 5.499
1 101 11 0.6807 0.9882 0 0 5.675 3.289 8.671
1 102 13 0.4578 -0.023 0 0 8.159 5.710 7.092
1 103 1 0.2289 -0.146 0 0 5.250 7.761 5.734
1 104 22 0.3012 0.6852 0 0 3.700 8.400 9.150
1 105 13 0.3373 0.7652 0 0 7.104 9.064 10.797
1 106 3 0.0602 -0.476 0 0 8.272 11.707 8.279
1 107 17 0.1265 -0.665 0 0 10.504 9.232 6.396
1 108 7 0.1987 0.0528 0 0 12.679 8.769 9.485
1 109 3 0.3734 -0.401 0 0 15.204 5.914 9.550
1 110 22 0.6265 0.3138 0 0 12.810 3.964 11.724
1 111 16 0.7710 -0.531 0 0 14.132 1.031 13.823
1 112 14 0.9216 -0.402 0 0 12.845 -2.120 12.145
1 113 22 0.9457 0.0165 0 0 13.603 -5.836 12.180
1 114 12 0.9397 -0.702 0 0 12.528 -8.235 9.443
1 115 22 0.9578 0.7369 0 0 11.053 -11.388 10.987
1 116 9 0.8614 0.1674 0 0 10.540 -14.597 9.032
1 117 2 0.8373 0.4089 0 0 8.139 -16.603 11.149
1 118 13 0.5662 0.1331 0 0 6.816 -20.187 10.957
1 119 17 0.4518 0.3813 0 0 10.396 -21.389 10.404
1 120 3 0.1746 0.3428 0 0 9.419 -24.755 11.896
1 121 12 0.1084 0.4127 0 0 7.305 -25.486 8.817
1 122 16 0.0120 -0.478 0 0 8.623 -27.522 5.861
1 123 17 0.0240 0.2359 0 0 6.277 -25.660 3.432
1 124 1 0.0722 0.4152 0 0 8.657 -22.806 2.587
1 125 18 0.0662 0.0183 0 0 7.858 -20.484 -0.317
1 126 22 0.2650 0.8822 0 0 10.160 -17.540 0.558
1 127 3 0.1144 -0.849 0 0 13.884 -18.194 0.263
1 128 18 0.2710 -0.090 0 0 16.100 -17.207 3.175
1 129 13 0.0843 -0.865 0 0 18.340 -15.508 0.603
1 130 6 0.1626 -0.303 0 0 15.400 -13.375 -0.578
1 131 0 0.5060 0.4242 0 0 14.742 -12.200 2.974
1 132 6 0.3975 -0.363 0 0 18.428 -11.538 3.677
1 133 3 0.1566 -0.782 0 0 18.731 -9.545 0.440
1 134 12 0.4397 0.5385 0 0 15.620 -7.544 1.328
1 135 0 0.5783 0.4662 0 0 16.864 -6.816 4.837
1 136 1 0.3253 -0.745 0 0 20.230 -5.800 3.397
1 137 17 0.1807 -0.098 0 0 18.554 -3.314 1.046
1 138 20 0.4638 0.4963 0 0 16.619 -1.748 3.927
1 139 9 0.4096 -0.564 0 0 19.659 -1.723 6.237
1 140 11 0.6686 0.6976 0 0 17.930 -3.782 8.941
1 141 16 0.7168 0.2050 0 0 18.500 -7.135 10.675
1 142 15 0.7891 -0.221 0 0 16.661 -10.296 9.608
1 143 11 0.8192 0.1412 0 0 15.673 -12.890 12.245
1 144 7 0.7349 -0.834 0 0 14.120 -16.300 11.551
1 145 18 0.7650 0.9624 0 0 11.525 -17.273 14.157
1 146 17 0.6144 -0.981 0 0 9.057 -19.946 15.175
1 147 0 0.6746 0.6351 0 0 6.357 -18.935 17.623
1 148 13 0.3855 -0.760 0 0 5.522 -22.649 17.862
1 149 18 0.2590 -0.209 0 0 8.997 -23.821 18.994
1 150 1 0.4759 0.0272 0 0 10.042 -20.405 20.434
1 151 6 0.4698 -0.117 0 0 13.040 -20.422 18.029
1 152 9 0.6626 -0.985 0 0 14.277 -16.857 17.680
1 153 22 0.8072 -0.147 0 0 11.393 -15.257 19.567
1 154 3 0.7048 -0.903 0 0 13.428 -13.466 22.225
1 155 3 0.7228 -0.711 0 0 16.088 -12.689 19.612
1 156 0 0.9096 0.4380 0 0 13.595 -10.935 17.355
1 157 15 0.9156 0.4827 0 0 12.357 -8.565 20.047
1 158 20 0.7530 -0.602 0 0 15.785 -8.109 21.653
1 159 18 0.7831 0.1071 0 0 17.301 -7.276 18.268
1 160 12 0.8975 0.7853 0 0 14.633 -4.619 17.719
1 161 22 0.7289 -0.275 0 0 15.553 -3.073 21.079
1 162 1 0.5361 -0.079 0 0 19.208 -3.113 20.006
1 163 7 0.6385 0.5159 0 0 18.169 -1.199 16.887
1 164 11 0.5843 0.5911 0 0 16.197 1.383 18.871
1 165 1 0.3493 0.0437 0 0 19.170 1.937 21.164
1 166 13 0.1927 0.3860 0 0 21.513 2.415 18.172
1 167 10 0.2891 0.4400 0 0 19.028 4.873 16.641
1 168 13 0.1024 0.5577 0 0 18.553 6.912 19.829
0 169 7 0 0 0 0 18.553 6.912 19.829
0 170 13 0 0 0 0 18.553 6.912 19.829
