0 1 9 0 0 0 0 0 0 0
0 2 14 0 0 0 0 0 0 0
1 3 18 0.0598 0.0297 0 0 -15.534 22.807 -16.647
1 4 7 0.2634 -0.278 0 0 -12.067 21.229 -16.410
1 5 20 0.5389 -0.195 0 0 -11.535 17.855 -14.732
1 6 13 0.7005 -0.035 0 0 -8.354 16.053 -13.693
1 7 12 0.9041 0.0540 0 0 -8.714 12.318 -14.254
1 8 22 0.9520 -0.672 0 0 -6.124 9.899 -12.819
1 9 22 0.9880 0.1904 0 0 -5.541 6.396 -14.183
1 10 22 0.9640 -0.085 0 0 -4.219 3.946 -11.578
1 11 9 0.9281 0.4221 0 0 -3.727 0.195 -11.382
1 12 0 0.7664 -0.391 0 0 -1.036 -2.459 -11.305
1 13 5 0.6107 -0.826 0 0 1.808 -2.752 -13.787
1 14 9 0.5988 -0.135 0 0 0.766 -4.114 -17.136
1 15 22 0.8143 0.5955 0 0 -3.013 -3.727 -16.744
1 16 9 0.8443 -0.592 0 0 -3.262 -1.326 -19.706
1 17 13 0.9341 0.0815 0 0 -3.265 2.184 -18.196
1 18 17 0.8203 -0.651 0 0 -1.135 3.684 -20.959
1 19 0 0.7185 -0.272 0 0 -2.824 1.697 -23.737
1 20 12 0.8802 0.6664 0 0 -6.245 2.888 -22.560
1 21 18 0.8682 0.2517 0 0 -5.141 6.511 -22.324
1 22 11 0.6467 -0.409 0 0 -3.353 6.507 -25.698
1 23 6 0.5808 -0.234 0 0 -6.397 4.899 -27.324
1 24 12 0.6826 0.6319 0 0 -8.593 7.657 -25.886
1 25 11 0.5029 0.3752 0 0 -6.222 10.439 -26.939
1 26 6 0.3053 -0.012 0 0 -4.587 9.164 -30.154
1 27 2 0.2694 -0.680 0 0 -6.951 6.420 -31.383
1 28 10 0.1556 -0.140 0 0 -4.440 3.598 -31.730
1 29 15 0.3293 0.1442 0 0 -3.308 0.588 -29.689
1 30 22 0.2514 0.5892 0 0 0.285 0.268 -28.452
1 31 3 0.1137 -0.821 0 0 1.640 -3.288 -28.188
1 32 7 0.1317 -0.584 0 0 4.312 -1.904 -25.852
1 33 20 0.2874 0.4408 0 0 4.859 1.409 -24.062
1 34 3 0.1437 -0.637 0 0 7.719 2.455 -21.769
1 35 16 0.3652 -0.755 0 0 6.629 1.572 -18.201
1 36 18 0.2155 -0.949 0 0 8.459 4.594 -16.670
1 37 11 0.3532 -0.446 0 0 6.742 7.314 -18.697
1 38 7 0.5209 0.2646 0 0 4.153 9.132 -16.591
1 39 3 0.4970 -0.691 0 0 2.517 11.911 -18.561
1 40 17 0.5688 -0.502 0 0 -0.653 13.964 -18.677
1 41 20 0.5449 0.2394 0 0 -2.841 14.279 -21.766
1 42 1 0.4371 -0.489 0 0 -5.538 16.848 -22.480
1 43 13 0.4071 0.2411 0 0 -8.730 16.309 -24.480
1 44 6 0.1736 -0.910 0 0 -11.895 18.357 -24.958
1 45 22 0.2754 0.9998 0 0 -15.007 16.173 -25.069
1 46 22 0.1077 -0.981 0 0 -18.782 16.528 -25.168
1 47 11 0.2215 0.9768 0 0 -20.550 14.257 -22.694
1 48 3 0.0538 0.6001 0 0 -24.324 14.232 -22.243
1 49 9 0.0 0.3269 0 0 -24.493 17.402 -24.343
1 50 7 0.0299 0.1905 0 0 -22.054 19.347 -22.129
1 51 18 0.0479 -0.753 0 0 -18.413 20.035 -22.954
1 52 17 0.1976 0.5299 0 0 -15.574 19.395 -20.520
1 53 12 0.3233 -0.554 0 0 -11.812 19.729 -20.705
1 54 12 0.5748 0.4748 0 0 -10.105 16.556 -19.472
1 55 3 0.6347 -0.520 0 0 -6.572 16.431 -18.093
1 56 11 0.8502 0.3951 0 0 -5.660 12.760 -17.865
1 57 12 0.8562 -0.383 0 0 -2.772 11.604 -15.676
1 58 3 0.8862 -0.325 0 0 -1.412 8.185 -16.764
1 59 18 0.8383 0.5765 0 0 0.406 7.110 -13.606
1 60 0 0.6526 -0.240 0 0 3.723 5.268 -13.777
1 61 9 0.4011 0.4863 0 0 6.647 4.676 -11.443
1 62 6 0.1916 -0.730 0 0 7.576 2.805 -8.258
1 63 7 0.2335 0.0185 0 0 5.665 1.335 -5.288
1 64 7 0.0838 -0.341 0 0 6.630 4.115 -2.932
1 65 20 0.0718 0.0139 0 0 5.104 6.970 -1.017
1 66 17 0.0359 0.0212 0 0 6.272 10.574 -0.943
1 67 0 0.0059 -0.996 0 0 4.672 13.686 0.538
1 68 14 0.0419 -0.904 0 0 4.765 15.360 -2.876
1 69 1 0.2095 0.7451 0 0 3.223 12.257 -4.434
1 70 3 0.2275 -0.555 0 0 0.319 12.547 -1.979
1 71 6 0.1377 -0.758 0 0 -0.312 16.175 -2.916
1 72 20 0.3712 0.3278 0 0 -0.026 15.389 -6.631
1 73 14 0.6047 0.5920 0 0 -2.632 12.623 -6.409
1 74 1 0.4431 -0.782 0 0 -4.786 15.031 -4.375
1 75 18 0.4550 -0.397 0 0 -5.190 17.144 -7.530
1 76 9 0.7485 -0.073 0 0 -7.167 14.329 -9.133
1 77 7 0.6946 -0.680 0 0 -10.915 14.804 -9.224
1 78 9 0.8922 -0.679 0 0 -11.722 11.291 -10.418
1 79 15 0.9700 -0.742 0 0 -9.849 8.026 -10.638
1 80 12 0.9940 0.5383 0 0 -9.976 5.028 -12.960
1 81 12 0.9820 -0.675 0 0 -9.148 1.868 -10.998
1 82 22 0.9760 0.4562 0 0 -7.835 -0.411 -13.743
1 83 15 0.8742 -0.288 0 0 -7.288 -4.151 -13.471
1 84 0 0.7125 -0.290 0 0 -6.746 -6.784 -16.168
1 85 11 0.5089 -0.048 0 0 -9.372 -9.528 -16.378
1 86 2 0.3173 -0.067 0 0 -6.651 -12.182 -16.826
1 87 2 0.3832 0.4135 0 0 -4.572 -11.012 -13.842
1 88 18 0.2934 -0.921 0 0 -6.133 -11.956 -10.511
1 89 13 0.3473 -0.285 0 0 -3.425 -10.131 -8.570
1 90 17 0.6167 0.1956 0 0 -4.230 -6.866 -10.353
1 91 15 0.6287 -0.221 0 0 -7.828 -7.270 -9.197
1 92 7 0.4251 -0.861 0 0 -6.736 -8.017 -5.624
1 93 3 0.5568 -0.053 0 0 -4.676 -4.799 -5.681
1 94 11 0.7784 0.6646 0 0 -7.752 -2.669 -6.438
1 95 10 0.5508 -0.947 0 0 -8.618 -2.442 -2.735
1 96 10 0.5269 -0.316 0 0 -5.178 -0.963 -1.996
1 97 20 0.7964 0.3471 0 0 -5.436 1.666 -4.748
1 98 1 0.7604 -0.082 0 0 -8.874 2.704 -3.523
1 99 7 0.4850 -0.636 0 0 -7.651 2.950 0.086
1 100 6 0.5149 -0.359 0 0 -4.710 5.142 -0.950
1 101 11 0.6886 0.9852 0 0 -7.002 7.433 -2.951
1 102 13 0.4730 -0.062 0 0 -9.411 7.732 -0.015
1 103 1 0.2455 -0.161 0 0 -6.466 8.521 2.258
1 104 22 0.3413 0.6957 0 0 -5.051 11.404 0.205
1 105 13 0.3772 0.7101 0 0 -8.511 12.757 -0.670
1 106 3 0.1017 -0.925 0 0 -9.533 12.226 2.978
1 107 17 0.1616 0.2968 0 0 -12.934 11.132 1.679
1 108 7 0.3113 -0.835 0 0 -14.944 7.963 1.025
1 109 3 0.3952 -0.934 0 0 -17.035 9.555 -1.766
1 110 22 0.6407 0.2813 0 0 -14.295 10.148 -4.355
1 111 16 0.7844 -0.556 0 0 -15.471 9.810 -7.996
1 112 14 0.9161 -0.102 0 0 -14.140 6.490 -9.253
1 113 22 0.9461 0.0032 0 0 -14.858 3.913 -11.936
1 114 12 0.9401 -0.719 0 0 -13.714 0.281 -11.786
1 115 22 0.9580 0.7316 0 0 -12.256 -0.774 -15.139
1 116 9 0.8622 0.1610 0 0 -11.775 -4.379 -16.185
1 117 2 0.8323 0.3531 0 0 -9.438 -4.086 -19.146
1 118 13 0.5628 0.1139 0 0 -8.342 -6.629 -21.789
1 119 17 0.4491 0.4329 0 0 -11.910 -7.864 -22.347
1 120 3 0.1796 0.3605 0 0 -10.803 -9.001 -25.819
1 121 12 0.0898 0.4186 0 0 -8.790 -11.869 -24.307
1 122 16 0.0119 -0.495 0 0 -10.361 -15.329 -23.850
1 123 17 0.0239 -0.076 0 0 -8.247 -16.369 -20.843
1 124 1 0.0778 0.4584 0 0 -10.326 -14.609 -18.206
1 125 18 0.0658 -0.034 0 0 -9.494 -15.237 -14.546
1 126 22 0.2574 0.8893 0 0 -11.609 -12.557 -12.800
1 127 3 0.1257 -0.912 0 0 -15.325 -13.267 -12.965
1 128 18 0.2814 0.0425 0 0 -17.412 -10.320 -14.085
1 129 13 0.0958 -0.869 0 0 -19.894 -10.794 -11.247
1 130 6 0.1497 -0.119 0 0 -17.050 -10.562 -8.743
1 131 0 0.4910 0.4528 0 0 -16.029 -7.197 -10.174
1 132 6 0.4131 -0.355 0 0 -19.670 -6.095 -10.395
1 133 3 0.1676 -0.834 0 0 -20.171 -7.013 -6.740
1 134 12 0.4311 0.5043 0 0 -17.018 -5.146 -5.774
1 135 0 0.5868 0.4951 0 0 -18.114 -1.999 -7.605
1 136 1 0.3353 -0.975 0 0 -21.554 -2.256 -5.973
1 137 17 0.1856 0.0140 0 0 -19.968 -2.362 -2.517
1 138 20 0.4790 0.5551 0 0 -17.823 0.671 -3.470
1 139 9 0.4191 -0.566 0 0 -20.831 2.563 -4.819
1 140 11 0.6766 0.7145 0 0 -19.131 3.098 -8.183
1 141 16 0.7365 0.1823 0 0 -19.650 2.025 -11.806
1 142 15 0.8023 -0.207 0 0 -17.861 -0.940 -13.401
1 143 11 0.8263 0.1546 0 0 -16.877 -0.803 -17.102
1 144 7 0.7425 -0.806 0 0 -15.328 -3.593 -19.168
1 145 18 0.7724 0.9714 0 0 -12.793 -2.322 -21.694
1 146 17 0.6227 -0.980 0 0 -10.395 -3.449 -24.376
1 147 0 0.6646 0.6331 0 0 -7.684 -0.989 -25.330
1 148 13 0.3892 -0.785 0 0 -6.982 -3.327 -28.260
1 149 18 0.2395 -0.237 0 0 -10.441 -3.174 -29.903
1 150 1 0.4670 0.0310 0 0 -11.365 0.202 -28.292
1 151 6 0.4610 -0.647 0 0 -14.444 -1.441 -26.756
1 152 9 0.6706 -0.985 0 0 -15.605 0.525 -23.710
1 153 22 0.8083 -0.166 0 0 -12.661 2.954 -23.825
1 154 3 0.7065 -0.903 0 0 -14.638 6.142 -24.351
1 155 3 0.7245 -0.749 0 0 -17.332 4.852 -22.009
1 156 0 0.9101 0.4252 0 0 -14.858 4.329 -19.150
1 157 15 0.9221 0.4861 0 0 -13.580 7.900 -19.276
1 158 20 0.7544 -0.579 0 0 -17.002 9.427 -20.011
1 159 18 0.7904 0.1327 0 0 -18.569 7.517 -17.118
1 160 12 0.8982 0.8085 0 0 -15.887 8.892 -14.811
1 161 22 0.7305 -0.289 0 0 -16.752 12.433 -15.938
1 162 1 0.5329 -0.088 0 0 -20.427 11.757 -15.181
1 163 7 0.6586 0.5106 0 0 -19.374 10.598 -11.717
1 164 11 0.5928 0.5835 0 0 -17.396 13.805 -11.132
1 165 1 0.3592 0.0361 0 0 -20.351 15.901 -12.289
1 166 13 0.2035 0.3856 0 0 -22.715 14.095 -9.894
1 167 10 0.2994 0.4104 0 0 -20.241 14.675 -7.037
1 168 13 0.1197 0.6150 0 0 -19.620 18.389 -7.651
1 169 7 0.0179 -0.512 0 0 -23.360 19.119 -7.459
0 170 13 0 0 0 0 -23.360 19.119 -7.459
