0 1 15 0 0 0 0 0 0 0
0 2 6 0 0 0 0 0 0 0
0 3 9 0 0 0 0 0 0 0
0 4 10 0 0 0 0 0 0 0
1 5 14 0.0060 0.1537 0 0 -36.158 77.532 -79.224
1 6 18 0.0421 0.2539 0 0 -34.672 74.069 -79.594
1 7 7 0.2168 -0.061 0 0 -32.316 72.894 -76.886
1 8 20 0.5180 -0.215 0 0 -29.635 70.295 -77.712
1 9 13 0.6686 -0.878 0 0 -28.008 68.381 -74.824
1 10 12 0.9036 0.0850 0 0 -24.486 67.509 -75.944
1 11 22 0.9457 -0.668 0 0 -21.998 65.464 -73.926
1 12 22 0.9879 0.2643 0 0 -18.255 65.412 -74.586
1 13 22 0.9698 -0.146 0 0 -16.596 62.100 -73.597
1 14 9 0.9277 0.3989 0 0 -13.186 60.502 -73.964
1 15 0 0.7951 -0.373 0 0 -9.998 59.566 -72.147
1 16 9 0.6385 -0.215 0 0 -7.985 61.874 -69.929
1 17 9 0.6144 -0.108 0 0 -6.031 64.585 -71.619
1 18 22 0.8192 0.5591 0 0 -7.416 64.253 -75.144
1 19 9 0.8554 -0.626 0 0 -8.670 67.851 -75.251
1 20 13 0.9518 0.1154 0 0 -12.351 67.667 -74.281
1 21 17 0.8433 -0.644 0 0 -12.242 70.871 -72.251
1 22 0 0.7590 -0.280 0 0 -10.006 72.698 -74.703
1 23 12 0.8975 0.6756 0 0 -12.445 71.885 -77.525
1 24 18 0.8795 0.2725 0 0 -15.475 73.007 -75.526
1 25 11 0.6506 -0.396 0 0 -13.866 76.219 -74.317
1 26 6 0.5903 -0.271 0 0 -12.724 77.070 -77.856
1 27 12 0.6927 0.6027 0 0 -16.324 76.707 -79.073
1 28 11 0.5060 0.3928 0 0 -17.931 78.619 -76.222
1 29 6 0.2831 0.0941 0 0 -15.266 81.188 -75.262
1 30 2 0.2349 -0.570 0 0 -12.970 81.458 -78.312
1 31 10 0.1746 -0.068 0 0 -9.621 80.976 -76.611
1 32 15 0.3132 0.1516 0 0 -7.215 78.074 -76.196
1 33 22 0.2951 0.3719 0 0 -6.573 76.630 -72.736
1 34 3 0.0963 -0.704 0 0 -2.870 75.775 -72.666
1 35 7 0.0722 -0.320 0 0 -2.698 74.398 -69.127
1 36 20 0.1987 0.4621 0 0 -4.077 71.002 -68.059
1 37 3 0.1686 -0.303 0 0 -6.569 71.135 -65.201
1 38 16 0.3614 -0.784 0 0 -8.467 67.813 -65.074
1 39 18 0.4698 0.8485 0 0 -12.225 68.121 -65.186
1 40 11 0.3855 -0.991 0 0 -14.798 66.617 -62.863
1 41 7 0.5 0.0009 0 0 -18.022 67.729 -64.571
1 42 3 0.5120 -0.093 0 0 -18.648 71.195 -66.042
1 43 17 0.5301 -0.826 0 0 -21.626 72.633 -67.929
1 44 20 0.5361 0.3802 0 0 -21.664 75.274 -70.676
1 45 1 0.4036 -0.702 0 0 -24.556 76.872 -72.574
1 46 13 0.3493 0.2639 0 0 -24.512 78.989 -75.736
1 47 6 0.1084 -0.971 0 0 -27.206 80.287 -78.053
1 48 22 0.1385 0.9881 0 0 -26.255 79.871 -81.720
1 49 22 0.0542 -0.982 0 0 -27.921 79.848 -85.155
1 50 11 0.1445 0.9775 0 0 -27.350 76.580 -87.047
1 51 3 0.0361 0.6470 0 0 -28.844 76.250 -90.555
1 52 9 0.0 0.2788 0 0 -31.332 79.022 -89.914
1 53 7 0.0120 0.4071 0 0 -32.538 77.670 -86.544
1 54 18 0.0180 -0.682 0 0 -31.829 79.490 -83.303
1 55 5 0.1204 0.7791 0 0 -30.607 76.784 -80.905
1 56 12 0.2289 -0.357 0 0 -29.454 76.468 -77.330
1 57 12 0.5542 0.4224 0 0 -26.470 74.186 -76.947
1 58 3 0.5843 -0.611 0 0 -26.213 72.688 -73.475
1 59 11 0.8253 0.4474 0 0 -22.777 71.059 -73.285
1 60 12 0.8313 -0.509 0 0 -21.535 68.745 -70.590
1 61 3 0.8734 -0.219 0 0 -17.730 68.480 -70.298
1 62 18 0.8373 0.5529 0 0 -16.955 65.211 -68.514
1 63 0 0.6807 -0.878 0 0 -14.011 63.596 -66.734
1 64 9 0.7228 0.5363 0 0 -11.559 61.403 -68.608
1 65 6 0.4096 -0.437 0 0 -9.801 60.280 -65.430
1 66 7 0.2710 -0.017 0 0 -11.125 56.793 -64.659
1 67 7 0.0602 -0.227 0 0 -11.511 57.696 -60.962
1 68 20 0.2228 -0.094 0 0 -14.847 59.327 -61.944
1 69 17 0.3373 -0.418 0 0 -16.149 56.538 -64.198
1 70 0 0.0843 -0.798 0 0 -19.038 56.132 -61.711
1 71 14 0.2891 0.0319 0 0 -20.638 59.386 -62.918
1 72 1 0.4819 0.3237 0 0 -20.915 58.086 -66.500
1 73 3 0.3253 -0.949 0 0 -24.243 56.282 -66.154
1 74 6 0.2771 -0.463 0 0 -25.982 59.514 -65.167
1 75 20 0.5662 0.6859 0 0 -24.776 61.810 -67.934
1 76 14 0.6204 0.3804 0 0 -25.251 59.071 -70.511
1 77 1 0.3554 -0.729 0 0 -28.947 58.930 -69.569
1 78 18 0.4216 -0.222 0 0 -29.582 62.652 -70.086
1 79 9 0.6987 -0.232 0 0 -27.410 63.346 -73.119
1 80 7 0.6626 -0.614 0 0 -28.994 63.570 -76.544
1 81 9 0.8674 -0.663 0 0 -25.765 63.403 -78.549
1 82 15 0.9638 -0.721 0 0 -22.177 62.454 -77.766
1 83 12 0.9939 0.5821 0 0 -18.858 63.790 -79.014
1 84 5 0.9819 -0.746 0 0 -16.441 60.871 -78.575
1 85 22 0.9759 0.4935 0 0 -12.952 62.372 -78.542
1 86 15 0.8915 -0.324 0 0 -9.552 60.746 -78.817
1 87 0 0.7530 -0.273 0 0 -6.152 62.293 -79.550
1 88 11 0.5240 -0.192 0 0 -4.290 61.436 -82.757
1 89 2 0.3192 0.1001 0 0 -1.003 61.151 -80.810
1 90 2 0.3674 0.4312 0 0 -2.400 58.750 -78.148
1 91 18 0.2650 -0.915 0 0 -3.115 55.238 -79.435
1 92 13 0.3313 -0.286 0 0 -4.561 54.146 -76.100
1 93 17 0.6265 0.2472 0 0 -7.169 56.968 -76.207
1 94 15 0.6325 -0.280 0 0 -8.362 55.598 -79.557
1 95 7 0.4156 -0.856 0 0 -8.515 52.055 -78.214
1 96 3 0.5602 -0.075 0 0 -10.560 53.386 -75.264
1 97 11 0.7891 0.7222 0 0 -13.329 54.794 -77.502
1 98 10 0.5481 -0.855 0 0 -15.082 51.441 -77.842
1 99 6 0.4759 -0.146 0 0 -15.638 51.275 -74.064
1 100 20 0.7710 0.4605 0 0 -17.432 54.651 -74.182
1 101 1 0.7349 -0.376 0 0 -19.612 53.663 -77.132
1 102 7 0.4277 -0.503 0 0 -20.601 50.316 -75.609
1 103 6 0.4397 0.0255 0 0 -21.606 51.975 -72.377
1 104 11 0.6084 0.9838 0 0 -23.646 54.635 -74.162
1 105 13 0.3915 -0.165 0 0 -25.418 51.891 -76.149
1 106 1 0.1265 -0.080 0 0 -26.283 49.936 -73.006
1 107 22 0.2048 0.5284 0 0 -27.571 52.950 -71.051
1 108 13 0.2409 0.7544 0 0 -29.615 54.237 -73.995
1 109 3 0.0481 -0.949 0 0 -30.716 50.732 -75.009
1 110 17 0.1144 0.4118 0 0 -30.170 51.842 -78.589
1 111 3 0.1626 -0.673 0 0 -27.810 51.057 -81.447
1 112 3 0.3433 -0.616 0 0 -28.528 54.416 -83.106
1 113 22 0.5722 0.2518 0 0 -27.485 57.121 -80.636
1 114 16 0.7469 -0.543 0 0 -26.364 60.414 -82.262
1 115 14 0.9096 -0.164 0 0 -22.582 60.537 -82.050
1 116 22 0.9397 0.0292 0 0 -19.542 61.977 -83.795
1 117 12 0.9337 -0.663 0 0 -16.036 60.554 -83.515
1 118 22 0.9578 0.7117 0 0 -13.417 63.297 -83.105
1 119 9 0.8614 0.0899 0 0 -9.677 62.928 -83.575
1 120 2 0.8493 0.4059 0 0 -8.224 65.908 -81.740
1 121 13 0.5963 0.1184 0 0 -4.726 67.473 -81.557
1 122 5 0.4518 0.2519 0 0 -4.323 67.305 -85.352
1 123 3 0.2108 0.4794 0 0 -1.855 70.207 -85.194
1 124 12 0.1024 0.3857 0 0 0.674 67.770 -83.692
1 125 0 0.0240 -0.837 0 0 3.001 65.817 -85.929
1 126 0 0.0301 -0.082 0 0 3.425 62.757 -83.637
1 127 1 0.0783 0.4476 0 0 0.517 60.877 -85.165
1 128 18 0.0662 -0.181 0 0 -0.011 57.270 -84.168
1 129 22 0.2530 0.8461 0 0 -3.682 56.996 -85.194
1 130 7 0.1325 -0.970 0 0 -4.098 57.319 -88.933
1 131 17 0.3072 -0.288 0 0 -7.203 58.977 -90.339
1 132 1 0.0903 -0.745 0 0 -8.138 55.787 -92.189
1 133 6 0.1807 -0.326 0 0 -8.133 53.774 -88.947
1 134 0 0.4939 0.5026 0 0 -10.576 56.197 -87.359
1 135 6 0.3975 -0.389 0 0 -12.708 56.363 -90.504
1 136 3 0.1867 -0.766 0 0 -13.070 52.568 -90.355
1 137 12 0.4337 0.5501 0 0 -14.139 52.668 -86.720
1 138 0 0.5783 0.4984 0 0 -16.655 55.439 -87.370
1 139 1 0.3012 -0.715 0 0 -18.024 53.558 -90.410
1 140 17 0.1927 0.1199 0 0 -18.659 50.506 -88.231
1 141 20 0.4457 0.5687 0 0 -20.636 52.696 -85.800
1 142 9 0.3795 -0.507 0 0 -22.515 54.501 -88.593
1 143 11 0.6566 0.7210 0 0 -21.241 57.958 -87.584
1 144 16 0.7108 0.1935 0 0 -19.045 60.720 -88.980
1 145 20 0.7831 -0.128 0 0 -15.344 61.166 -88.218
1 146 11 0.8072 0.2403 0 0 -13.925 64.697 -87.969
1 147 7 0.7650 -0.711 0 0 -10.381 65.820 -87.083
1 148 18 0.8012 0.9594 0 0 -9.906 68.861 -84.916
1 149 17 0.6445 -0.986 0 0 -7.348 71.058 -83.242
1 150 0 0.6867 0.6163 0 0 -8.473 73.016 -80.194
1 151 13 0.3734 -0.727 0 0 -5.179 74.910 -80.526
1 152 18 0.2469 -0.215 0 0 -5.710 76.213 -84.082
1 153 1 0.4578 -0.050 0 0 -9.539 76.000 -84.015
1 154 6 0.4638 -0.139 0 0 -9.494 73.661 -87.035
1 155 9 0.6746 -0.988 0 0 -12.716 71.650 -87.162
1 156 22 0.8132 -0.121 0 0 -14.051 72.772 -83.783
1 157 7 0.7168 -0.901 0 0 -17.290 74.329 -84.935
1 158 3 0.7289 -0.461 0 0 -17.701 71.605 -87.550
1 159 0 0.9156 0.2846 0 0 -17.491 68.854 -84.931
1 160 15 0.9216 0.5142 0 0 -20.146 70.322 -82.632
1 161 20 0.7409 -0.504 0 0 -22.420 71.472 -85.457
1 162 18 0.7771 0.1146 0 0 -22.194 68.100 -87.182
1 163 12 0.8855 0.8028 0 0 -23.332 66.490 -83.922
1 164 22 0.7048 -0.290 0 0 -26.357 68.828 -83.899
1 165 1 0.4879 -0.138 0 0 -27.087 67.810 -87.508
1 166 7 0.6024 0.5188 0 0 -26.875 64.141 -86.421
1 167 11 0.5421 0.5662 0 0 -29.347 64.662 -83.595
1 168 1 0.2590 0.0637 0 0 -31.726 66.131 -86.237
1 169 6 0.1566 0.4138 0 0 -31.622 62.972 -88.366
1 170 10 0.1506 0.6490 0 0 -32.931 60.988 -85.398
