1 1 14 0.0060 0.1057 0 0 -36.336 77.737 -79.000
1 2 18 0.0421 0.2206 0 0 -34.995 74.200 -79.290
1 3 7 0.2048 -0.070 0 0 -32.636 72.893 -76.627
1 4 20 0.5060 -0.215 0 0 -30.000 70.223 -77.307
1 5 13 0.6686 -0.852 0 0 -28.315 68.432 -74.407
1 6 12 0.8975 0.0673 0 0 -24.804 67.399 -75.454
1 7 22 0.9457 -0.678 0 0 -22.309 65.408 -73.380
1 8 22 0.9879 0.3242 0 0 -18.547 65.273 -73.989
1 9 22 0.9698 -0.208 0 0 -16.860 62.008 -72.924
1 10 9 0.9277 0.3706 0 0 -13.481 60.341 -73.292
1 11 0 0.7951 -0.369 0 0 -10.260 59.555 -71.492
1 12 9 0.6325 -0.206 0 0 -8.375 61.911 -69.244
1 13 9 0.6204 -0.075 0 0 -6.317 64.557 -70.962
1 14 22 0.8192 0.5518 0 0 -7.686 64.195 -74.502
1 15 9 0.8614 -0.648 0 0 -9.007 67.769 -74.628
1 16 13 0.9518 0.1063 0 0 -12.713 67.588 -73.754
1 17 17 0.8433 -0.632 0 0 -12.601 70.793 -71.745
1 18 0 0.7831 -0.305 0 0 -10.409 72.660 -74.204
1 19 12 0.9036 0.6763 0 0 -12.799 71.758 -77.029
1 20 18 0.8855 0.2543 0 0 -15.835 72.902 -75.056
1 21 11 0.6626 -0.398 0 0 -14.215 76.126 -73.889
1 22 6 0.6144 -0.292 0 0 -13.060 76.906 -77.430
1 23 12 0.7048 0.6231 0 0 -16.670 76.533 -78.654
1 24 11 0.5240 0.3882 0 0 -18.276 78.524 -75.835
1 25 6 0.2951 0.0900 0 0 -15.626 81.108 -74.918
1 26 2 0.2530 -0.516 0 0 -13.348 81.377 -77.959
1 27 10 0.1987 -0.068 0 0 -10.004 80.832 -76.288
1 28 15 0.3313 0.1518 0 0 -7.584 77.955 -75.766
1 29 22 0.3192 0.3945 0 0 -6.940 76.577 -72.283
1 30 3 0.1144 -0.705 0 0 -3.212 75.758 -72.219
1 31 7 0.0783 -0.326 0 0 -3.083 74.387 -68.654
1 32 20 0.2228 0.4535 0 0 -4.446 71.037 -67.506
1 33 3 0.1867 -0.319 0 0 -6.960 71.214 -64.653
1 34 16 0.3554 -0.784 0 0 -8.826 67.892 -64.411
1 35 18 0.4939 0.8461 0 0 -12.609 68.201 -64.615
1 36 11 0.3915 -0.985 0 0 -15.194 66.763 -62.256
1 37 7 0.5120 -0.112 0 0 -18.431 67.793 -63.993
1 38 3 0.5361 -0.083 0 0 -19.028 71.241 -65.534
1 39 17 0.5602 -0.846 0 0 -21.956 72.588 -67.558
1 40 20 0.5481 0.4079 0 0 -22.042 75.319 -70.213
1 41 1 0.4036 -0.633 0 0 -24.897 76.933 -72.114
1 42 13 0.3373 0.1967 0 0 -24.898 78.957 -75.297
1 43 6 0.1024 -0.972 0 0 -27.510 80.198 -77.740
1 44 22 0.1445 0.9852 0 0 -26.462 79.730 -81.370
1 45 22 0.0481 -0.985 0 0 -28.068 79.624 -84.809
1 46 11 0.1566 0.9734 0 0 -27.497 76.323 -86.618
1 47 3 0.0361 0.6454 0 0 -28.959 75.895 -90.114
1 48 9 0.0 0.2913 0 0 -31.363 78.770 -89.568
1 49 7 0.0120 0.3892 0 0 -32.655 77.414 -86.234
1 50 18 0.0240 -0.675 0 0 -32.048 79.341 -83.018
1 51 5 0.0963 0.7736 0 0 -31.219 76.891 -80.351
1 52 12 0.2289 -0.397 0 0 -29.778 76.470 -76.939
1 53 12 0.5662 0.4315 0 0 -26.814 74.149 -76.491
1 54 3 0.5903 -0.485 0 0 -26.474 72.706 -72.975
1 55 11 0.8253 0.4173 0 0 -23.060 71.018 -72.826
1 56 12 0.8313 -0.441 0 0 -21.916 68.716 -70.059
1 57 3 0.8795 -0.193 0 0 -18.134 68.436 -69.777
1 58 18 0.8373 0.5146 0 0 -17.307 65.228 -67.924
1 59 0 0.6987 -0.897 0 0 -14.351 63.724 -66.113
1 60 9 0.7349 0.5733 0 0 -11.989 61.429 -67.938
1 61 6 0.4277 -0.211 0 0 -10.058 60.490 -64.817
1 62 7 0.2831 0.0340 0 0 -11.452 57.062 -63.901
1 63 7 0.0662 -0.397 0 0 -11.937 58.034 -60.242
1 64 20 0.2349 0.0036 0 0 -15.262 59.671 -61.235
1 65 17 0.3433 -0.401 0 0 -16.566 56.869 -63.472
1 66 0 0.0903 -0.899 0 0 -19.444 56.082 -61.084
1 67 14 0.1506 0.1914 0 0 -20.727 59.657 -60.706
1 68 1 0.4698 0.6294 0 0 -20.676 60.047 -64.493
1 69 3 0.3674 -0.561 0 0 -23.531 57.563 -65.039
1 70 6 0.2108 -0.997 0 0 -26.199 59.799 -63.519
1 71 20 0.4457 -0.239 0 0 -25.058 62.969 -65.285
1 72 14 0.6506 0.4802 0 0 -24.889 61.223 -68.667
1 73 1 0.4096 -0.942 0 0 -28.467 59.842 -68.439
1 74 18 0.4216 0.0724 0 0 -30.032 63.111 -69.568
1 75 9 0.7108 0.0292 0 0 -27.773 63.553 -72.602
1 76 7 0.6445 -0.627 0 0 -29.332 63.564 -76.060
1 77 9 0.8674 -0.644 0 0 -26.083 63.231 -77.981
1 78 15 0.9638 -0.691 0 0 -22.500 62.422 -77.150
1 79 12 0.9939 0.5509 0 0 -19.145 63.647 -78.397
1 80 5 0.9819 -0.913 0 0 -16.723 60.740 -77.890
1 81 22 0.9759 0.6071 0 0 -13.217 62.180 -77.881
1 82 15 0.8915 -0.345 0 0 -9.778 60.597 -78.161
1 83 0 0.7530 -0.252 0 0 -6.408 62.189 -78.953
1 84 11 0.5180 -0.183 0 0 -4.579 61.258 -82.161
1 85 2 0.3072 0.0380 0 0 -1.263 61.134 -80.220
1 86 2 0.3614 0.4391 0 0 -2.574 58.761 -77.511
1 87 18 0.2590 -0.892 0 0 -3.230 55.210 -78.691
1 88 13 0.3012 -0.307 0 0 -4.696 54.116 -75.364
1 89 17 0.6084 0.2639 0 0 -7.330 56.876 -75.536
1 90 15 0.5963 -0.287 0 0 -8.473 55.436 -78.873
1 91 7 0.3795 -0.849 0 0 -8.491 51.882 -77.515
1 92 3 0.5542 -0.046 0 0 -10.611 53.164 -74.586
1 93 11 0.7710 0.6998 0 0 -13.414 54.523 -76.815
1 94 10 0.5301 -0.943 0 0 -15.280 51.215 -76.832
1 95 6 0.4879 -0.214 0 0 -15.778 51.505 -73.068
1 96 20 0.7891 0.3597 0 0 -17.383 54.961 -73.276
1 97 1 0.7289 -0.349 0 0 -19.686 53.663 -76.006
1 98 7 0.4397 -0.554 0 0 -20.723 50.819 -73.680
1 99 6 0.5 0.3160 0 0 -21.335 53.234 -70.783
1 100 11 0.6566 0.9338 0 0 -23.573 55.330 -73.055
1 101 13 0.3975 -0.497 0 0 -25.575 52.280 -74.126
1 102 1 0.1927 -0.051 0 0 -26.037 51.352 -70.450
1 103 22 0.3132 0.7842 0 0 -27.237 54.764 -69.221
1 104 13 0.3253 0.6691 0 0 -29.507 55.376 -72.223
1 105 3 0.0602 -0.547 0 0 -30.644 51.733 -72.542
1 106 17 0.1084 0.3495 0 0 -30.512 52.037 -76.327
1 107 3 0.1686 -0.861 0 0 -28.273 50.954 -79.219
1 108 3 0.2891 -0.671 0 0 -29.140 53.972 -81.398
1 109 22 0.5722 0.2942 0 0 -27.838 57.061 -79.575
1 110 16 0.7469 -0.540 0 0 -26.622 60.112 -81.525
1 111 14 0.9096 -0.211 0 0 -22.838 60.292 -81.316
1 112 22 0.9397 0.0369 0 0 -19.813 61.686 -83.136
1 113 12 0.9337 -0.673 0 0 -16.260 60.305 -82.869
1 114 22 0.9578 0.7365 0 0 -13.701 63.108 -82.439
1 115 9 0.8554 0.0757 0 0 -9.949 62.739 -82.914
1 116 2 0.8493 0.4189 0 0 -8.586 65.786 -81.094
1 117 13 0.6024 0.1116 0 0 -5.076 67.289 -80.962
1 118 5 0.4518 0.3322 0 0 -4.712 67.041 -84.740
1 119 3 0.2168 0.3550 0 0 -2.100 69.808 -84.530
1 120 0 0.1265 0.7282 0 0 0.188 67.384 -82.655
1 121 0 0.0180 -0.668 0 0 3.337 66.183 -84.381
1 122 0 0.0301 0.3720 0 0 3.431 62.613 -82.956
1 123 1 0.0722 0.4058 0 0 0.390 60.942 -84.462
1 124 18 0.0542 -0.165 0 0 -0.147 57.301 -83.508
1 125 22 0.2469 0.8414 0 0 -3.816 56.956 -84.582
1 126 7 0.1204 -0.970 0 0 -4.184 57.273 -88.334
1 127 17 0.2771 -0.274 0 0 -7.314 58.824 -89.786
1 128 1 0.0843 -0.717 0 0 -8.194 55.572 -91.568
1 129 6 0.1626 -0.314 0 0 -8.153 53.625 -88.283
1 130 0 0.4759 0.2562 0 0 -10.603 56.031 -86.704
1 131 6 0.3734 -0.396 0 0 -12.789 56.120 -89.825
1 132 3 0.1746 -0.772 0 0 -13.059 52.330 -89.604
1 133 12 0.4156 0.5972 0 0 -14.147 52.483 -85.957
1 134 0 0.5783 0.4723 0 0 -16.713 55.191 -86.725
1 135 1 0.2710 -0.758 0 0 -18.015 53.157 -89.682
1 136 17 0.1807 0.1500 0 0 -18.611 50.154 -87.440
1 137 20 0.4337 0.5429 0 0 -20.653 52.328 -85.049
1 138 9 0.3493 -0.516 0 0 -22.522 54.079 -87.866
1 139 11 0.6265 0.6953 0 0 -21.363 57.568 -86.861
1 140 16 0.6807 0.1799 0 0 -19.226 60.363 -88.298
1 141 20 0.7771 -0.131 0 0 -15.540 60.873 -87.555
1 142 11 0.8072 0.2582 0 0 -14.182 64.433 -87.347
1 143 7 0.7590 -0.725 0 0 -10.666 65.582 -86.472
1 144 18 0.8012 0.9566 0 0 -10.229 68.666 -84.318
1 145 17 0.6385 -0.988 0 0 -7.658 70.878 -82.682
1 146 0 0.6927 0.6389 0 0 -8.789 72.897 -79.687
1 147 13 0.3855 -0.700 0 0 -5.473 74.772 -80.036
1 148 18 0.2650 -0.211 0 0 -6.004 76.036 -83.606
1 149 1 0.4638 -0.037 0 0 -9.849 75.783 -83.616
1 150 6 0.4578 -0.232 0 0 -9.826 73.450 -86.629
1 151 9 0.6746 -0.983 0 0 -13.002 71.394 -86.671
1 152 22 0.8132 -0.101 0 0 -14.354 72.561 -83.322
1 153 7 0.7168 -0.880 0 0 -17.639 74.015 -84.573
1 154 3 0.7228 -0.492 0 0 -17.945 71.232 -87.119
1 155 0 0.9156 0.2898 0 0 -17.754 68.549 -84.413
1 156 15 0.9216 0.5381 0 0 -20.435 70.098 -82.192
1 157 20 0.7409 -0.478 0 0 -22.732 71.184 -85.039
1 158 18 0.7650 0.1109 0 0 -22.480 67.746 -86.677
1 159 12 0.8734 0.8029 0 0 -23.634 66.244 -83.378
1 160 22 0.6867 -0.266 0 0 -26.690 68.534 -83.463
1 161 1 0.4819 -0.117 0 0 -27.370 67.444 -87.057
1 162 7 0.5843 0.5164 0 0 -27.163 63.809 -85.913
1 163 11 0.5421 0.5897 0 0 -29.676 64.419 -83.111
1 164 1 0.2409 0.0892 0 0 -32.014 65.889 -85.780
1 165 6 0.1325 0.3824 0 0 -31.909 62.713 -87.872
1 166 10 0.1385 0.6892 0 0 -33.122 60.688 -84.883
