0 1 15 0 0 0 0 0 0 0
0 2 6 0 0 0 0 0 0 0
0 3 9 0 0 0 0 0 0 0
0 4 10 0 0 0 0 0 0 0
1 5 14 0.0 0.3674 0 0 -36.336 75.930 -76.816
1 6 18 0.0361 0.2543 0 0 -34.835 72.522 -77.458
1 7 7 0.2108 -0.008 0 0 -32.318 71.248 -74.942
1 8 20 0.5120 -0.245 0 0 -29.677 68.661 -75.809
1 9 13 0.6686 -0.829 0 0 -28.030 66.858 -72.891
1 10 12 0.9036 0.0604 0 0 -24.549 65.844 -73.952
1 11 22 0.9457 -0.693 0 0 -22.085 63.846 -71.861
1 12 22 0.9879 0.3637 0 0 -18.330 63.689 -72.462
1 13 22 0.9698 -0.223 0 0 -16.644 60.461 -71.348
1 14 9 0.9277 0.3514 0 0 -13.274 58.796 -71.752
1 15 0 0.7951 -0.376 0 0 -10.033 58.039 -69.965
1 16 9 0.6325 -0.203 0 0 -8.209 60.422 -67.677
1 17 9 0.6265 -0.062 0 0 -6.236 63.116 -69.422
1 18 22 0.8192 0.5486 0 0 -7.573 62.678 -72.974
1 19 9 0.8674 -0.649 0 0 -8.893 66.245 -73.072
1 20 13 0.9518 0.0904 0 0 -12.600 66.001 -72.227
1 21 17 0.8433 -0.644 0 0 -12.512 69.199 -70.190
1 22 0 0.7831 -0.307 0 0 -10.303 71.055 -72.612
1 23 12 0.9096 0.6642 0 0 -12.681 70.165 -75.454
1 24 18 0.8915 0.2775 0 0 -15.746 71.292 -73.511
1 25 11 0.6626 -0.371 0 0 -14.096 74.494 -72.329
1 26 6 0.6144 -0.298 0 0 -12.895 75.306 -75.837
1 27 12 0.7108 0.5910 0 0 -16.450 74.872 -77.137
1 28 11 0.5301 0.3820 0 0 -18.153 76.862 -74.394
1 29 6 0.3132 0.1100 0 0 -15.512 79.404 -73.377
1 30 2 0.2771 -0.248 0 0 -13.230 79.706 -76.424
1 31 10 0.2048 -0.085 0 0 -9.875 79.160 -74.763
1 32 15 0.3313 0.1339 0 0 -7.494 76.263 -74.283
1 33 22 0.3253 0.3931 0 0 -6.834 74.864 -70.821
1 34 3 0.1204 -0.705 0 0 -3.124 74.029 -70.782
1 35 7 0.0843 -0.309 0 0 -2.950 72.677 -67.234
1 36 20 0.2409 0.4585 0 0 -4.302 69.341 -66.059
1 37 3 0.1927 -0.420 0 0 -6.814 69.504 -63.197
1 38 16 0.3614 -0.770 0 0 -8.707 66.200 -62.983
1 39 18 0.4939 0.8551 0 0 -12.481 66.592 -63.115
1 40 11 0.3795 -0.995 0 0 -15.019 65.152 -60.744
1 41 7 0.5180 -0.008 0 0 -18.280 66.139 -62.468
1 42 3 0.5421 -0.066 0 0 -18.814 69.556 -64.034
1 43 17 0.5722 -0.775 0 0 -21.704 70.974 -66.060
1 44 20 0.5481 0.4277 0 0 -21.855 73.690 -68.701
1 45 1 0.3975 -0.629 0 0 -24.922 75.185 -70.334
1 46 13 0.2951 0.0961 0 0 -24.987 77.504 -73.334
1 47 6 0.1024 -0.970 0 0 -27.517 78.684 -75.862
1 48 22 0.1506 0.9996 0 0 -26.306 78.106 -79.426
1 49 22 0.0542 -0.971 0 0 -27.756 77.924 -82.935
1 50 11 0.1867 0.9514 0 0 -27.143 74.547 -84.564
1 51 3 0.0421 0.6626 0 0 -28.387 74.115 -88.114
1 52 9 0.0060 0.3312 0 0 -30.738 77.020 -87.665
1 53 7 0.0180 0.4564 0 0 -32.260 75.714 -84.431
1 54 18 0.0240 -0.663 0 0 -31.750 77.861 -81.353
1 55 5 0.0903 0.8075 0 0 -31.238 75.412 -78.531
1 56 12 0.2349 -0.352 0 0 -29.575 74.865 -75.192
1 57 12 0.5602 0.4668 0 0 -26.596 72.578 -74.828
1 58 3 0.5903 -0.514 0 0 -26.253 71.069 -71.355
1 59 11 0.8253 0.4196 0 0 -22.850 69.377 -71.298
1 60 12 0.8313 -0.387 0 0 -21.718 67.059 -68.523
1 61 3 0.8855 -0.207 0 0 -17.934 66.806 -68.314
1 62 18 0.8373 0.5016 0 0 -17.164 63.613 -66.419
1 63 0 0.6867 -0.889 0 0 -14.220 62.175 -64.546
1 64 9 0.7409 0.6099 0 0 -11.841 59.942 -66.403
1 65 6 0.4277 -0.173 0 0 -9.695 59.217 -63.350
1 66 7 0.2228 0.0387 0 0 -11.069 56.260 -61.412
1 67 7 0.0481 -0.517 0 0 -10.255 58.088 -58.162
1 68 20 0.1807 -0.224 0 0 -12.743 60.847 -59.064
1 69 17 0.3493 0.1055 0 0 -15.381 58.755 -60.849
1 70 0 0.0963 -0.652 0 0 -17.664 57.698 -57.976
1 71 14 0.1265 -0.961 0 0 -21.224 58.589 -59.001
1 72 1 0.4698 0.6230 0 0 -20.388 59.006 -62.709
1 73 3 0.3915 -0.508 0 0 -22.994 56.384 -63.701
1 74 6 0.2168 -0.908 0 0 -25.735 58.387 -62.014
1 75 20 0.4457 -0.293 0 0 -24.736 61.657 -63.669
1 76 14 0.6506 0.5423 0 0 -24.596 59.967 -67.085
1 77 1 0.4156 -0.928 0 0 -28.123 58.529 -66.821
1 78 18 0.4096 -0.596 0 0 -29.958 61.545 -68.257
1 79 9 0.6927 -0.009 0 0 -27.489 62.050 -71.095
1 80 7 0.6385 -0.619 0 0 -29.094 62.022 -74.534
1 81 9 0.8614 -0.630 0 0 -25.818 61.634 -76.437
1 82 15 0.9638 -0.688 0 0 -22.230 60.832 -75.564
1 83 12 0.9939 0.6194 0 0 -18.840 61.897 -76.824
1 84 5 0.9819 -0.848 0 0 -16.482 58.983 -76.355
1 85 22 0.9759 0.5895 0 0 -13.073 60.650 -76.304
1 86 15 0.8795 -0.346 0 0 -9.632 59.146 -76.576
1 87 0 0.7530 -0.245 0 0 -6.327 60.824 -77.402
1 88 11 0.5240 -0.171 0 0 -4.518 59.906 -80.615
1 89 2 0.3072 0.1027 0 0 -1.221 59.692 -78.715
1 90 2 0.3674 0.4986 0 0 -2.637 57.403 -76.025
1 91 18 0.2891 -0.873 0 0 -3.263 53.880 -77.263
1 92 13 0.3012 -0.309 0 0 -4.588 52.729 -73.905
1 93 17 0.6024 0.2737 0 0 -7.262 55.449 -73.987
1 94 15 0.5963 -0.292 0 0 -8.382 54.117 -77.372
1 95 7 0.3734 -0.833 0 0 -8.418 50.542 -76.083
1 96 3 0.5361 -0.003 0 0 -10.477 51.802 -73.123
1 97 11 0.7710 0.7018 0 0 -13.263 53.131 -75.372
1 98 10 0.5060 -0.949 0 0 -14.986 49.732 -75.309
1 99 6 0.4819 -0.094 0 0 -15.472 50.097 -71.544
1 100 20 0.7891 0.3639 0 0 -17.065 53.552 -71.857
1 101 1 0.7289 -0.467 0 0 -19.379 52.282 -74.599
1 102 7 0.4397 -0.668 0 0 -20.430 49.440 -72.309
1 103 6 0.5 0.3120 0 0 -20.984 51.836 -69.410
1 104 11 0.6566 0.9281 0 0 -23.163 54.000 -71.649
1 105 13 0.4036 -0.109 0 0 -25.170 50.947 -72.679
1 106 1 0.1987 0.0005 0 0 -25.695 50.110 -68.996
1 107 22 0.3373 0.8400 0 0 -26.692 53.596 -67.869
1 108 13 0.3192 0.6605 0 0 -29.120 54.038 -70.761
1 109 3 0.0662 -0.852 0 0 -30.255 50.385 -70.883
1 110 17 0.1144 0.4157 0 0 -30.042 50.566 -74.648
1 111 3 0.1566 -0.921 0 0 -27.741 49.447 -77.421
1 112 3 0.2831 -0.682 0 0 -29.000 52.356 -79.567
1 113 22 0.5662 0.3156 0 0 -27.517 55.432 -77.844
1 114 16 0.7349 -0.520 0 0 -26.389 58.487 -79.837
1 115 14 0.8975 -0.257 0 0 -22.592 58.627 -79.705
1 116 22 0.9397 0.0814 0 0 -19.606 60.101 -81.523
1 117 12 0.9337 -0.676 0 0 -16.057 58.753 -81.298
1 118 22 0.9578 0.7538 0 0 -13.589 61.596 -80.810
1 119 9 0.8493 0.0755 0 0 -9.840 61.305 -81.347
1 120 2 0.8554 0.4258 0 0 -8.539 64.321 -79.491
1 121 13 0.6084 0.1057 0 0 -5.081 65.903 -79.403
1 122 5 0.4638 0.3384 0 0 -4.787 65.669 -83.159
1 123 3 0.2289 0.3619 0 0 -2.174 68.441 -82.969
1 124 0 0.1325 0.7400 0 0 0.116 66.103 -80.968
1 125 0 0.0120 -0.670 0 0 3.627 65.533 -82.248
1 126 0 0.0301 0.1490 0 0 3.200 61.760 -81.870
1 127 1 0.0722 0.4165 0 0 0.349 59.581 -83.119
1 128 18 0.0602 -0.088 0 0 -0.115 56.015 -82.001
1 129 22 0.2530 0.8564 0 0 -3.782 55.651 -83.075
1 130 7 0.1084 -0.957 0 0 -4.036 55.920 -86.831
1 131 17 0.2469 -0.223 0 0 -7.154 57.449 -88.306
1 132 1 0.0783 -0.807 0 0 -8.179 54.202 -90.007
1 133 6 0.1385 -0.299 0 0 -8.001 52.250 -86.752
1 134 0 0.4759 0.4741 0 0 -10.433 54.675 -85.129
1 135 6 0.3554 -0.434 0 0 -12.653 54.812 -88.214
1 136 3 0.1626 -0.785 0 0 -12.962 51.045 -87.949
1 137 12 0.4216 0.6201 0 0 -13.926 51.191 -84.281
1 138 0 0.5783 0.4832 0 0 -16.561 53.841 -85.021
1 139 1 0.2650 -0.864 0 0 -17.854 51.769 -87.953
1 140 17 0.1746 0.1899 0 0 -18.351 48.745 -85.711
1 141 20 0.4337 0.5242 0 0 -20.438 50.912 -83.388
1 142 9 0.3433 -0.540 0 0 -22.327 52.591 -86.214
1 143 11 0.6204 0.7063 0 0 -21.126 56.083 -85.212
1 144 16 0.6807 0.2313 0 0 -18.949 58.785 -86.726
1 145 20 0.7590 -0.109 0 0 -15.289 59.283 -85.939
1 146 11 0.8012 0.3894 0 0 -13.997 62.823 -85.774
1 147 7 0.7650 -0.739 0 0 -10.595 64.152 -84.798
1 148 18 0.8072 0.9574 0 0 -10.232 67.232 -82.669
1 149 17 0.6445 -0.989 0 0 -7.688 69.466 -81.079
1 150 0 0.7048 0.6273 0 0 -8.808 71.396 -78.038
1 151 13 0.3855 -0.714 0 0 -5.557 73.313 -78.447
1 152 18 0.2710 -0.195 0 0 -6.094 74.607 -81.993
1 153 1 0.4578 -0.037 0 0 -9.932 74.318 -82.005
1 154 6 0.4518 -0.380 0 0 -9.817 72.015 -85.020
1 155 9 0.6746 -0.984 0 0 -12.930 69.878 -85.132
1 156 22 0.8132 -0.067 0 0 -14.250 70.978 -81.739
1 157 7 0.7228 -0.915 0 0 -17.534 72.497 -82.908
1 158 3 0.7168 -0.648 0 0 -17.885 69.750 -85.500
1 159 0 0.9156 0.2703 0 0 -17.623 67.080 -82.817
1 160 15 0.9216 0.5448 0 0 -20.250 68.475 -80.487
1 161 20 0.7469 -0.511 0 0 -22.600 69.523 -83.281
1 162 18 0.7771 0.1341 0 0 -22.239 66.127 -84.919
1 163 12 0.8734 0.7908 0 0 -23.355 64.590 -81.637
1 164 22 0.6987 -0.266 0 0 -26.441 66.821 -81.696
1 165 1 0.4879 -0.057 0 0 -27.080 65.674 -85.274
1 166 7 0.5843 0.5175 0 0 -26.812 62.062 -84.110
1 167 11 0.5542 0.5658 0 0 -29.293 62.693 -81.289
1 168 1 0.2590 0.1147 0 0 -31.672 64.194 -83.863
1 169 6 0.1445 0.3819 0 0 -31.578 60.941 -85.827
1 170 10 0.1686 0.4282 0 0 -32.564 58.815 -82.824
