0 1 9 0 0 0 0 0 0 0
1 2 17 0.0 -0.070 0 0 16.600 14.736 -3.722
1 3 14 0.0176 0.2255 0 0 16.787 10.930 -3.723
1 4 18 0.1176 0.0632 0 0 13.932 8.737 -4.935
1 5 7 0.3176 0.0372 0 0 13.579 5.203 -3.596
1 6 20 0.5941 -0.211 0 0 12.499 2.264 -5.828
1 7 13 0.7235 -0.868 0 0 11.656 -1.071 -4.180
1 8 12 0.9176 0.1628 0 0 12.436 -3.908 -6.604
1 9 22 0.9588 -0.713 0 0 11.977 -7.664 -6.268
1 10 22 0.9882 0.3653 0 0 13.825 -10.291 -8.341
1 11 22 0.9647 -0.210 0 0 11.901 -13.571 -8.758
1 12 9 0.9117 0.0000 0 0 12.269 -16.770 -10.766
1 13 0 0.7470 -0.574 0 0 13.236 -20.424 -10.501
1 14 3 0.6176 -0.577 0 0 16.204 -21.553 -8.470
1 15 9 0.5823 0.0000 0 0 19.467 -21.393 -10.401
1 16 22 0.8 0.6112 0 0 18.453 -18.917 -13.125
1 17 9 0.8411 0.0000 0 0 20.988 -16.326 -11.856
1 18 13 0.9411 0.1424 0 0 18.973 -13.957 -9.678
1 19 17 0.8235 -0.930 0 0 21.801 -13.569 -7.176
1 20 0 0.7764 -0.336 0 0 24.302 -13.252 -10.024
1 21 12 0.9 0.6497 0 0 22.288 -10.501 -11.676
1 22 18 0.8823 0.3066 0 0 21.783 -8.605 -8.431
1 23 11 0.6764 -0.475 0 0 25.425 -8.892 -7.421
1 24 6 0.6529 -0.489 0 0 26.580 -7.924 -10.869
1 25 12 0.7352 0.6238 0 0 24.497 -4.779 -10.718
1 26 11 0.5647 0.3793 0 0 25.461 -3.834 -7.147
1 27 6 0.3647 -0.010 0 0 29.035 -5.177 -6.741
1 28 2 0.3294 -0.590 0 0 30.196 -5.474 -10.319
1 29 10 0.2294 -0.117 0 0 31.505 -9.018 -10.206
1 30 15 0.3588 0.0967 0 0 30.249 -12.426 -11.350
1 31 22 0.3470 0.5020 0 0 29.315 -15.049 -8.808
1 32 3 0.1764 -0.500 0 0 29.609 -18.735 -9.430
1 33 7 0.1117 -0.050 0 0 29.037 -20.529 -6.179
1 34 20 0.0294 -0.718 0 0 28.433 -24.171 -5.433
1 35 3 0.0470 -0.714 0 0 26.236 -23.209 -2.476
1 36 16 0.1999 -0.787 0 0 22.643 -22.117 -3.184
1 37 18 0.4470 0.9733 0 0 21.699 -18.481 -2.675
1 38 11 0.3764 -0.964 0 0 20.503 -17.268 0.712
1 39 7 0.5352 0.2355 0 0 17.868 -14.603 0.248
1 40 3 0.5294 -0.770 0 0 19.019 -11.051 0.896
1 41 17 0.6235 -0.591 0 0 18.403 -7.481 0.003
1 42 20 0.6058 0.2205 0 0 20.825 -4.953 -1.446
1 43 1 0.4941 -0.289 0 0 20.900 -1.208 -1.931
1 44 13 0.4647 0.3636 0 0 22.377 0.749 -4.784
1 45 6 0.2235 -0.930 0 0 22.591 4.513 -5.268
1 46 22 0.2529 0.8677 0 0 22.630 5.444 -8.939
1 47 22 0.1352 -0.988 0 0 21.640 8.280 -11.244
1 48 11 0.2647 0.9831 0 0 18.992 7.113 -13.768
1 49 3 0.0705 0.6613 0 0 17.840 9.730 -16.278
1 50 9 0.0058 0.0000 0 0 19.183 12.535 -14.103
1 51 7 0.0411 0.5677 0 0 17.378 11.340 -10.956
1 52 18 0.0529 -0.714 0 0 19.363 10.149 -7.948
1 53 5 0.2764 0.5357 0 0 17.784 6.768 -7.214
1 54 12 0.3705 -0.421 0 0 18.052 4.489 -4.239
1 55 12 0.6588 0.4374 0 0 17.324 0.967 -5.470
1 56 3 0.6705 -0.717 0 0 16.250 -1.348 -2.658
1 57 11 0.8705 0.5157 0 0 16.361 -4.807 -4.230
1 58 12 0.8647 -0.456 0 0 15.266 -8.139 -2.805
1 59 3 0.8941 -0.219 0 0 17.066 -11.101 -4.322
1 60 18 0.8529 0.4660 0 0 14.555 -13.835 -3.522
1 61 0 0.6647 -0.171 0 0 15.753 -17.323 -2.607
1 62 9 0.4058 0.0000 0 0 14.764 -20.170 -0.248
1 63 6 0.4588 0.8103 0 0 11.454 -20.129 -1.990
1 64 7 0.1470 -0.323 0 0 9.623 -22.714 0.117
1 65 7 0.0823 0.1117 0 0 10.347 -21.062 3.454
1 66 20 0.0588 -0.418 0 0 8.809 -18.327 5.518
1 67 17 0.1588 0.9042 0 0 10.536 -14.972 5.161
1 68 0 0.0764 -0.813 0 0 9.336 -11.895 7.049
1 69 14 0.3058 0.4378 0 0 11.512 -9.691 4.845
1 70 1 0.5117 0.1918 0 0 10.082 -11.228 1.680
1 71 3 0.3117 -0.741 0 0 6.520 -10.684 2.902
1 72 6 0.3000 -0.649 0 0 7.312 -6.995 3.462
1 73 20 0.5882 0.2905 0 0 8.900 -6.602 -0.003
1 74 14 0.5764 0.4621 0 0 5.836 -8.235 -1.571
1 75 1 0.3411 -0.653 0 0 3.616 -5.726 0.272
1 76 18 0.4235 -0.354 0 0 5.709 -2.642 -0.552
1 77 9 0.6941 0.0000 0 0 7.562 -3.701 -3.735
1 78 7 0.7058 -0.568 0 0 6.972 -1.486 -6.722
1 79 9 0.8764 0.0000 0 0 8.325 -3.592 -9.548
1 80 15 0.9764 -0.721 0 0 9.408 -7.124 -10.350
1 81 12 0.9941 0.6626 0 0 12.091 -8.743 -12.474
1 82 5 0.9823 -0.673 0 0 10.796 -12.148 -13.566
1 83 22 0.9705 0.5002 0 0 13.893 -14.100 -14.518
1 84 15 0.8588 -0.320 0 0 14.359 -17.351 -16.469
1 85 0 0.7 -0.418 0 0 17.505 -18.871 -17.940
1 86 11 0.5058 -0.168 0 0 17.688 -19.118 -21.739
1 87 2 0.2470 0.1409 0 0 19.172 -22.667 -21.528
1 88 2 0.3235 0.1428 0 0 16.437 -23.984 -19.175
1 89 18 0.2117 -0.843 0 0 12.995 -24.440 -20.656
1 90 13 0.2588 -0.197 0 0 11.400 -25.367 -17.340
1 91 17 0.5529 0.4261 0 0 12.488 -21.987 -15.825
1 92 15 0.5588 -0.237 0 0 10.730 -20.276 -18.723
1 93 7 0.3941 -0.866 0 0 7.611 -22.421 -18.261
1 94 3 0.5235 -0.128 0 0 7.630 -21.418 -14.556
1 95 11 0.7294 0.6587 0 0 7.337 -17.697 -15.357
1 96 10 0.5176 -0.809 0 0 3.570 -17.778 -15.682
1 97 10 0.4764 -0.774 0 0 3.164 -19.038 -12.140
1 98 20 0.7411 0.4001 0 0 5.394 -16.241 -10.774
1 99 1 0.7176 -0.513 0 0 3.466 -13.633 -12.772
1 100 7 0.4411 -0.713 0 0 0.105 -14.982 -11.632
1 101 6 0.4823 0.1776 0 0 1.282 -15.004 -8.025
1 102 11 0.6470 0.9837 0 0 2.371 -11.354 -8.278
1 103 13 0.4294 -0.008 0 0 -0.986 -10.475 -9.870
1 104 1 0.1882 -0.084 0 0 -2.837 -12.255 -7.058
1 105 22 0.2941 0.6839 0 0 -0.846 -10.819 -4.131
1 106 13 0.3352 0.7627 0 0 -0.908 -7.263 -5.550
1 107 3 0.1058 -0.997 0 0 -4.530 -7.719 -6.685
1 108 17 0.1647 0.3558 0 0 -3.686 -5.962 -9.947
1 109 7 0.2176 -0.561 0 0 -3.003 -6.644 -13.645
1 110 3 0.3823 -0.691 0 0 -0.772 -3.649 -14.054
1 111 22 0.6117 0.3359 0 0 2.175 -4.282 -11.788
1 112 16 0.7882 -0.501 0 0 5.459 -2.939 -13.180
1 113 14 0.9058 -0.090 0 0 7.423 -5.946 -14.423
1 114 22 0.9470 0.1019 0 0 10.208 -6.896 -16.834
1 115 12 0.9294 -0.732 0 0 10.726 -10.393 -18.256
1 116 22 0.9529 0.7605 0 0 14.423 -11.272 -18.121
1 117 9 0.8470 0.0000 0 0 16.095 -14.081 -20.064
1 118 2 0.8352 0.3048 0 0 19.426 -14.570 -18.291
1 119 13 0.5705 0.0778 0 0 22.588 -16.522 -19.253
1 120 5 0.4529 0.3350 0 0 22.518 -15.120 -22.797
1 121 3 0.1941 0.3331 0 0 26.295 -15.681 -23.075
1 122 12 0.1294 0.4185 0 0 25.693 -19.455 -23.224
1 123 16 0.0117 -0.292 0 0 25.838 -21.507 -26.470
1 124 17 0.0235 0.3414 0 0 23.059 -23.845 -25.248
1 125 1 0.0941 0.4076 0 0 19.899 -21.784 -25.818
1 126 18 0.0647 0.0644 0 0 16.614 -23.697 -25.599
1 127 22 0.2058 0.8640 0 0 14.241 -20.680 -25.348
1 128 3 0.1235 -0.791 0 0 13.933 -18.686 -28.566
1 129 18 0.2411 -0.219 0 0 13.857 -14.910 -28.275
1 130 13 0.0999 -0.697 0 0 10.539 -14.952 -30.208
1 131 6 0.1529 -0.216 0 0 8.860 -17.210 -27.636
1 132 0 0.4705 0.5686 0 0 9.974 -14.885 -24.847
1 133 6 0.3882 -0.432 0 0 8.903 -11.788 -26.811
1 134 3 0.1705 -0.828 0 0 5.479 -13.332 -27.396
1 135 12 0.4117 0.5443 0 0 5.041 -14.127 -23.715
1 136 0 0.5411 0.4999 0 0 6.072 -10.607 -22.699
1 137 1 0.2882 -0.744 0 0 3.772 -9.093 -25.324
1 138 17 0.1823 0.1880 0 0 0.856 -11.169 -23.928
1 139 20 0.4352 0.5133 0 0 1.596 -9.648 -20.495
1 140 9 0.4 0.0000 0 0 2.145 -6.132 -21.852
1 141 11 0.6411 0.7151 0 0 5.708 -5.947 -20.476
1 142 16 0.7117 0.2864 0 0 9.230 -5.581 -21.830
1 143 15 0.7823 -0.204 0 0 11.540 -8.540 -22.460
1 144 11 0.8176 0.3014 0 0 15.302 -8.151 -22.031
1 145 7 0.7529 -0.744 0 0 18.138 -10.670 -22.299
1 146 18 0.8058 0.9852 0 0 20.993 -10.492 -19.830
1 147 17 0.6294 -0.978 0 0 24.246 -12.121 -18.891
1 148 0 0.6882 0.4626 0 0 25.348 -11.713 -15.307
1 149 13 0.4176 -0.743 0 0 28.637 -13.242 -16.504
1 150 18 0.2823 -0.136 0 0 29.520 -10.648 -19.165
1 151 1 0.5 -0.265 0 0 27.312 -7.805 -17.735
1 152 6 0.4882 -0.397 0 0 25.394 -7.614 -21.018
1 153 9 0.6823 0.0000 0 0 21.939 -6.144 -20.413
1 154 22 0.8294 -0.075 0 0 22.207 -6.073 -16.604
1 155 3 0.7588 -0.825 0 0 21.913 -2.310 -16.068
1 156 3 0.7647 -0.690 0 0 19.315 -2.211 -18.860
1 157 0 0.9235 0.6494 0 0 17.089 -4.740 -17.150
1 158 15 0.9352 0.5604 0 0 17.022 -2.929 -13.794
1 159 20 0.7941 -0.505 0 0 16.826 0.579 -15.322
1 160 18 0.8117 0.0116 0 0 14.003 -0.503 -17.593
1 161 12 0.8882 0.7800 0 0 12.120 -1.702 -14.512
1 162 22 0.7705 -0.322 0 0 12.643 1.694 -12.833
1 163 1 0.5470 -0.133 0 0 11.278 3.331 -15.994
1 164 7 0.6352 0.2063 0 0 8.273 1.010 -15.919
1 165 11 0.6 0.5664 0 0 7.564 2.018 -12.312
1 166 1 0.3529 0.1028 0 0 7.699 5.711 -13.359
1 167 13 0.2352 0.2611 0 0 5.277 5.015 -16.202
1 168 10 0.2705 0.6038 0 0 2.775 3.436 -13.738
1 169 13 0.1411 0.5216 0 0 2.965 5.934 -10.832
1 170 7 0.0352 -0.933 0 0 4.284 9.302 -9.689
1 171 13 0.0882 0.9173 0 0 7.774 8.948 -8.177
