1 1 14 0.0060 0.3098 0 0 -5.642 32.001 -6.601
1 2 18 0.0481 0.2469 0 0 -4.530 28.976 -4.613
1 3 7 0.2409 -0.527 0 0 -4.429 29.881 -0.948
1 4 20 0.5481 -0.259 0 0 -2.349 27.792 1.363
1 5 13 0.6807 -0.106 0 0 -3.565 27.636 4.866
1 6 12 0.8975 0.1233 0 0 -0.519 27.184 7.046
1 7 22 0.9457 -0.521 0 0 -0.522 27.083 10.858
1 8 22 0.9879 0.2482 0 0 2.867 27.338 12.723
1 9 22 0.9698 -0.439 0 0 2.821 25.272 15.892
1 10 9 0.9277 0.0000 0 0 5.170 24.285 18.677
1 11 0 0.7951 -0.539 0 0 6.176 25.281 22.279
1 12 9 0.6385 0.0000 0 0 6.404 28.740 23.904
1 13 9 0.6084 0.0000 0 0 9.509 30.801 22.925
1 14 22 0.8192 0.6264 0 0 10.713 28.481 20.023
1 15 9 0.8554 0.0000 0 0 10.742 31.289 17.460
1 16 13 0.9518 0.1390 0 0 7.557 30.637 15.431
1 17 17 0.8433 -0.589 0 0 6.739 34.341 15.306
1 18 0 0.7590 -0.371 0 0 10.313 35.363 14.396
1 19 12 0.9036 0.7666 0 0 9.995 32.787 11.674
1 20 18 0.8734 0.3117 0 0 6.739 34.213 10.394
1 21 11 0.6325 -0.488 0 0 8.037 37.841 10.668
1 22 6 0.5843 -0.324 0 0 11.308 36.987 8.770
1 23 12 0.6867 0.5950 0 0 9.129 35.584 5.980
1 24 11 0.4879 0.3356 0 0 6.460 38.359 5.999
1 25 6 0.2710 0.0264 0 0 8.470 41.494 6.894
1 26 2 0.2469 -0.616 0 0 12.153 40.547 6.633
1 27 10 0.2048 -0.241 0 0 13.603 41.349 9.935
1 28 15 0.3192 0.2213 0 0 14.550 39.695 13.137
1 29 22 0.3012 0.3448 0 0 12.450 40.416 16.179
1 30 3 0.1265 -0.260 0 0 14.471 40.033 19.419
1 31 7 0.0903 -0.589 0 0 11.475 41.083 21.507
1 32 20 0.1024 -0.171 0 0 9.756 39.241 24.424
1 33 3 0.2108 -0.058 0 0 6.214 39.206 22.846
1 34 16 0.3554 -0.771 0 0 3.875 36.165 23.517
1 35 18 0.4819 0.8316 0 0 1.183 35.313 21.010
1 36 11 0.3734 -0.995 0 0 -2.468 34.531 21.514
1 37 7 0.5 0.0080 0 0 -2.973 34.509 17.680
1 38 3 0.5240 -0.225 0 0 -1.687 36.457 14.671
1 39 17 0.5301 -0.409 0 0 -2.694 35.954 11.035
1 40 20 0.5180 0.3012 0 0 -0.592 36.895 7.985
1 41 1 0.3855 -0.592 0 0 -1.863 36.811 4.440
1 42 13 0.3313 -0.001 0 0 0.643 37.392 1.658
1 43 6 0.0963 -0.956 0 0 0.338 37.185 -2.078
1 44 22 0.1626 0.9606 0 0 3.530 35.354 -3.095
1 45 22 0.0662 -0.987 0 0 5.002 33.354 -5.986
1 46 11 0.1927 0.9724 0 0 6.349 29.870 -5.327
1 47 3 0.0361 0.6216 0 0 7.808 28.016 -8.357
1 48 9 0.0 0.0000 0 0 6.009 30.064 -10.866
1 49 7 0.0180 0.6258 0 0 2.512 29.795 -9.338
1 50 18 0.0301 -0.844 0 0 1.005 32.762 -7.573
1 51 5 0.1144 0.6385 0 0 -0.602 32.090 -4.351
1 52 12 0.2349 -0.176 0 0 -1.624 33.756 -1.070
1 53 12 0.5662 0.4146 0 0 0.083 32.357 2.056
1 54 3 0.5903 -0.448 0 0 -2.395 32.488 4.880
1 55 11 0.8313 0.4664 0 0 -0.335 31.798 7.945
1 56 12 0.8253 -0.438 0 0 -1.716 31.462 11.392
1 57 3 0.8674 -0.042 0 0 0.770 32.299 14.150
1 58 18 0.8373 0.5736 0 0 -0.232 30.432 17.364
1 59 0 0.6927 -0.943 0 0 0.474 30.426 21.105
1 60 9 0.7228 0.0000 0 0 3.048 28.051 22.667
1 61 10 0.4457 -0.739 0 0 1.089 27.191 25.765
1 62 7 0.2289 -0.003 0 0 -1.857 29.560 26.580
1 63 7 0.0542 -0.676 0 0 -5.315 28.465 27.714
1 64 20 0.2951 0.6648 0 0 -5.010 26.558 24.461
1 65 17 0.1325 -0.930 0 0 -6.330 23.077 25.064
1 66 0 0.0843 -0.912 0 0 -9.106 21.442 22.870
1 67 14 0.1445 -0.437 0 0 -9.131 25.181 21.834
1 68 1 0.4578 0.5010 0 0 -6.416 24.179 19.271
1 69 3 0.3373 -0.716 0 0 -8.942 21.770 17.651
1 70 6 0.2771 -0.609 0 0 -10.404 24.534 15.594
1 71 20 0.5542 0.6552 0 0 -7.258 25.763 13.777
1 72 14 0.6626 0.2804 0 0 -5.627 22.443 13.192
1 73 1 0.3915 -0.824 0 0 -9.104 21.747 11.532
1 74 18 0.4096 -0.097 0 0 -8.844 24.550 8.897
1 75 9 0.6987 0.0000 0 0 -5.161 24.402 8.290
1 76 7 0.6566 -0.618 0 0 -3.878 22.349 5.432
1 77 9 0.8795 0.0000 0 0 -0.207 22.241 6.415
1 78 15 0.9638 -0.737 0 0 1.689 22.589 9.708
1 79 12 0.9939 0.5361 0 0 5.217 23.843 10.594
1 80 5 0.9819 -0.726 0 0 6.123 21.871 13.802
1 81 22 0.9759 0.4771 0 0 8.787 23.928 15.488
1 82 15 0.8915 -0.254 0 0 11.154 23.246 18.389
1 83 0 0.7530 -0.447 0 0 14.479 24.998 19.109
1 84 11 0.5120 -0.158 0 0 17.779 23.090 18.970
1 85 2 0.3253 0.1102 0 0 18.741 24.384 22.511
1 86 2 0.3795 0.3288 0 0 15.465 23.426 24.344
1 87 18 0.2831 -0.866 0 0 15.190 19.661 24.836
1 88 13 0.3433 -0.227 0 0 11.625 19.697 26.187
1 89 17 0.6204 0.4619 0 0 10.331 21.653 23.116
1 90 15 0.6265 -0.338 0 0 11.669 18.796 20.981
1 91 7 0.4337 -0.909 0 0 9.721 16.330 23.152
1 92 3 0.5602 -0.254 0 0 6.462 18.250 23.160
1 93 11 0.7831 0.6846 0 0 6.445 17.705 19.342
1 94 10 0.5421 -0.785 0 0 4.609 14.410 19.801
1 95 6 0.5060 -0.763 0 0 1.849 16.376 21.575
1 96 20 0.7771 0.4317 0 0 1.200 18.462 18.462
1 97 1 0.7289 -0.209 0 0 1.735 15.734 15.829
1 98 7 0.4397 -0.642 0 0 -0.902 13.441 17.449
1 99 6 0.4518 0.0881 0 0 -3.548 16.037 18.135
1 100 11 0.6144 0.9938 0 0 -3.216 17.231 14.561
1 101 13 0.3975 -0.049 0 0 -3.744 13.524 13.476
1 102 1 0.1506 -0.158 0 0 -6.659 13.154 15.948
1 103 22 0.2228 0.7155 0 0 -8.564 16.328 14.773
1 104 13 0.2590 0.7973 0 0 -7.849 15.648 11.118
1 105 3 0.0421 -0.675 0 0 -8.748 11.958 11.070
1 106 17 0.1385 0.3551 0 0 -5.381 11.441 9.195
1 107 3 0.1987 -0.832 0 0 -1.972 9.878 9.368
1 108 3 0.3493 -0.082 0 0 -0.610 11.804 6.406
1 109 22 0.5722 0.3743 0 0 -1.263 15.468 6.964
1 110 16 0.7469 -0.559 0 0 1.311 17.774 5.276
1 111 14 0.9096 -0.007 0 0 3.833 18.785 7.927
1 112 22 0.9337 0.3466 0 0 7.502 19.608 8.424
1 113 12 0.9397 -0.644 0 0 9.573 19.510 11.621
1 114 22 0.9578 0.6772 0 0 11.607 22.703 12.003
1 115 9 0.8614 0.0000 0 0 14.593 22.822 14.335
1 116 2 0.8493 0.2650 0 0 14.910 26.547 14.970
1 117 13 0.5963 0.1252 0 0 17.825 28.725 16.282
1 118 5 0.4277 0.3741 0 0 20.785 26.970 14.604
1 119 3 0.1746 0.4632 0 0 22.958 30.127 14.966
1 120 12 0.1084 0.3938 0 0 23.373 29.409 18.686
1 121 0 0.0240 -0.898 0 0 26.393 27.343 19.662
1 122 0 0.0120 0.0000 0 0 25.179 25.591 22.770
1 123 1 0.0722 0.4851 0 0 22.758 23.036 21.389
1 124 18 0.0602 0.1050 0 0 21.120 20.122 23.267
1 125 22 0.2530 0.8788 0 0 19.123 18.501 20.354
1 126 7 0.1204 -0.931 0 0 21.372 16.784 17.818
1 127 17 0.3072 -0.010 0 0 20.262 16.841 14.223
1 128 1 0.0783 -0.889 0 0 20.694 13.045 14.056
1 129 6 0.1566 0.0436 0 0 17.860 12.477 16.575
1 130 0 0.4759 0.4773 0 0 15.675 15.230 15.136
1 131 6 0.4036 -0.108 0 0 16.141 13.724 11.604
1 132 3 0.1867 -0.874 0 0 15.177 10.281 12.959
1 133 12 0.4216 0.4646 0 0 11.990 11.712 14.521
1 134 0 0.5783 0.4549 0 0 11.152 13.319 11.167
1 135 1 0.3132 -0.867 0 0 11.967 10.012 9.264
1 136 17 0.1807 0.0210 0 0 9.804 8.065 11.813
1 137 20 0.4156 0.6023 0 0 6.863 10.289 10.966
1 138 9 0.3614 0.0000 0 0 7.302 10.325 7.043
1 139 11 0.6445 0.6564 0 0 8.103 14.031 7.193
1 140 16 0.7048 0.1656 0 0 10.835 16.500 5.974
1 141 20 0.7891 -0.085 0 0 13.166 17.932 8.673
1 142 11 0.8072 0.3288 0 0 14.522 21.466 8.330
1 143 7 0.7710 -0.733 0 0 16.778 23.523 10.516
1 144 18 0.8012 0.9695 0 0 16.261 27.262 10.596
1 145 17 0.6506 -0.976 0 0 17.395 30.568 11.906
1 146 0 0.6686 0.5082 0 0 15.099 33.543 12.326
1 147 13 0.3674 -0.829 0 0 18.177 35.505 13.535
1 148 18 0.2650 -0.277 0 0 20.246 34.674 10.415
1 149 1 0.4638 0.0346 0 0 17.287 33.948 8.038
1 150 6 0.4698 -0.287 0 0 19.008 30.497 7.462
1 151 9 0.6746 0.0000 0 0 16.377 28.162 6.030
1 152 22 0.8132 -0.334 0 0 13.169 30.195 6.736
1 153 7 0.7108 -0.882 0 0 12.100 30.223 3.017
1 154 3 0.7349 -0.788 0 0 13.060 26.551 2.946
1 155 0 0.9216 0.7510 0 0 10.794 25.596 5.850
1 156 15 0.9156 0.4384 0 0 7.836 27.529 4.387
1 157 20 0.7409 -0.482 0 0 8.220 26.443 0.795
1 158 18 0.7650 0.0648 0 0 8.922 22.758 1.475
1 159 12 0.8855 0.7876 0 0 5.661 22.778 3.442
1 160 22 0.7168 -0.315 0 0 3.723 24.343 0.500
1 161 1 0.4939 -0.127 0 0 5.245 21.628 -1.778
1 162 7 0.6024 0.3019 0 0 4.128 18.981 0.755
1 163 11 0.5361 0.5971 0 0 0.554 20.267 0.373
1 164 1 0.2891 0.0526 0 0 0.905 20.342 -3.421
1 165 6 0.1686 -0.311 0 0 1.945 16.697 -3.406
1 166 10 0.2168 0.2173 0 0 -0.633 15.278 -0.894
