1 1 14 0.0116 0.3229 0 0 8.555 63.392 53.788
1 2 18 0.0877 0.1061 0 0 11.360 60.879 53.998
1 3 7 0.2923 -0.085 0 0 12.283 58.531 51.208
1 4 20 0.5730 -0.179 0 0 13.719 55.122 52.017
1 5 13 0.7134 -0.945 0 0 15.483 52.792 49.524
1 6 12 0.9064 0.1644 0 0 14.517 49.245 50.333
1 7 22 0.9473 -0.567 0 0 15.919 46.330 48.384
1 8 22 0.9824 0.1447 0 0 14.297 42.927 48.569
1 9 22 0.9649 -0.200 0 0 17.090 40.429 48.276
1 10 9 0.9298 0.0000 0 0 17.056 36.622 48.407
1 11 0 0.7719 -0.388 0 0 17.325 33.228 46.738
1 12 9 0.6140 0.0000 0 0 15.163 32.559 43.698
1 13 9 0.5614 0.0000 0 0 11.516 31.568 44.342
1 14 22 0.7953 0.6164 0 0 11.525 32.485 48.110
1 15 9 0.8362 0.0000 0 0 8.504 34.851 47.689
1 16 13 0.9122 0.1568 0 0 10.142 38.266 47.152
1 17 17 0.8011 -0.624 0 0 7.750 39.665 44.559
1 18 0 0.7192 -0.297 0 0 4.823 38.287 46.431
1 19 12 0.8888 0.8096 0 0 6.065 40.031 49.588
1 20 18 0.8771 0.2816 0 0 6.474 43.235 47.702
1 21 11 0.6374 -0.541 0 0 3.119 42.942 45.935
1 22 6 0.5672 -0.463 0 0 1.044 42.200 49.040
1 23 12 0.6666 0.5811 0 0 2.367 45.468 50.424
1 24 11 0.4970 0.4017 0 0 2.004 47.588 47.337
1 25 6 0.2514 0.0506 0 0 -1.286 46.157 46.109
1 26 2 0.2280 -0.430 0 0 -2.837 43.882 48.769
1 27 10 0.1345 -0.153 0 0 -3.375 40.741 46.787
1 28 15 0.2807 0.1375 0 0 -1.441 37.521 46.617
1 29 22 0.2573 0.4459 0 0 0.464 36.428 43.550
1 30 3 0.0818 -0.691 0 0 0.087 32.788 42.546
1 31 7 0.0701 -0.264 0 0 1.916 33.036 39.328
1 32 20 0.1578 0.3976 0 0 5.599 32.244 39.684
1 33 3 0.1520 -0.333 0 0 6.850 34.894 37.368
1 34 16 0.3099 -0.807 0 0 10.480 35.654 37.599
1 35 18 0.4385 0.9145 0 0 12.072 38.986 37.913
1 36 11 0.3567 -0.996 0 0 14.879 40.948 36.512
1 37 7 0.4912 0.1800 0 0 14.226 44.073 38.458
1 38 3 0.5029 -0.369 0 0 11.068 45.955 39.286
1 39 17 0.5321 -0.370 0 0 10.501 49.189 41.178
1 40 20 0.5380 0.3303 0 0 7.667 50.075 43.508
1 41 1 0.4152 -0.391 0 0 6.724 53.214 45.360
1 42 13 0.3976 0.1989 0 0 4.639 53.491 48.478
1 43 6 0.1695 -0.973 0 0 3.576 56.247 50.799
1 44 22 0.2105 0.9822 0 0 2.934 55.261 54.406
1 45 22 0.0994 -0.994 0 0 3.094 56.797 57.842
1 46 11 0.2163 0.9836 0 0 5.200 54.785 60.241
1 47 3 0.0584 0.6390 0 0 5.438 55.979 63.833
1 48 9 0.0058 0.0000 0 0 3.988 59.310 62.683
1 49 7 0.0409 0.5539 0 0 6.553 59.860 60.014
1 50 18 0.0467 -0.811 0 0 5.424 60.286 56.379
1 51 5 0.2222 0.5713 0 0 7.535 57.857 54.513
1 52 12 0.3157 -0.329 0 0 8.031 57.161 50.800
1 53 12 0.6023 0.4640 0 0 8.969 53.587 50.483
1 54 3 0.6198 -0.547 0 0 11.011 53.166 47.300
1 55 11 0.8596 0.4079 0 0 11.293 49.408 47.080
1 56 12 0.8479 -0.392 0 0 13.460 47.563 44.563
1 57 3 0.8713 -0.055 0 0 12.312 44.109 43.735
1 58 18 0.8245 0.6194 0 0 15.309 42.031 42.522
1 59 0 0.6549 -0.925 0 0 16.130 38.842 40.647
1 60 9 0.6959 0.0000 0 0 16.941 35.873 42.964
1 61 6 0.4035 -0.478 0 0 17.664 33.414 40.183
1 62 7 0.1988 -0.618 0 0 21.237 32.085 39.774
1 63 7 0.1461 -0.613 0 0 21.678 35.056 37.566
1 64 20 0.2690 -0.353 0 0 21.656 38.668 37.737
1 65 17 0.2748 -0.036 0 0 24.691 38.628 39.781
1 66 0 0.1169 -0.836 0 0 26.672 41.793 38.861
1 67 14 0.3391 0.0608 0 0 23.667 44.006 39.482
1 68 1 0.5204 0.4601 0 0 23.989 42.145 42.640
1 69 3 0.3684 -0.766 0 0 26.602 44.874 43.243
1 70 6 0.3216 -0.739 0 0 25.057 48.141 42.163
1 71 20 0.5847 0.5800 0 0 21.641 47.776 43.702
1 72 14 0.6608 0.0790 0 0 23.623 46.851 46.780
1 73 1 0.3918 -0.663 0 0 25.457 50.152 46.458
1 74 18 0.4795 -0.196 0 0 22.215 51.996 46.213
1 75 9 0.7485 0.0000 0 0 20.024 50.157 48.710
1 76 7 0.7251 -0.605 0 0 19.622 51.732 52.096
1 77 9 0.8947 0.0000 0 0 18.349 48.575 53.707
1 78 15 0.9766 -0.811 0 0 17.804 44.966 52.653
1 79 12 0.9941 0.6135 0 0 14.919 42.542 53.152
1 80 5 0.9883 -0.656 0 0 16.902 39.259 53.228
1 81 22 0.9707 0.3026 0 0 14.350 36.598 52.347
1 82 15 0.8830 -0.188 0 0 14.364 32.880 52.348
1 83 0 0.7017 -0.359 0 0 11.671 30.349 52.719
1 84 11 0.5146 -0.106 0 0 10.688 28.312 55.748
1 85 2 0.2982 0.0233 0 0 10.405 25.309 53.514
1 86 2 0.3742 0.1934 0 0 13.814 25.731 51.921
1 87 18 0.3040 -0.825 0 0 17.053 25.261 53.767
1 88 13 0.3333 -0.331 0 0 19.364 26.274 50.965
1 89 17 0.6081 0.3744 0 0 17.617 29.541 50.794
1 90 15 0.5964 -0.119 0 0 18.277 29.718 54.544
1 91 7 0.4269 -0.893 0 0 21.902 28.982 53.904
1 92 3 0.5438 -0.737 0 0 22.701 31.312 51.021
1 93 11 0.7836 0.7345 0 0 21.662 34.267 53.021
1 94 10 0.5497 -0.880 0 0 25.076 34.349 54.595
1 95 6 0.5087 -0.789 0 0 26.244 34.909 51.019
1 96 20 0.7602 0.4489 0 0 23.890 37.770 50.281
1 97 1 0.7309 -0.428 0 0 24.965 39.396 53.602
1 98 7 0.4561 -0.680 0 0 28.613 39.051 52.892
1 99 6 0.4736 0.2226 0 0 28.200 40.466 49.371
1 100 11 0.6491 0.9838 0 0 26.318 43.410 50.861
1 101 13 0.4210 -0.004 0 0 28.904 44.381 53.434
1 102 1 0.1637 -0.433 0 0 31.550 44.136 50.777
1 103 22 0.2865 0.7099 0 0 29.700 46.482 48.409
1 104 13 0.2456 0.8133 0 0 29.345 49.023 51.122
1 105 3 0.0760 -0.783 0 0 32.271 48.114 53.261
1 106 17 0.1403 0.3343 0 0 30.232 48.963 56.350
1 107 3 0.1929 -0.456 0 0 29.786 46.360 58.926
1 108 3 0.3625 -0.666 0 0 26.679 47.980 60.186
1 109 22 0.6257 0.1726 0 0 24.102 47.738 57.499
1 110 16 0.8128 -0.554 0 0 20.368 47.831 57.853
1 111 14 0.9356 -0.197 0 0 19.001 44.522 57.071
1 112 22 0.9532 -0.012 0 0 16.163 42.486 58.309
1 113 12 0.9415 -0.750 0 0 16.045 38.645 58.030
1 114 22 0.9590 0.6214 0 0 12.597 37.443 56.734
1 115 9 0.8654 0.0000 0 0 11.264 33.901 56.903
1 116 2 0.8538 0.2106 0 0 8.670 33.672 54.171
1 117 13 0.5789 0.1072 0 0 5.796 31.243 53.418
1 118 5 0.4502 0.3126 0 0 5.161 30.465 57.089
1 119 3 0.1871 0.4693 0 0 1.608 29.530 56.047
1 120 12 0.1052 0.4620 0 0 3.141 26.374 54.774
1 121 0 0.0233 -0.876 0 0 2.807 23.461 57.169
1 122 0 0.0292 -0.091 0 0 6.295 21.947 56.421
1 123 1 0.0935 0.4994 0 0 9.346 23.779 57.761
1 124 18 0.0643 0.1082 0 0 12.833 22.450 57.355
1 125 22 0.2339 0.9018 0 0 13.812 25.709 58.963
1 126 7 0.1286 -0.925 0 0 13.202 26.459 62.625
1 127 17 0.3274 -0.278 0 0 12.312 29.898 63.984
1 128 1 0.1111 -0.387 0 0 14.922 29.264 66.547
1 129 6 0.1754 -0.193 0 0 17.721 28.708 64.000
1 130 0 0.5263 0.5427 0 0 16.462 31.765 62.152
1 131 6 0.4093 -0.344 0 0 16.533 33.680 65.453
1 132 3 0.1812 -0.828 0 0 19.898 32.354 66.371
1 133 12 0.4444 0.5090 0 0 21.159 33.713 63.041
1 134 0 0.6315 0.4359 0 0 19.463 37.126 63.106
1 135 1 0.3508 -0.821 0 0 21.016 37.237 66.536
1 136 17 0.2046 -0.065 0 0 24.671 36.737 65.509
1 137 20 0.4853 0.5306 0 0 23.879 39.194 62.745
1 138 9 0.4327 0.0000 0 0 22.421 41.841 65.047
1 139 11 0.6900 0.6841 0 0 19.207 42.188 63.178
1 140 16 0.7426 0.3120 0 0 15.556 41.536 63.605
1 141 20 0.8304 -0.132 0 0 13.694 38.698 62.201
1 142 11 0.8421 0.0606 0 0 10.173 38.302 61.172
1 143 7 0.7368 -0.630 0 0 8.240 35.480 59.858
1 144 18 0.7894 0.9716 0 0 5.840 36.335 57.045
1 145 17 0.5906 -0.971 0 0 3.075 34.938 54.841
1 146 0 0.6725 0.4506 0 0 2.729 36.784 51.533
1 147 13 0.3801 -0.731 0 0 -0.070 34.393 51.012
1 148 18 0.2397 -0.101 0 0 -1.906 35.346 54.191
1 149 1 0.4619 0.0292 0 0 -0.526 38.887 54.378
1 150 6 0.4678 -0.826 0 0 0.613 38.133 57.824
1 151 9 0.6783 0.0000 0 0 3.762 39.941 59.061
1 152 22 0.8070 -0.107 0 0 4.096 41.648 55.713
1 153 7 0.7076 -0.940 0 0 3.682 45.208 56.987
1 154 3 0.7543 -0.826 0 0 6.001 44.444 59.881
1 155 0 0.9239 0.6152 0 0 8.801 43.144 57.769
1 156 15 0.9181 0.4239 0 0 8.935 46.388 55.746
1 157 20 0.7777 -0.495 0 0 8.138 48.846 58.519
1 158 18 0.8187 0.1137 0 0 10.821 47.199 60.746
1 159 12 0.9005 0.8093 0 0 13.355 47.722 57.988
1 160 22 0.7660 -0.363 0 0 12.437 51.355 57.847
1 161 1 0.5555 -0.107 0 0 12.995 51.659 61.620
1 162 7 0.6842 0.2704 0 0 16.330 49.953 61.093
1 163 11 0.6432 0.6200 0 0 17.477 52.471 58.501
1 164 1 0.3859 -0.097 0 0 16.118 55.348 60.408
1 165 6 0.2631 0.0059 0 0 18.043 54.206 63.555
1 166 10 0.3450 0.3291 0 0 21.012 53.645 61.408
1 167 13 0.1228 0.2437 0 0 21.014 57.290 60.387
1 168 12 0.0350 -0.198 0 0 20.529 58.585 63.849
1 169 1 0.0175 0.0282 0 0 21.917 56.602 66.785
1 170 13 0.0526 0.8994 0 0 24.025 54.723 64.624
1 171 12 0.0 -0.691 0 0 26.108 57.270 66.518
