1 1 14 0.0233 0.2828 0 0 18.175 47.160 66.634
1 2 18 0.1286 0.1705 0 0 19.258 47.393 70.257
1 3 7 0.2923 -0.200 0 0 19.788 44.327 72.452
1 4 20 0.5555 -0.133 0 0 19.278 44.947 76.103
1 5 13 0.7017 -0.943 0 0 20.418 42.863 79.118
1 6 12 0.9064 0.0756 0 0 17.745 43.230 81.753
1 7 22 0.9532 -0.719 0 0 17.864 41.335 85.050
1 8 22 0.9883 0.1513 0 0 14.806 40.423 87.106
1 9 22 0.9649 -0.341 0 0 16.052 40.612 90.720
1 10 9 0.9239 0.0000 0 0 14.240 40.189 94.072
1 11 0 0.7777 -0.534 0 0 13.103 37.706 96.731
1 12 9 0.6023 0.0000 0 0 11.598 34.255 96.598
1 13 9 0.5380 0.0000 0 0 7.881 34.159 95.965
1 14 22 0.7953 0.7037 0 0 7.818 37.737 94.702
1 15 9 0.8421 0.0000 0 0 6.782 36.837 91.197
1 16 13 0.9356 0.0033 0 0 9.951 37.366 89.127
1 17 17 0.8245 -0.629 0 0 9.035 34.398 87.057
1 18 0 0.7192 -0.141 0 0 5.321 35.107 86.660
1 19 12 0.8888 0.7304 0 0 6.303 38.540 85.624
1 20 18 0.8713 0.2704 0 0 8.702 37.277 83.050
1 21 11 0.6491 -0.596 0 0 6.743 34.478 81.516
1 22 6 0.5964 -0.384 0 0 3.824 36.899 81.259
1 23 12 0.6900 0.5117 0 0 5.933 39.284 79.209
1 24 11 0.5204 0.2993 0 0 7.201 36.531 76.924
1 25 6 0.2748 0.0840 0 0 4.693 33.632 76.851
1 26 2 0.3099 -0.496 0 0 2.065 36.276 77.261
1 27 10 0.2046 -0.398 0 0 0.415 33.979 79.854
1 28 15 0.3157 0.1328 0 0 0.079 33.574 83.742
1 29 22 0.3040 0.2073 0 0 1.949 31.005 85.938
1 30 3 0.1871 -0.839 0 0 1.270 30.142 89.558
1 31 7 0.1111 -0.211 0 0 3.280 26.992 88.858
1 32 20 0.2514 0.3075 0 0 6.776 27.716 87.635
1 33 3 0.1578 -0.702 0 0 9.567 25.881 89.375
1 34 16 0.3450 -0.508 0 0 11.611 27.834 91.971
1 35 18 0.4619 0.9267 0 0 14.502 29.192 89.990
1 36 11 0.4327 -0.960 0 0 18.261 29.914 89.919
1 37 7 0.5029 -0.315 0 0 18.955 30.955 86.280
1 38 3 0.5146 0.2023 0 0 16.595 30.899 83.157
1 39 17 0.5321 0.0156 0 0 16.738 33.122 80.076
1 40 20 0.5497 0.2508 0 0 14.375 34.927 77.789
1 41 1 0.4444 -0.832 0 0 14.502 36.932 74.649
1 42 13 0.4152 0.0709 0 0 11.817 39.154 73.310
1 43 6 0.1695 -0.960 0 0 11.910 41.063 70.031
1 44 22 0.1929 0.8142 0 0 9.836 44.132 70.198
1 45 22 0.1228 -0.924 0 0 9.501 47.804 69.340
1 46 11 0.1988 0.9864 0 0 9.379 50.594 71.849
1 47 3 0.0701 0.7371 0 0 9.314 54.124 70.961
1 48 9 0.0116 0.0000 0 0 9.596 53.041 67.281
1 49 7 0.0467 0.6000 0 0 12.897 51.224 68.086
1 50 18 0.0643 -0.648 0 0 13.383 47.578 67.472
1 51 5 0.2222 0.5665 0 0 14.479 45.993 70.666
1 52 12 0.3274 -0.430 0 0 15.890 42.703 71.555
1 53 12 0.6257 0.4371 0 0 15.119 42.151 75.265
1 54 3 0.6549 -0.632 0 0 17.572 39.791 76.798
1 55 11 0.8479 0.4328 0 0 15.947 38.861 80.099
1 56 12 0.8538 -0.347 0 0 17.565 36.934 82.932
1 57 3 0.8771 -0.096 0 0 15.074 35.520 85.320
1 58 18 0.8596 0.4316 0 0 17.047 35.140 88.520
1 59 0 0.7251 -0.850 0 0 15.959 33.621 91.862
1 60 9 0.6374 0.0000 0 0 15.908 34.149 95.667
1 61 6 0.3859 -0.249 0 0 14.137 31.280 97.626
1 62 7 0.0994 -0.336 0 0 16.137 28.587 99.494
1 63 7 0.0526 -0.565 0 0 19.916 27.673 99.116
1 64 20 0.1461 -0.135 0 0 20.612 28.899 95.578
1 65 17 0.0584 -0.140 0 0 24.170 27.803 94.928
1 66 0 0.0877 -0.707 0 0 26.201 30.692 93.548
1 67 14 0.3684 0.0759 0 0 24.305 33.222 91.331
1 68 1 0.5087 0.3125 0 0 24.374 36.907 92.425
1 69 3 0.2397 -0.700 0 0 28.191 37.442 92.222
1 70 6 0.3508 -0.916 0 0 28.272 38.292 88.512
1 71 20 0.5730 0.5968 0 0 25.149 38.845 86.569
1 72 14 0.6198 0.3930 0 0 25.537 42.287 87.709
1 73 1 0.3742 -0.724 0 0 28.580 43.360 85.619
1 74 18 0.4561 -0.394 0 0 26.592 42.097 82.720
1 75 9 0.7426 0.0000 0 0 23.138 43.222 83.620
1 76 7 0.7134 -0.580 0 0 22.330 46.565 82.057
1 77 9 0.8947 0.0000 0 0 19.103 47.142 83.786
1 78 15 0.9707 -0.811 0 0 17.584 45.534 86.831
1 79 12 0.9941 0.6584 0 0 13.985 44.982 87.590
1 80 5 0.9824 -0.692 0 0 14.008 44.926 91.507
1 81 22 0.9766 0.4112 0 0 10.860 43.103 92.545
1 82 15 0.8830 -0.322 0 0 8.843 42.822 95.764
1 83 0 0.6959 -0.500 0 0 5.317 41.757 96.782
1 84 11 0.4912 0.0667 0 0 2.653 44.071 98.094
1 85 2 0.2631 0.2622 0 0 1.569 41.428 100.522
1 86 2 0.3567 0.1490 0 0 5.023 40.795 101.906
1 87 18 0.2456 -0.797 0 0 6.720 43.443 103.963
1 88 13 0.2982 -0.336 0 0 9.908 41.399 104.248
1 89 17 0.5906 0.3838 0 0 10.128 41.068 100.446
1 90 15 0.6081 -0.169 0 0 10.223 44.793 100.507
1 91 7 0.4210 -0.865 0 0 13.026 45.289 102.958
1 92 3 0.5672 -0.403 0 0 15.131 42.993 100.978
1 93 11 0.7894 0.5939 0 0 15.125 45.389 98.002
1 94 10 0.5789 -0.911 0 0 17.625 47.661 99.646
1 95 6 0.5263 -0.848 0 0 19.985 44.799 99.727
1 96 20 0.7660 0.3161 0 0 19.914 43.634 96.076
1 97 1 0.7485 -0.055 0 0 20.131 47.348 95.319
1 98 7 0.4736 -0.544 0 0 23.253 47.596 97.328
1 99 6 0.4678 0.3243 0 0 25.160 44.755 95.682
1 100 11 0.6432 0.9712 0 0 24.453 46.055 92.257
1 101 13 0.4093 -0.013 0 0 25.936 49.367 93.201
1 102 1 0.1812 -0.040 0 0 29.033 47.602 94.296
1 103 22 0.2690 0.4401 0 0 29.381 45.251 91.407
1 104 13 0.3333 0.8396 0 0 28.689 48.140 89.092
1 105 3 0.0818 -0.913 0 0 30.974 50.525 90.913
1 106 17 0.1520 0.3993 0 0 28.452 53.226 90.250
1 107 3 0.2865 0.7464 0 0 25.190 54.778 91.024
1 108 3 0.3625 -0.820 0 0 24.543 54.955 87.374
1 109 22 0.6608 0.3187 0 0 22.515 51.796 87.575
1 110 16 0.8011 -0.556 0 0 19.219 51.636 85.746
1 111 14 0.9298 -0.198 0 0 16.454 50.034 87.766
1 112 22 0.9590 0.0230 0 0 12.742 49.977 88.122
1 113 12 0.9415 -0.651 0 0 11.061 49.312 91.463
1 114 22 0.9473 0.7610 0 0 8.125 47.009 91.106
1 115 9 0.8654 0.0000 0 0 5.438 46.068 93.578
1 116 2 0.8362 0.2316 0 0 3.988 42.893 92.342
1 117 13 0.5438 0.0838 0 0 0.577 41.377 93.063
1 118 5 0.4385 0.0146 0 0 -1.471 44.624 92.645
1 119 3 0.1754 0.3807 0 0 -4.516 42.265 92.631
1 120 12 0.1052 0.4360 0 0 -4.530 41.155 96.287
1 121 0 0.0175 -0.871 0 0 -6.983 42.579 98.803
1 122 0 0.0350 0.0493 0 0 -4.222 41.769 101.239
1 123 1 0.0935 0.4737 0 0 -1.724 44.570 100.990
1 124 18 0.0760 0.1049 0 0 0.873 45.124 103.698
1 125 22 0.2163 0.8664 0 0 3.023 47.536 101.766
1 126 7 0.1403 -0.932 0 0 1.668 50.911 101.062
1 127 17 0.2807 -0.196 0 0 2.146 52.505 97.704
1 128 1 0.1169 -0.415 0 0 3.077 55.602 99.535
1 129 6 0.1637 -0.041 0 0 5.756 53.593 101.322
1 130 0 0.4970 0.5401 0 0 7.073 52.107 98.090
1 131 6 0.3976 -0.396 0 0 6.874 55.489 96.315
1 132 3 0.2105 -0.902 0 0 9.143 56.918 98.922
1 133 12 0.4269 0.4545 0 0 11.733 54.296 98.599
1 134 0 0.5847 0.2970 0 0 11.639 54.833 94.907
1 135 1 0.3391 -0.926 0 0 11.866 58.548 95.262
1 136 17 0.2339 -0.381 0 0 14.839 57.933 97.593
1 137 20 0.4853 0.5683 0 0 16.482 55.944 94.894
1 138 9 0.4035 0.0000 0 0 15.421 58.432 92.220
1 139 11 0.6842 0.7131 0 0 14.030 55.571 90.141
1 140 16 0.7543 0.1316 0 0 10.570 54.618 88.913
1 141 20 0.8070 -0.220 0 0 8.135 52.484 90.796
1 142 11 0.8304 0.2484 0 0 5.394 50.554 88.938
1 143 7 0.7368 -0.707 0 0 2.858 48.321 90.566
1 144 18 0.7836 0.9623 0 0 2.164 45.044 88.788
1 145 17 0.6140 -0.997 0 0 -0.057 41.934 88.791
1 146 0 0.6783 0.4403 0 0 1.371 39.014 86.813
1 147 13 0.3801 -0.758 0 0 -1.914 37.423 87.522
1 148 18 0.2280 -0.257 0 0 -4.055 39.935 85.627
1 149 1 0.4795 0.0418 0 0 -0.987 41.091 83.667
1 150 6 0.4502 -0.862 0 0 -1.825 44.601 84.756
1 151 9 0.6725 0.0000 0 0 1.253 46.871 84.420
1 152 22 0.8187 -0.189 0 0 3.636 44.185 83.288
1 153 7 0.7076 -0.767 0 0 4.577 45.736 79.921
1 154 3 0.7309 -0.758 0 0 4.995 49.072 81.576
1 155 0 0.9181 0.6040 0 0 7.527 47.653 84.042
1 156 15 0.9122 0.5225 0 0 9.702 46.267 81.289
1 157 20 0.7602 -0.432 0 0 9.447 49.098 78.761
1 158 18 0.8128 0.0596 0 0 10.079 51.501 81.606
1 159 12 0.9005 0.7692 0 0 13.297 49.823 82.474
1 160 22 0.7719 -0.381 0 0 14.401 49.749 78.864
1 161 1 0.5614 -0.149 0 0 13.558 53.498 78.556
1 162 7 0.6666 0.2669 0 0 15.837 54.012 81.586
1 163 11 0.6315 0.5961 0 0 18.749 52.109 80.069
1 164 1 0.3918 -0.150 0 0 18.205 53.995 76.916
1 165 6 0.2573 0.1754 0 0 18.228 57.232 78.765
1 166 10 0.3216 0.3034 0 0 21.216 56.213 80.811
1 167 13 0.1345 0.3513 0 0 23.308 55.483 77.771
1 168 12 0.0409 -0.225 0 0 23.637 59.168 77.229
1 169 1 0.0292 0.2299 0 0 26.373 59.123 79.808
1 170 13 0.0 0.1858 0 0 28.930 61.882 79.368
1 171 12 0.0058 -0.715 0 0 27.400 60.921 76.077
