1 1 14 0.0175 0.2207 0 0 12.989 59.402 84.141
1 2 18 0.0877 0.0764 0 0 12.781 63.125 83.937
1 3 7 0.2690 -0.156 0 0 11.766 65.516 86.562
1 4 20 0.5438 -0.174 0 0 9.612 68.503 85.888
1 5 13 0.7192 -0.878 0 0 8.826 71.392 88.323
1 6 12 0.9064 0.1323 0 0 5.246 72.577 87.835
1 7 22 0.9473 -0.511 0 0 3.694 75.373 89.925
1 8 22 0.9824 0.3248 0 0 -0.016 76.053 89.922
1 9 22 0.9649 -0.054 0 0 -0.889 79.777 90.191
1 10 9 0.9122 0.0000 0 0 -4.081 81.849 90.233
1 11 0 0.7602 -0.490 0 0 -6.442 83.898 92.248
1 12 9 0.6198 0.0000 0 0 -7.980 82.309 95.325
1 13 9 0.5497 0.0000 0 0 -11.086 80.281 94.861
1 14 22 0.7894 0.6224 0 0 -10.304 79.200 91.312
1 15 9 0.8538 0.0000 0 0 -9.736 75.427 91.568
1 16 13 0.9298 0.1358 0 0 -6.025 75.135 91.948
1 17 17 0.8070 -0.585 0 0 -6.131 72.681 94.786
1 18 0 0.7134 -0.456 0 0 -9.144 70.794 93.428
1 19 12 0.8888 0.6698 0 0 -7.217 70.572 90.065
1 20 18 0.8771 0.3166 0 0 -4.051 69.315 91.725
1 21 11 0.6257 -0.460 0 0 -5.820 66.816 93.981
1 22 6 0.5614 -0.368 0 0 -7.836 65.331 91.146
1 23 12 0.6783 0.6232 0 0 -4.693 64.667 89.197
1 24 11 0.5204 0.3954 0 0 -2.936 63.309 92.187
1 25 6 0.2748 -0.104 0 0 -5.827 61.503 93.931
1 26 2 0.2514 -0.374 0 0 -8.784 61.379 91.668
1 27 10 0.1520 -0.142 0 0 -11.355 62.890 93.974
1 28 15 0.2982 0.1101 0 0 -13.059 66.222 93.780
1 29 22 0.2339 0.5254 0 0 -12.745 68.257 96.851
1 30 3 0.0818 -0.605 0 0 -16.006 69.926 97.883
1 31 7 0.0584 -0.287 0 0 -14.702 72.054 100.694
1 32 20 0.1461 0.3927 0 0 -12.834 75.198 100.376
1 33 3 0.1403 -0.199 0 0 -9.727 75.022 102.487
1 34 16 0.3274 -0.736 0 0 -7.451 77.837 101.652
1 35 18 0.4619 0.8514 0 0 -3.833 76.910 100.739
1 36 11 0.3801 -0.980 0 0 -0.516 78.405 101.835
1 37 7 0.5146 0.1498 0 0 1.719 76.074 99.920
1 38 3 0.5263 -0.347 0 0 1.574 72.315 99.262
1 39 17 0.5321 -0.520 0 0 3.893 69.861 97.397
1 40 20 0.5380 0.2842 0 0 2.802 66.863 95.388
1 41 1 0.4327 -0.191 0 0 4.646 64.250 93.463
1 42 13 0.4210 0.1342 0 0 3.144 62.227 90.569
1 43 6 0.1929 -0.987 0 0 4.880 59.839 88.312
1 44 22 0.2397 0.9230 0 0 3.529 59.659 84.770
1 45 22 0.1052 -0.987 0 0 4.342 58.553 81.205
1 46 11 0.2163 0.9967 0 0 4.130 61.437 78.830
1 47 3 0.0643 0.6008 0 0 4.757 60.834 75.131
1 48 9 0.0116 0.0000 0 0 6.749 57.820 76.142
1 49 7 0.0467 0.5139 0 0 8.702 59.850 78.662
1 50 18 0.0526 -0.790 0 0 8.765 58.685 82.351
1 51 5 0.2222 0.5581 0 0 8.263 61.993 84.142
1 52 12 0.3040 -0.295 0 0 8.359 62.573 87.856
1 53 12 0.5847 0.5352 0 0 5.992 65.510 88.329
1 54 3 0.6140 -0.807 0 0 6.911 67.763 91.220
1 55 11 0.8362 0.3126 0 0 3.776 69.863 91.619
1 56 12 0.8596 -0.475 0 0 3.644 73.081 93.746
1 57 3 0.8713 -0.122 0 0 0.082 74.205 94.829
1 58 18 0.8245 0.5963 0 0 0.272 77.881 95.804
1 59 0 0.6608 -0.948 0 0 -1.801 80.494 97.617
1 60 9 0.6900 0.0000 0 0 -4.359 82.432 95.839
1 61 6 0.3976 -0.508 0 0 -4.763 84.333 99.055
1 62 7 0.2105 -0.163 0 0 -3.551 87.805 98.700
1 63 7 0.0701 -0.340 0 0 -1.712 87.786 101.958
1 64 20 0.1812 -0.156 0 0 0.743 85.141 101.115
1 65 17 0.3216 -0.666 0 0 1.850 87.111 98.084
1 66 0 0.1169 -0.850 0 0 5.330 87.488 99.550
1 67 14 0.2923 0.0856 0 0 6.198 83.852 98.910
1 68 1 0.4970 0.3064 0 0 5.836 84.138 95.142
1 69 3 0.3508 -0.855 0 0 9.283 85.377 94.132
1 70 6 0.3391 -0.541 0 0 10.570 82.178 95.385
1 71 20 0.5964 0.6540 0 0 8.308 79.656 93.808
1 72 14 0.6549 0.2750 0 0 8.575 81.589 90.573
1 73 1 0.3918 -0.766 0 0 12.294 81.371 90.834
1 74 18 0.4444 -0.138 0 0 12.344 77.666 91.008
1 75 9 0.7309 0.0000 0 0 9.332 76.565 88.932
1 76 7 0.7017 -0.590 0 0 9.997 75.367 85.411
1 77 9 0.8947 0.0000 0 0 6.461 75.834 84.169
1 78 15 0.9707 -0.800 0 0 3.290 77.611 85.414
1 79 12 0.9941 0.6189 0 0 -0.295 76.365 85.277
1 80 5 0.9883 -0.675 0 0 -2.150 79.647 85.230
1 81 22 0.9766 0.3750 0 0 -5.625 79.167 86.456
1 82 15 0.8830 -0.341 0 0 -8.771 81.220 86.469
1 83 0 0.7076 -0.323 0 0 -12.405 80.485 86.938
1 84 11 0.5029 0.0886 0 0 -14.974 80.481 84.137
1 85 2 0.2807 0.0322 0 0 -17.386 82.291 86.380
1 86 2 0.3625 0.1523 0 0 -15.175 84.918 87.764
1 87 18 0.2865 -0.825 0 0 -13.845 87.728 85.602
1 88 13 0.3099 0.2847 0 0 -11.715 89.236 88.271
1 89 17 0.6023 0.4379 0 0 -9.632 86.089 88.280
1 90 15 0.6081 -0.244 0 0 -9.370 86.232 84.433
1 91 7 0.4093 -0.901 0 0 -8.179 89.777 84.986
1 92 3 0.5789 -0.382 0 0 -5.770 88.510 87.588
1 93 11 0.8128 0.5130 0 0 -3.850 85.993 85.406
1 94 10 0.5672 -0.884 0 0 -2.361 89.038 83.766
1 95 6 0.4912 -0.645 0 0 -0.699 90.214 86.852
1 96 20 0.7719 0.4502 0 0 0.461 86.655 87.588
1 97 1 0.7485 -0.107 0 0 1.962 86.353 84.095
1 98 7 0.4561 -0.569 0 0 3.866 89.663 84.406
1 99 6 0.4795 0.0467 0 0 5.426 88.692 87.705
1 100 11 0.6491 0.9867 0 0 6.612 85.363 86.377
1 101 13 0.4269 -0.132 0 0 8.260 87.231 83.493
1 102 1 0.1695 -0.939 0 0 9.964 89.690 85.711
1 103 22 0.2631 0.4357 0 0 11.192 87.073 88.095
1 104 13 0.3450 0.8019 0 0 12.257 84.832 85.283
1 105 3 0.0935 -0.788 0 0 13.552 87.650 83.186
1 106 17 0.1578 0.2677 0 0 12.165 85.877 80.152
1 107 3 0.2280 -0.728 0 0 9.390 86.123 77.568
1 108 3 0.3859 -0.525 0 0 9.388 82.488 76.883
1 109 22 0.6432 0.2267 0 0 8.407 80.627 80.024
1 110 16 0.8011 -0.591 0 0 6.296 77.620 79.869
1 111 14 0.9356 -0.241 0 0 2.700 78.298 80.899
1 112 22 0.9590 0.1322 0 0 -0.689 77.137 80.157
1 113 12 0.9415 -0.687 0 0 -3.905 79.020 80.511
1 114 22 0.9532 0.7420 0 0 -6.485 77.190 82.403
1 115 9 0.8654 0.0000 0 0 -10.109 78.188 82.566
1 116 2 0.8479 0.1972 0 0 -11.437 76.014 85.337
1 117 13 0.5555 0.0518 0 0 -15.036 75.223 86.358
1 118 5 0.4502 -0.039 0 0 -16.058 74.249 82.734
1 119 3 0.1754 0.4001 0 0 -19.068 72.713 84.577
1 120 12 0.1111 0.3349 0 0 -20.711 75.937 85.734
1 121 0 0.0233 -0.910 0 0 -23.544 77.364 83.718
1 122 0 0.0350 -0.144 0 0 -22.861 80.771 85.161
1 123 1 0.0994 0.4338 0 0 -19.861 81.178 82.900
1 124 18 0.0760 -0.020 0 0 -18.854 84.803 82.535
1 125 22 0.2046 0.8823 0 0 -15.667 84.595 80.563
1 126 7 0.1286 -0.813 0 0 -16.251 83.220 77.088
1 127 17 0.3157 -0.041 0 0 -13.803 80.791 75.708
1 128 1 0.1228 -0.503 0 0 -13.039 83.167 72.860
1 129 6 0.1637 -0.129 0 0 -11.436 85.993 74.860
1 130 0 0.5087 0.5121 0 0 -9.445 83.367 76.872
1 131 6 0.4035 -0.421 0 0 -8.344 81.732 73.551
1 132 3 0.1871 -0.858 0 0 -7.499 85.136 72.287
1 133 12 0.4152 0.4890 0 0 -5.512 86.088 75.387
1 134 0 0.5906 0.3753 0 0 -3.609 82.842 75.137
1 135 1 0.3567 -0.779 0 0 -2.594 83.361 71.462
1 136 17 0.1988 -0.060 0 0 -1.516 86.858 72.510
1 137 20 0.4853 0.5251 0 0 0.630 85.319 75.191
1 138 9 0.4385 0.0000 0 0 1.469 82.510 72.862
1 139 11 0.6959 0.7032 0 0 0.465 79.666 75.018
1 140 16 0.7543 0.1772 0 0 -2.032 76.858 75.132
1 141 20 0.7953 -0.190 0 0 -5.448 77.219 76.589
1 142 11 0.8421 0.3243 0 0 -7.275 74.378 78.249
1 143 7 0.7368 -0.659 0 0 -10.743 74.388 79.727
1 144 18 0.7836 0.8640 0 0 -11.052 72.323 82.821
1 145 17 0.6315 -0.980 0 0 -13.301 70.842 85.422
1 146 0 0.6666 0.4434 0 0 -11.860 69.600 88.715
1 147 13 0.3684 -0.827 0 0 -15.338 68.417 89.645
1 148 18 0.2573 -0.172 0 0 -15.788 66.380 86.491
1 149 1 0.4736 0.0203 0 0 -12.097 65.637 85.892
1 150 6 0.4678 -0.696 0 0 -12.536 66.813 82.311
1 151 9 0.6842 0.0000 0 0 -9.391 68.526 80.886
1 152 22 0.8304 -0.211 0 0 -7.225 68.132 83.959
1 153 7 0.7251 -0.834 0 0 -4.822 65.599 82.605
1 154 3 0.7426 -0.637 0 0 -4.788 67.691 79.367
1 155 0 0.9181 0.5749 0 0 -3.956 70.643 81.438
1 156 15 0.9239 0.4804 0 0 -1.021 69.138 83.286
1 157 20 0.7777 -0.490 0 0 0.382 67.090 80.410
1 158 18 0.8187 0.0474 0 0 0.252 70.069 78.080
1 159 12 0.9005 0.7274 0 0 2.387 71.986 80.594
1 160 22 0.7660 -0.385 0 0 4.939 69.178 80.651
1 161 1 0.5730 -0.223 0 0 4.990 69.362 76.791
1 162 7 0.6725 0.2688 0 0 5.604 73.130 76.845
1 163 11 0.6374 0.5498 0 0 8.492 72.646 79.286
1 164 1 0.3742 -0.173 0 0 10.095 69.927 77.309
1 165 6 0.2456 0.0603 0 0 9.773 71.834 74.039
1 166 10 0.3333 0.3422 0 0 11.117 74.829 75.718
1 167 13 0.1345 -0.391 0 0 14.098 72.961 77.087
1 168 12 0.0409 -0.270 0 0 14.738 71.224 73.920
1 169 1 0.0292 0.7689 0 0 15.449 74.674 72.539
1 170 13 0.0058 0.6894 0 0 19.203 73.803 72.999
1 171 12 0.0 -0.299 0 0 19.567 70.054 71.988
