1 1 14 0.0060 0.3882 0 0 -5.824 32.016 -6.717
1 2 18 0.0421 0.1374 0 0 -4.676 29.026 -4.877
1 3 7 0.2349 -0.463 0 0 -4.600 29.579 -1.118
1 4 20 0.5180 -0.256 0 0 -2.687 27.356 1.286
1 5 13 0.6686 -0.004 0 0 -3.818 27.410 4.923
1 6 12 0.8975 0.1269 0 0 -0.664 26.936 6.939
1 7 22 0.9457 -0.584 0 0 -0.382 26.793 10.758
1 8 22 0.9879 0.2121 0 0 2.849 27.165 12.869
1 9 22 0.9698 -0.319 0 0 2.606 24.933 16.012
1 10 9 0.9277 0.0000 0 0 4.995 24.285 18.951
1 11 0 0.7951 -0.471 0 0 6.077 25.074 22.550
1 12 9 0.6265 0.0000 0 0 6.387 28.568 24.046
1 13 9 0.6084 0.0000 0 0 9.489 30.521 23.111
1 14 22 0.8132 0.6180 0 0 10.715 28.233 20.241
1 15 9 0.8554 0.0000 0 0 10.699 31.000 17.494
1 16 13 0.9518 0.0845 0 0 7.241 30.340 15.834
1 17 17 0.8433 -0.617 0 0 6.587 34.087 15.460
1 18 0 0.7530 -0.326 0 0 10.140 35.198 14.620
1 19 12 0.9036 0.7083 0 0 10.066 32.529 11.870
1 20 18 0.8855 0.3150 0 0 6.785 33.852 10.558
1 21 11 0.6385 -0.399 0 0 7.862 37.512 10.642
1 22 6 0.5903 -0.343 0 0 11.238 36.897 8.954
1 23 12 0.6746 0.5803 0 0 9.143 35.353 5.990
1 24 11 0.4879 0.3966 0 0 6.470 38.154 5.779
1 25 6 0.2951 -0.014 0 0 8.366 41.206 7.083
1 26 2 0.2409 -0.677 0 0 12.008 40.396 6.549
1 27 10 0.2048 -0.187 0 0 13.474 41.070 9.988
1 28 15 0.3373 0.1459 0 0 14.356 39.449 13.277
1 29 22 0.3012 0.3765 0 0 12.299 40.184 16.319
1 30 3 0.1265 -0.690 0 0 14.783 39.988 19.224
1 31 7 0.0722 -0.359 0 0 12.130 40.481 22.043
1 32 20 0.0903 -0.202 0 0 9.702 39.090 24.452
1 33 3 0.1987 -0.045 0 0 6.308 39.109 22.772
1 34 16 0.3554 -0.851 0 0 4.075 35.996 23.471
1 35 18 0.4819 0.8673 0 0 1.288 35.261 20.993
1 36 11 0.3674 -0.992 0 0 -2.354 34.632 21.556
1 37 7 0.4939 0.0184 0 0 -3.258 34.334 17.905
1 38 3 0.5240 -0.192 0 0 -2.000 36.105 14.825
1 39 17 0.5361 -0.507 0 0 -2.867 35.762 11.140
1 40 20 0.5301 0.2887 0 0 -0.759 36.656 8.083
1 41 1 0.3855 -0.522 0 0 -1.710 36.694 4.386
1 42 13 0.3313 0.0479 0 0 0.853 37.272 1.642
1 43 6 0.0963 -0.895 0 0 0.667 36.880 -2.108
1 44 22 0.1445 0.9835 0 0 3.727 35.030 -3.181
1 45 22 0.0602 -0.981 0 0 4.952 33.105 -6.281
1 46 11 0.1686 0.9772 0 0 6.190 29.576 -5.612
1 47 3 0.0361 0.6632 0 0 7.548 27.471 -8.472
1 48 9 0.0 0.0000 0 0 5.844 29.732 -10.929
1 49 7 0.0120 0.5091 0 0 2.351 29.424 -9.389
1 50 18 0.0180 -0.786 0 0 0.622 32.532 -7.979
1 51 5 0.1144 0.7293 0 0 -0.652 31.739 -4.546
1 52 12 0.2469 -0.263 0 0 -1.634 33.267 -1.261
1 53 12 0.5542 0.4563 0 0 -0.198 32.065 1.954
1 54 3 0.5843 -0.479 0 0 -2.571 32.377 4.850
1 55 11 0.8253 0.5089 0 0 -0.467 31.686 7.985
1 56 12 0.8313 -0.544 0 0 -1.894 31.225 11.478
1 57 3 0.8734 -0.043 0 0 0.702 31.935 14.172
1 58 18 0.8373 0.5772 0 0 -0.418 30.219 17.372
1 59 0 0.6807 -0.939 0 0 0.162 30.432 21.142
1 60 9 0.7228 0.0000 0 0 2.697 27.890 22.603
1 61 12 0.4277 -0.809 0 0 1.457 27.282 26.204
1 62 7 0.2289 0.0515 0 0 -2.026 28.801 26.852
1 63 7 0.0542 -0.830 0 0 -5.505 27.925 27.872
1 64 20 0.3072 0.5217 0 0 -5.368 26.678 24.183
1 65 17 0.1807 -0.968 0 0 -6.917 23.256 24.132
1 66 0 0.1024 -0.924 0 0 -9.791 22.226 21.843
1 67 14 0.1746 -0.388 0 0 -9.442 25.993 21.175
1 68 1 0.4698 0.4060 0 0 -6.472 24.458 19.264
1 69 3 0.3433 -0.681 0 0 -8.882 21.818 17.837
1 70 6 0.2771 -0.492 0 0 -10.529 24.571 15.845
1 71 20 0.5602 0.6367 0 0 -7.393 25.882 13.958
1 72 14 0.6506 0.2788 0 0 -6.005 22.341 13.547
1 73 1 0.4036 -0.841 0 0 -9.071 21.183 11.580
1 74 18 0.4216 -0.325 0 0 -8.930 24.078 9.090
1 75 9 0.7108 0.0000 0 0 -5.156 24.010 8.559
1 76 7 0.6626 -0.611 0 0 -4.015 22.277 5.425
1 77 9 0.8674 0.0000 0 0 -0.412 21.838 6.519
1 78 15 0.9638 -0.698 0 0 1.605 22.316 9.699
1 79 12 0.9939 0.4924 0 0 5.051 23.528 10.653
1 80 5 0.9819 -0.738 0 0 5.938 21.748 13.954
1 81 22 0.9759 0.4538 0 0 8.660 23.798 15.554
1 82 15 0.8915 -0.278 0 0 11.036 23.127 18.467
1 83 0 0.7469 -0.420 0 0 14.315 24.765 19.376
1 84 11 0.5120 -0.199 0 0 17.584 22.880 19.190
1 85 2 0.3132 0.0827 0 0 18.795 24.221 22.553
1 86 2 0.3614 0.3287 0 0 15.590 23.147 24.376
1 87 18 0.2710 -0.876 0 0 15.163 19.296 24.854
1 88 13 0.3253 -0.339 0 0 11.692 19.629 26.469
1 89 17 0.6144 0.4027 0 0 10.367 21.484 23.389
1 90 15 0.6204 -0.290 0 0 11.457 18.483 21.235
1 91 7 0.4156 -0.878 0 0 9.659 15.962 23.454
1 92 3 0.5662 -0.270 0 0 6.503 18.058 23.302
1 93 11 0.7891 0.7051 0 0 6.547 17.713 19.461
1 94 10 0.5481 -0.819 0 0 4.868 14.320 19.824
1 95 6 0.5060 -0.749 0 0 1.918 16.025 21.648
1 96 20 0.7831 0.3975 0 0 1.196 18.361 18.788
1 97 1 0.7349 -0.194 0 0 1.549 15.545 16.185
1 98 7 0.4337 -0.582 0 0 -1.084 13.259 17.857
1 99 6 0.4518 0.0595 0 0 -3.541 15.995 18.504
1 100 11 0.6325 0.9719 0 0 -3.195 17.076 14.811
1 101 13 0.4096 -0.100 0 0 -3.860 13.421 13.782
1 102 1 0.1385 -0.205 0 0 -6.880 13.068 16.060
1 103 22 0.2228 0.6917 0 0 -8.740 16.098 14.771
1 104 13 0.2891 0.7680 0 0 -7.895 15.587 11.073
1 105 3 0.0481 -0.724 0 0 -8.941 11.905 11.164
1 106 17 0.1325 0.2806 0 0 -5.689 11.222 9.337
1 107 3 0.1927 -0.807 0 0 -2.256 9.696 9.702
1 108 3 0.3493 -0.713 0 0 -0.983 11.445 6.555
1 109 22 0.5722 0.4150 0 0 -1.451 15.161 7.171
1 110 16 0.7590 -0.610 0 0 0.958 17.695 5.411
1 111 14 0.9096 -0.050 0 0 3.626 18.490 8.067
1 112 22 0.9397 0.2393 0 0 7.320 19.452 8.466
1 113 12 0.9337 -0.687 0 0 9.456 19.246 11.568
1 114 22 0.9578 0.7358 0 0 11.459 22.417 11.975
1 115 9 0.8614 0.0000 0 0 14.417 22.595 14.345
1 116 2 0.8493 0.3094 0 0 14.901 26.337 14.946
1 117 13 0.5963 0.1726 0 0 17.727 28.444 16.526
1 118 5 0.4457 0.3232 0 0 20.506 26.618 14.675
1 119 3 0.2168 0.4015 0 0 22.719 29.708 14.855
1 120 12 0.1084 0.3757 0 0 23.150 29.021 18.631
1 121 0 0.0240 -0.889 0 0 26.099 26.995 19.882
1 122 0 0.0301 0.0000 0 0 24.414 25.349 22.813
1 123 1 0.0843 0.4421 0 0 22.619 22.530 21.104
1 124 18 0.0662 0.1068 0 0 21.037 19.846 23.271
1 125 22 0.2530 0.8994 0 0 18.975 18.143 20.522
1 126 7 0.1204 -0.947 0 0 21.330 16.375 18.004
1 127 17 0.2590 -0.078 0 0 20.334 16.491 14.327
1 128 1 0.0783 -0.764 0 0 20.399 12.692 14.188
1 129 6 0.1506 -0.092 0 0 17.718 12.434 16.934
1 130 0 0.4759 0.6077 0 0 15.355 14.693 15.099
1 131 6 0.3734 -0.050 0 0 16.174 13.152 11.671
1 132 3 0.1626 -0.808 0 0 15.153 9.756 12.891
1 133 12 0.3975 0.5269 0 0 11.990 11.130 14.566
1 134 0 0.5783 0.4863 0 0 10.907 12.918 11.433
1 135 1 0.3192 -0.909 0 0 11.583 9.708 9.406
1 136 17 0.1867 0.1871 0 0 9.330 7.651 11.835
1 137 20 0.4397 0.5821 0 0 6.478 10.183 11.225
1 138 9 0.3795 0.0000 0 0 6.766 10.155 7.269
1 139 11 0.6566 0.6032 0 0 7.912 13.838 7.472
1 140 16 0.6987 0.2167 0 0 10.729 16.175 6.226
1 141 20 0.7771 -0.081 0 0 13.180 17.604 8.881
1 142 11 0.8072 0.3376 0 0 14.578 21.034 8.240
1 143 7 0.7650 -0.730 0 0 16.733 23.213 10.564
1 144 18 0.8012 0.9671 0 0 16.132 26.988 10.639
1 145 17 0.6445 -0.982 0 0 17.335 30.255 12.233
1 146 0 0.6927 0.4458 0 0 14.874 33.160 12.373
1 147 13 0.3915 -0.775 0 0 17.986 35.079 13.343
1 148 18 0.2650 -0.211 0 0 20.060 34.536 10.191
1 149 1 0.4638 0.0008 0 0 17.056 33.626 7.891
1 150 6 0.4578 -0.431 0 0 18.875 30.295 7.336
1 151 9 0.6867 0.0000 0 0 16.276 27.836 6.134
1 152 22 0.8192 -0.336 0 0 13.080 29.899 6.727
1 153 7 0.7168 -0.897 0 0 11.663 30.009 3.036
1 154 3 0.7289 -0.526 0 0 12.897 26.441 2.758
1 155 0 0.9216 0.6839 0 0 10.852 25.192 5.751
1 156 15 0.9156 0.5020 0 0 7.759 27.145 4.462
1 157 20 0.7409 -0.526 0 0 8.040 26.195 0.702
1 158 18 0.7710 0.1580 0 0 8.705 22.599 1.587
1 159 12 0.8795 0.7832 0 0 5.392 22.587 3.470
1 160 22 0.7048 -0.330 0 0 3.475 24.174 0.506
1 161 1 0.5 -0.126 0 0 4.876 21.333 -1.786
1 162 7 0.6024 0.3806 0 0 3.745 18.688 0.777
1 163 11 0.5421 0.5570 0 0 0.202 20.059 0.489
1 164 1 0.2831 0.0145 0 0 0.571 19.942 -3.323
1 165 6 0.1566 0.2302 0 0 1.705 16.283 -3.291
1 166 10 0.2108 0.2469 0 0 -1.089 15.233 -0.850
