1 1 14 0.0060 0.1167 0 0 -5.807 31.891 -6.785
1 2 18 0.0421 -0.202 0 0 -4.720 28.878 -4.811
1 3 7 0.2349 -0.522 0 0 -4.587 29.690 -1.109
1 4 20 0.5301 -0.310 0 0 -2.582 27.533 1.307
1 5 13 0.6686 0.1067 0 0 -3.743 27.666 4.967
1 6 12 0.8975 -0.072 0 0 -0.607 27.041 6.913
1 7 22 0.9457 -0.597 0 0 -0.486 26.679 10.693
1 8 22 0.9879 -0.043 0 0 2.664 27.133 12.852
1 9 22 0.9698 0.1267 0 0 2.525 25.080 16.109
1 10 9 0.9277 0.0373 0 0 5.029 24.189 18.836
1 11 0 0.7951 0.3596 0 0 5.977 24.837 22.460
1 12 16 0.6265 -0.581 0 0 6.174 28.375 24.039
1 13 9 0.6084 0.4143 0 0 9.278 30.351 23.002
1 14 22 0.8192 0.5192 0 0 10.627 28.081 20.246
1 15 9 0.8614 -0.114 0 0 10.462 30.836 17.530
1 16 13 0.9518 -0.108 0 0 7.092 30.307 15.787
1 17 17 0.8433 -0.442 0 0 6.584 34.079 15.453
1 18 0 0.7710 0.1475 0 0 10.141 34.940 14.639
1 19 12 0.9036 0.6957 0 0 10.052 32.427 11.758
1 20 18 0.8734 0.6178 0 0 6.776 33.833 10.468
1 21 11 0.6506 -0.218 0 0 7.843 37.481 10.682
1 22 6 0.6024 -0.347 0 0 11.122 36.682 8.956
1 23 12 0.6867 0.6999 0 0 9.094 35.233 6.069
1 24 11 0.5 0.5532 0 0 6.504 38.021 5.819
1 25 6 0.2951 0.1591 0 0 8.359 41.123 7.005
1 26 2 0.2469 -0.684 0 0 12.053 40.314 6.558
1 27 10 0.2048 -0.035 0 0 13.369 41.127 10.056
1 28 15 0.3373 0.0521 0 0 14.378 39.185 13.116
1 29 22 0.3192 0.8050 0 0 12.205 39.956 16.175
1 30 3 0.1265 -0.740 0 0 14.679 39.902 19.042
1 31 7 0.0722 -0.130 0 0 12.254 40.581 21.934
1 32 20 0.0963 -0.209 0 0 9.957 38.771 24.323
1 33 3 0.1867 0.1107 0 0 6.391 39.106 22.927
1 34 16 0.3493 -0.857 0 0 4.091 36.106 23.573
1 35 18 0.4759 0.8803 0 0 1.426 35.291 21.012
1 36 11 0.3554 -0.931 0 0 -2.261 34.859 21.631
1 37 7 0.4879 -0.245 0 0 -3.159 34.412 17.971
1 38 3 0.5120 -0.081 0 0 -1.975 36.238 14.806
1 39 17 0.5421 -0.969 0 0 -2.683 35.725 11.089
1 40 20 0.5180 0.3479 0 0 -0.645 36.851 8.102
1 41 1 0.3975 -0.532 0 0 -1.755 36.729 4.471
1 42 13 0.3253 -0.165 0 0 0.783 37.304 1.677
1 43 6 0.1024 -0.877 0 0 0.712 36.839 -2.081
1 44 22 0.1566 0.9827 0 0 3.839 34.929 -3.294
1 45 22 0.0602 -0.876 0 0 5.009 33.011 -6.331
1 46 11 0.1746 0.9092 0 0 6.317 29.507 -5.497
1 47 3 0.0361 0.7717 0 0 7.726 27.404 -8.357
1 48 9 0.0 0.7618 0 0 5.978 29.582 -10.845
1 49 7 0.0240 0.5615 0 0 2.492 29.285 -9.216
1 50 18 0.0180 -0.979 0 0 0.885 32.518 -8.011
1 51 5 0.1084 0.5687 0 0 -0.595 31.823 -4.581
1 52 12 0.2530 -0.402 0 0 -1.606 33.220 -1.266
1 53 12 0.5602 0.3050 0 0 -0.119 32.008 2.000
1 54 3 0.5783 -0.521 0 0 -2.673 32.372 4.797
1 55 11 0.8253 0.2810 0 0 -0.541 31.703 7.933
1 56 12 0.8313 -0.399 0 0 -1.838 31.267 11.451
1 57 3 0.8855 -0.220 0 0 0.760 31.875 14.135
1 58 18 0.8373 0.8156 0 0 -0.403 30.197 17.352
1 59 0 0.6746 -0.441 0 0 0.229 30.458 21.106
1 60 9 0.7228 0.0057 0 0 2.257 27.572 22.609
1 61 6 0.4036 -0.492 0 0 0.346 27.745 26.053
1 62 7 0.1325 -0.417 0 0 -2.375 26.025 28.195
1 63 7 0.0481 -0.441 0 0 -6.005 27.485 27.724
1 64 20 0.2650 0.1734 0 0 -5.846 26.765 24.069
1 65 17 0.1987 -0.370 0 0 -6.466 22.936 24.311
1 66 0 0.0903 -0.579 0 0 -9.851 22.953 22.392
1 67 14 0.2108 0.0625 0 0 -9.190 26.390 20.895
1 68 1 0.4698 0.3435 0 0 -6.458 24.304 19.174
1 69 3 0.3433 -0.635 0 0 -8.937 21.849 17.614
1 70 6 0.2771 -0.685 0 0 -10.462 24.722 15.838
1 71 20 0.5542 0.6144 0 0 -7.430 25.878 13.922
1 72 14 0.6445 0.2627 0 0 -6.127 22.315 13.435
1 73 1 0.3795 -0.743 0 0 -9.395 21.378 11.682
1 74 18 0.4216 -0.105 0 0 -9.107 24.058 8.980
1 75 9 0.6987 -0.467 0 0 -5.303 24.099 8.510
1 76 7 0.6626 -0.563 0 0 -4.004 22.363 5.393
1 77 9 0.8674 -0.293 0 0 -0.322 22.085 6.406
1 78 15 0.9638 -0.774 0 0 1.493 22.442 9.745
1 79 12 0.9939 0.4495 0 0 4.981 23.594 10.600
1 80 5 0.9819 -0.476 0 0 5.866 21.734 13.753
1 81 22 0.9759 0.6345 0 0 8.533 23.792 15.454
1 82 15 0.8915 -0.269 0 0 10.946 22.987 18.327
1 83 0 0.7469 -0.105 0 0 14.204 24.752 19.334
1 84 11 0.5240 -0.013 0 0 17.480 22.886 19.105
1 85 2 0.3132 0.1387 0 0 18.596 24.104 22.541
1 86 2 0.3734 0.2835 0 0 15.391 23.029 24.276
1 87 18 0.3012 -0.900 0 0 14.852 19.302 24.780
1 88 13 0.3313 -0.322 0 0 11.366 19.576 26.358
1 89 17 0.6144 0.0837 0 0 10.172 21.426 23.221
1 90 15 0.6204 -0.320 0 0 11.498 18.558 21.077
1 91 7 0.4277 -0.798 0 0 9.642 16.086 23.373
1 92 3 0.5662 -0.257 0 0 6.464 18.168 23.131
1 93 11 0.7891 0.5704 0 0 6.390 17.677 19.342
1 94 10 0.5481 -0.957 0 0 4.707 14.306 19.804
1 95 6 0.4939 0.2932 0 0 1.713 15.799 21.616
1 96 20 0.7771 0.3716 0 0 1.142 18.363 18.878
1 97 1 0.7349 -0.082 0 0 1.287 15.760 16.134
1 98 7 0.4337 -0.501 0 0 -1.088 13.325 17.946
1 99 6 0.4518 0.1045 0 0 -3.501 16.219 18.418
1 100 11 0.6325 0.9823 0 0 -3.338 17.136 14.690
1 101 13 0.4156 -0.056 0 0 -3.948 13.535 13.670
1 102 1 0.1506 -0.156 0 0 -6.990 13.166 15.918
1 103 22 0.2289 0.8388 0 0 -8.756 16.278 14.746
1 104 13 0.2710 0.6853 0 0 -7.983 15.573 11.073
1 105 3 0.0542 -0.556 0 0 -8.803 11.834 11.407
1 106 17 0.1445 0.5931 0 0 -5.645 11.264 9.445
1 107 3 0.1927 -0.908 0 0 -2.345 9.626 9.785
1 108 3 0.3614 -0.872 0 0 -0.722 11.622 6.988
1 109 22 0.5843 0.3062 0 0 -1.368 15.347 7.230
1 110 16 0.7590 -0.541 0 0 1.050 17.674 5.337
1 111 14 0.9096 -0.206 0 0 3.655 18.554 7.962
1 112 22 0.9397 0.3029 0 0 7.292 19.639 8.269
1 113 12 0.9337 -0.785 0 0 9.395 19.213 11.419
1 114 22 0.9578 0.9249 0 0 11.470 22.334 12.025
1 115 9 0.8554 0.4200 0 0 14.418 22.470 14.397
1 116 2 0.8493 0.3338 0 0 14.794 26.223 14.972
1 117 13 0.5963 0.1432 0 0 17.563 28.421 16.512
1 118 5 0.4457 0.5977 0 0 20.315 26.494 14.697
1 119 3 0.2228 0.5032 0 0 22.541 29.615 14.917
1 120 12 0.1144 0.6046 0 0 22.975 28.899 18.695
1 121 0 0.0120 -0.336 0 0 26.149 26.958 19.677
1 122 0 0.0301 0.1495 0 0 24.592 25.170 22.721
1 123 1 0.0843 0.5081 0 0 22.428 22.477 21.158
1 124 18 0.0662 0.4878 0 0 20.826 19.890 23.331
1 125 22 0.2409 0.9051 0 0 18.970 18.124 20.443
1 126 7 0.1204 -0.948 0 0 21.169 16.415 17.884
1 127 17 0.2831 -0.321 0 0 20.201 16.635 14.222
1 128 1 0.0783 -0.680 0 0 20.366 12.801 14.090
1 129 6 0.1626 -0.127 0 0 17.681 12.545 16.781
1 130 0 0.4819 -0.244 0 0 15.371 14.908 14.966
1 131 6 0.3915 -0.029 0 0 16.076 13.255 11.687
1 132 3 0.1686 -0.763 0 0 15.045 9.776 12.952
1 133 12 0.4096 0.5508 0 0 11.910 11.214 14.521
1 134 0 0.5722 0.0830 0 0 10.912 12.887 11.207
1 135 1 0.3072 -0.603 0 0 11.598 9.752 9.213
1 136 17 0.1807 0.5212 0 0 9.534 7.732 11.732
1 137 20 0.4397 0.5201 0 0 6.748 10.232 10.960
1 138 9 0.3674 0.0174 0 0 7.374 10.088 7.210
1 139 11 0.6566 0.5709 0 0 7.750 13.920 7.102
1 140 16 0.7108 0.1813 0 0 10.713 16.234 6.127
1 141 20 0.7831 -0.133 0 0 13.054 17.696 8.802
1 142 11 0.8132 0.4112 0 0 14.462 21.208 8.247
1 143 7 0.7530 -0.754 0 0 16.746 23.214 10.535
1 144 18 0.8012 0.9802 0 0 16.219 26.960 10.583
1 145 17 0.6385 -0.993 0 0 17.389 30.148 12.196
1 146 0 0.6927 0.5923 0 0 14.950 33.058 12.233
1 147 13 0.3855 -0.788 0 0 18.004 35.102 13.291
1 148 18 0.2590 0.1621 0 0 20.135 34.493 10.181
1 149 1 0.4578 0.0710 0 0 17.142 33.618 7.911
1 150 6 0.4638 -0.399 0 0 18.774 30.204 7.271
1 151 9 0.6807 -0.895 0 0 16.211 27.685 6.072
1 152 22 0.8072 -0.376 0 0 13.158 29.939 6.630
1 153 7 0.7168 -0.887 0 0 11.811 29.997 3.021
1 154 3 0.7289 -0.504 0 0 12.886 26.437 2.656
1 155 0 0.9156 -0.147 0 0 10.755 25.375 5.678
1 156 15 0.9216 0.5068 0 0 7.582 27.148 4.464
1 157 20 0.7409 -0.433 0 0 7.995 26.295 0.738
1 158 18 0.7650 0.1315 0 0 8.653 22.634 1.493
1 159 12 0.8795 0.8599 0 0 5.370 22.614 3.466
1 160 22 0.7048 -0.055 0 0 3.483 24.132 0.451
1 161 1 0.5060 -0.018 0 0 5.035 21.435 -1.746
1 162 7 0.5903 0.3658 0 0 3.875 18.767 0.725
1 163 11 0.5361 0.6858 0 0 0.310 20.110 0.508
1 164 1 0.2891 0.0928 0 0 0.580 20.186 -3.300
1 165 6 0.1385 -0.364 0 0 1.153 16.454 -3.559
1 166 10 0.2168 0.3304 0 0 -1.102 15.223 -0.809
